0 0 1 
1 0 0 
0 1 0 
0.566806 0.582551 0.582551 
0.801524 0 0.597962 
0.801524 0.597962 0 
0 0.583636 0.812015 
0.183262 0.873968 0.450106 
0.438892 0.192015 0.877784 
0.446304 0.892607 0.0637577 
0.904534 0.301511 0.301511 
0.64039 0.715599 0.278961 
0.325935 0.503718 0.800022 
0.681016 0.292442 0.671338 
0.0983392 0.30731 0.946515 
0.951057 1.89218e-017 0.309017 
0.951057 0.309017 0 
0.209287 0.960259 0.184665 
0.437397 0.779674 0.448097 
0.199736 0.715599 0.669346 
0.268799 0 0.963196 
0.612173 0 0.790724 
0.760902 0.502195 0.410887 
0 0.951057 0.309017 
0 0.809017 0.587785 
0.640184 0.768221 0 
0.834219 0.21209 0.509015 
0.853378 0.485983 0.188588 
0.50696 0.382018 0.772693 
0.976441 0.154415 0.150728 
0.391541 0.880968 0.265689 
0.387477 0.644842 0.658817 
0.291499 0.331908 0.897143 
0.268799 0.963196 0 
0.149112 0.474448 0.867562 
0.452094 0 0.89197 
0.140688 0.130841 0.98137 
0.688401 0.451005 0.568065 
0.753406 0.635638 0.168357 
0.600039 0.179055 0.779674 
0.644842 0.62902 0.434181 
0.56714 0.809017 0.154416 
0.885456 0.0560162 0.461335 
0.295592 0.783318 0.546844 
0.721816 0.123283 0.681016 
0.886531 0.461995 0.0249727 
0.0520252 0.985726 0.160117 
0.827916 0.354605 0.434524 
0.292715 0.165447 0.941778 
0.0261802 0.706864 0.706864 
0.15266 0.607163 0.779775 
0 0.422885 0.906183 
0.926175 0.345718 0.150598 
0.464723 0.520458 0.716349 
0.987763 0 0.155963 
0.926175 0.150598 0.345718 
0 0.89197 0.452094 
1.17644e-017 0.192127 0.98137 
0.517059 0.797749 0.310236 
0.987763 0.155963 0 
0.257937 0.909567 0.325815 
0.728463 0.607163 0.317326 
0.140666 0.809017 0.570705 
0.137417 0.989506 0.0446496 
0.587785 0.459574 0.665808 
0.475169 0.688401 0.548013 
0.764316 0.326909 0.555834 
0.84173 0.435377 0.319277 
0.331561 0.935016 0.125745 
0.127432 0.930257 0.344068 
0.553257 0.722308 0.414943 
0.276476 0.626185 0.729008 
0.419251 0.320363 0.849468 
0.132833 0 0.991138 
0.321582 0.847942 0.421401 
0.525177 0.0965139 0.845502 
0.668329 0.732269 0.130841 
0.707107 0 0.707107 
0.540123 0.841586 0 
0.761306 0.215784 0.611433 
0.207836 0.25878 0.943312 
0.522013 0.261007 0.812021 
0.87925 0.251214 0.404734 
0.726232 0.687327 0.0129684 
0.378626 0.0883461 0.921324 
0.467291 0.865862 0.17867 
0.809017 0.112929 0.576835 
0.257008 0.436984 0.86197 
0.657697 0.548081 0.516762 
0.964876 0.0931573 0.245636 
0.595538 0.309017 0.741514 
0.83647 0.54019 0.0922618 
0.963603 0.249823 0.0951707 
0.94546 0.2172 0.242753 
0.177943 0.377095 0.90892 
0.41659 0.443192 0.793747 
0.76382 0.424734 0.485983 
0.801313 0.52764 0.281945 
0.377095 0.722115 0.579957 
0.299631 0.926175 0.228958 
0.410193 0.83647 0.3634 
0.120386 0.963087 0.240772 
0.373205 0.569649 0.732269 
0.563326 0.657213 0.500734 
0.0489287 0.504593 0.86197 
0.890152 0.38776 0.239316 
0.478603 0.595917 0.644842 
0.993798 0.0732272 0.0836882 
0.223161 0.52764 0.819631 
0.354605 0.245636 0.902174 
0.0853503 0.86197 0.499724 
0.299544 0.703927 0.644019 
0.0777271 0.764316 0.640141 
0.365288 0.930895 0 
0.658288 0.0799306 0.748511 
0.0410262 0.0923089 0.994885 
0.658817 0.387477 0.644842 
0.885456 0.154245 0.438379 
0 0.323144 0.94635 
0.123283 0.681016 0.721816 
0.34989 0.394944 0.849468 
0.669346 0.199736 0.715599 
0.893346 0.433536 0.118237 
0.223764 0.970942 0.0848625 
0.223764 0.0848625 0.970942 
0.0965139 0.214777 0.971883 
0.0884832 0.399365 0.912512 
0.923046 0.381526 0.0492291 
0.626557 0.687684 0.366765 
0.926175 0.0634866 0.371712 
0.354605 0 0.935016 
0.706341 0.662194 0.250162 
0.137486 0.98137 0.134203 
0.520109 0.849468 0.088832 
0 0.996053 0.0887572 
0.804655 0.56467 0.183518 
0.769007 0.634094 0.0809481 
0.0668272 0.628176 0.775196 
0.087526 0.902641 0.421401 
0.540123 0 0.841586 
0.570705 0.785508 0.239316 
0.254674 0.83647 0.485241 
0.850798 0 0.525493 
0.228664 0.764316 0.602938 
0.715599 0.574864 0.3968 
0.531924 0.52764 0.662308 
0.607163 0.790868 0.0766878 
0.626185 0.502767 0.595917 
0.809017 0.430417 0.400291 
0.192127 0.940394 0.280619 
0.339547 0.877163 0.339547 
0.377095 0.774717 0.507555 
0.719262 0.49647 0.485983 
0.757245 0.05314 0.650965 
0.120537 0.544017 0.830371 
0.516184 0.181362 0.837055 
0.865988 0.35259 0.354605 
0.52764 0.448213 0.721596 
0.212704 0.168357 0.962503 
0.59739 0.382942 0.704614 
0.81754 0.291979 0.496364 
0 0.973274 0.229649 
0.451219 0.111216 0.885456 
0.471717 0.843374 0.2573 
0.926175 0.305076 0.221651 
0.595138 0.0946811 0.798026 
0.393664 0.903706 0.168357 
0.852924 0.124545 0.50696 
0.494124 0.725744 0.478682 
0.632717 0.747757 0.201319 
0.579548 0.748511 0.322267 
0.847219 0.531093 0.0126451 
0.300921 0.072221 0.95091 
0.371712 0.168357 0.912955 
0.913761 0.22844 0.335941 
0.764316 0.597237 0.243167 
0.251214 0.87925 0.404734 
0.972628 0.0110526 0.232104 
0.972628 0.232104 0.0110526 
0.982765 0.0781745 0.167517 
0.996938 0.0781912 0 
0.201611 0.648036 0.73444 
0.485983 0.783448 0.387335 
0.98137 0.17614 0.0767286 
0 0.756535 0.653954 
0.0273148 0.926175 0.376104 
0.28226 0.25006 0.926175 
0.718584 0.382225 0.580983 
0.285946 0.563243 0.775237 
0.952085 0.250549 0.175384 
0.678975 0.732228 0.0532529 
0 0.850798 0.525493 
0.443192 0.656425 0.610481 
0.0781912 0.996938 0 
0.912818 0 0.408366 
0.732269 0.286981 0.617596 
0.0379583 0.259951 0.964876 
0 0.653954 0.756535 
0.766592 0.541124 0.345718 
0.0684726 0.822984 0.563923 
0.213893 0.812794 0.541863 
0.996938 0 0.0781912 
0.0732272 0.993798 0.0836882 
0.192127 0.90892 0.37007 
0.072221 0.95091 0.300921 
0.154608 0.758984 0.632487 
0.50696 0.631193 0.587015 
0.400577 0.50696 0.763236 
0.943951 0.318737 0.0858137 
0.486664 0.324443 0.811107 
0.678246 0.663174 0.316515 
0.619512 0.607163 0.497553 
0.461141 0.256424 0.849468 
0.721816 0.681016 0.123283 
0.192127 0.98137 0 
0.766406 0.139347 0.62706 
0.843374 0.471717 0.2573 
0.376104 0.923742 0.0724348 
0.685498 0.702267 0.192127 
0.0677277 0.0256857 0.997373 
0.715017 0.215784 0.664972 
0.583584 0.248023 0.773249 
0.30326 0.951057 0.0593704 
0.804655 0.183518 0.56467 
0.794578 0.255859 0.55062 
0.262707 0.954751 0.139414 
0.79237 0.358809 0.493362 
0.443192 0.377755 0.812947 
0.377755 0.812947 0.443192 
0.35587 0.330962 0.873968 
0.0597002 0.157417 0.985726 
0.481445 0.876476 0 
0.226647 0.319972 0.919918 
0.948558 0.0724348 0.308205 
0.222048 0.585493 0.779674 
0.155928 0.0634866 0.985726 
0.426442 0.732269 0.530971 
0.840216 0.0656419 0.538264 
0.42687 0.587785 0.687234 
0.250271 0.677203 0.691925 
0.324443 0.811107 0.486664 
0.150876 0.849468 0.505609 
0.639831 0.262707 0.72222 
0.681016 0.570931 0.458536 
0.520869 0.830574 0.197085 
0.204384 0 0.978891 
0.467202 0.464723 0.752166 
0.594441 0.670985 0.443192 
0.678209 0.63074 0.377095 
0.885456 0.426055 0.185594 
0.333028 0.63578 0.696331 
0.797143 0.590985 0.123695 
0.949703 0.149953 0.274914 
0.801247 0.485983 0.349032 
0.243313 0.377095 0.893643 
0.487179 0.0512821 0.871795 
0.144489 0.259951 0.954751 
0.869888 0.485983 0.0843501 
0.6475 0.143091 0.748511 
0.120537 0.72693 0.67605 
0.660281 0.0129467 0.750907 
0.318049 0.903925 0.285946 
0.63578 0.333028 0.696331 
0.619614 0.771493 0.144489 
0.964876 0.154416 0.212535 
0.0892857 0.456065 0.885456 
0.422885 0.906183 0 
0.298142 0.745356 0.596285 
0.864596 0.215784 0.453775 
0.0596127 0.568065 0.820822 
0.539753 0.317451 0.779674 
0.155535 0.191428 0.969105 
0.562104 0.144489 0.814348 
0.464723 0.820087 0.333901 
0.899712 0.192127 0.391924 
0.210001 0.476002 0.854003 
0.311307 0.451005 0.83647 
0.589647 0.80756 0.0128184 
0.641482 0.443192 0.626164 
0.164793 0.313987 0.935016 
0.698921 0.345545 0.626185 
0.902641 0.0965139 0.419434 
0.471862 0.873968 0.116303 
0.406511 0.266325 0.873968 
0.249439 0.932115 0.262568 
0.357967 0.906874 0.222348 
0.849468 0.289153 0.441355 
0.88339 0.364574 0.294463 
0.578501 0.52764 0.622039 
0.806892 0.587785 0.058601 
0.712196 0.0671883 0.698758 
0.822984 0.520797 0.226865 
0.56297 0.0523693 0.824816 
0.0512365 0.350884 0.935016 
0.794578 0.0585996 0.604328 
0.99155 0.120537 0.0479611 
0.407004 0.0370004 0.912677 
0.145622 0.900208 0.410389 
0.0576505 0.968529 0.242132 
0.88339 0.294463 0.364574 
0.612521 0.569649 0.548013 
0.764316 0.644842 0 
0.125161 0.355718 0.926175 
0.362333 0.690367 0.626185 
0.329488 0.120537 0.936434 
0.4215 0.852553 0.309017 
0.681016 0.498687 0.536217 
0 0.132833 0.991138 
0.430473 0.874831 0.222179 
0.109394 0.976441 0.185999 
0.735594 0.413772 0.536371 
0.912818 0.408366 0 
0.550533 0.397607 0.734044 
0.543305 0.698535 0.46569 
0.554682 0.626107 0.548013 
0.0671156 0.671156 0.738272 
0.262707 0.489153 0.831693 
0.504774 0.749512 0.428293 
0.530971 0.570931 0.626185 
0.41781 0.900903 0.117509 
0.884385 0 0.466759 
0.0969031 0.0969031 0.990565 
0.295071 0.386152 0.873968 
0.773972 0.455278 0.440102 
0 0.481445 0.876476 
0.924588 0.251738 0.285946 
0.136954 0.4215 0.896427 
0.840554 0.522103 0.144489 
0.0391555 0.998466 0.0391555 
0.998466 0.0391555 0.0391555 
0.958687 0.280591 0.0467652 
0.916792 0.385337 0.104916 
0.748511 0 0.663123 
0.173616 0.958246 0.227206 
0.168075 0.563243 0.809017 
0.206392 0.426543 0.880604 
0.970942 0.203291 0.126273 
0.17012 0.98137 0.0892857 
0.120537 0.879 0.461335 
0.256329 0.126729 0.958246 
0 0.989533 0.144307 
0.840508 0.399365 0.366134 
0.563923 0.822984 0.0684726 
0.53115 0.769503 0.354605 
0.242753 0.2172 0.94546 
0.291003 0.885456 0.362333 
0.725372 0.685073 0.067164 
0.323093 0.587785 0.7417 
0.764316 0.570979 0.299673 
0 0.0575965 0.99834 
0.0560162 0.885456 0.461335 
0.912988 0.354605 0.201762 
0.485792 0.144963 0.86197 
0.522103 0.840554 0.144489 
3.23086e-017 0.52764 0.849468 
0.318049 0.285946 0.903925 
0.0483134 0.79365 0.606453 
0.326526 0.927332 0.182854 
0.681016 0.732269 0 
0.801247 0.399365 0.445546 
0.857216 0.325099 0.399365 
0.986335 0.110824 0.121907 
0.368062 0.458281 0.809017 
0.554682 0.215784 0.803595 
0.948076 0.286918 0.137222 
0.725225 0.526907 0.443192 
0.604118 0.751464 0.265223 
0.934356 0.194658 0.298475 
0.62965 0.215784 0.746309 
0.622203 0.0529534 0.781063 
0.864227 0.42503 0.269186 
0.432981 0.80624 0.40312 
0.345718 0.541124 0.766592 
0.255405 0.944997 0.204324 
0.249946 0.720432 0.646919 
0.32969 0.197814 0.923133 
0.0813711 0.926175 0.368211 
0.545148 0.482845 0.685328 
0.20018 0.970942 0.131148 
0.526907 0.809017 0.260501 
0.644842 0.758743 0.0921281 
0.618836 0.417714 0.665249 
0.514496 0.685994 0.514496 
0.168357 0.520109 0.837343 
0.472198 0.559684 0.681016 
0.40628 0.131058 0.904301 
0.991067 0.0421731 0.126519 
0.359331 0.849468 0.386374 
0.686003 0.140001 0.714003 
0.137222 0.948076 0.286918 
0.879 0.10673 0.464723 
0.377579 0.607878 0.698511 
0.900105 0.431036 0.0633877 
0.468706 0.415238 0.779674 
0.739053 0.637614 0.217368 
0.393083 0.363966 0.844402 
0.354605 0.756444 0.549589 
0.0657275 0.732269 0.677837 
0.108927 0.585481 0.803335 
0.397521 0.219322 0.890996 
0.563301 0.34989 0.748511 
0.681016 0.243046 0.690758 
0.618501 0.715599 0.324614 
0.120537 0.640141 0.758743 
0.962646 0.0463926 0.266757 
0.963558 0.195151 0.182954 
0.935016 0.0171322 0.354191 
0.00911202 0.376985 0.926175 
0.0465628 0.210701 0.976441 
0.50696 0.860963 0.0416447 
0.421401 0.55062 0.720582 
0.114808 0.78624 0.607163 
0.158696 0.970942 0.17913 
0.496139 0 0.868243 
0.0376592 0.451911 0.891268 
0.421401 0.693138 0.584791 
0.277011 0.852553 0.443192 
0.715599 0.463199 0.522843 
0.681016 0.415976 0.602645 
0.595851 0.779775 0.192127 
0.658914 0.715599 0.231841 
0.738053 0.17032 0.652893 
0.906874 0.390291 0.158908 
0.906874 0.334836 0.255859 
0.861493 0.168357 0.479047 
0.833012 0.166602 0.527574 
0.587785 0.716349 0.375969 
0.434749 0.62107 0.652124 
0.935016 0.354501 0.00856858 
0.764375 0.264591 0.587981 
0.257813 0.0504731 0.964876 
0.190726 0.120537 0.974215 
0.451597 0.748511 0.485584 
0.253091 0.966347 0.0460165 
0.732269 0.62435 0.271974 
0.352039 0.0485571 0.934725 
0.170595 0.68238 0.710813 
0.308927 0.0241637 0.950779 
0.110507 0.0481381 0.992709 
0.974884 0.0566793 0.215381 
0.872817 0.464723 0.149073 
0.331734 0.670985 0.663123 
0.399365 0.406315 0.821837 
0.0974005 0.497515 0.86197 
0.907172 0.144489 0.395174 
0.794578 0.556642 0.242479 
0.19897 0.849468 0.488687 
0.822984 0.482553 0.299734 
0.0372276 0.905872 0.421913 
0.107794 0.8354 0.538968 
0.182854 0.927332 0.326526 
0.0446496 0.305774 0.951057 
0.681016 0.602645 0.415976 
0.69525 0.712258 0.0965139 
0.563243 0.775237 0.285946 
0.0483134 0.848476 0.527024 
0.0965139 0.261481 0.960371 
0.499854 0.487918 0.715599 
0.260501 0.809017 0.526907 
0.187624 0.794578 0.577446 
0.732269 0.330962 0.595186 
0.443192 0.0649325 0.894072 
0.496866 0.227139 0.837575 
0.277676 0.526122 0.803798 
0.866138 0.447039 0.22352 
0.31273 0.949772 0.0115826 
0.192127 0.980224 0.0474133 
0.749834 0.370716 0.548013 
0.205076 0.888662 0.410152 
0.823769 0.0257428 0.566341 
0.254316 0.782704 0.568065 
0.98137 0.189384 0.0323459 
0.568065 0.434239 0.699098 
0.905815 0.0438142 0.421401 
0.721816 0.671295 0.168357 
0.77399 0.0939794 0.626185 
0.0252257 0.870286 0.491901 
0.119551 0.989014 0.0869463 
0.269484 0.296432 0.916246 
0.105288 0.160708 0.98137 
0.235147 0.62003 0.748511 
0.374345 0.919422 0.120537 
0.643148 0.764316 0.046709 
0.379818 0.871921 0.309017 
0.0877691 0.987403 0.131654 
0.863945 0.0785405 0.497423 
0.941015 0.257812 0.219141 
0.626107 0.663123 0.410193 
0.943312 0.117696 0.310339 
0.926175 0.107829 0.36135 
0.0372479 0.992709 0.114637 
0.198854 0.211282 0.956983 
0.611433 0.135121 0.779674 
0.0128821 0.618339 0.785806 
0.278221 0.95563 0.0967726 
0.144489 0.989506 8.8474e-018 
0.239316 0.899262 0.366137 
0.334836 0.720582 0.607163 
0.607163 0.482438 0.631354 
0.0482103 0.9401 0.337472 
0.458396 0.300318 0.83647 
0.686472 0.0396042 0.726077 
0.86197 0.387477 0.326909 
0.200198 0.0444884 0.978745 
0.607163 0.54112 0.581844 
0.644842 0.520511 0.559684 
0.778764 0.626185 0.0376687 
0.938213 0.295602 0.179931 
0.843374 0.2573 0.471717 
0.761104 0.63656 0.124544 
0.971825 0.228665 0.0571662 
0.821837 0.443192 0.358001 
0.710507 0.26644 0.651298 
0.525177 0.0509246 0.849468 
0.168357 0.82453 0.54019 
0.516762 0.657697 0.548081 
0.215784 0.948067 0.233678 
0.773325 0.601475 0.200492 
0.662773 0.34785 0.663123 
0.655291 0.468065 0.592882 
0.201319 0.747757 0.632717 
0.587785 0.800527 0.116894 
0 0.239316 0.970942 
0.430646 0.86197 0.267492 
0.0923089 0.994885 0.0410262 
0.36135 0.285946 0.887503 
0.0185429 0.98137 0.19123 
0.22468 0.86197 0.454452 
0.285835 0.20788 0.935459 
0.292442 0.671338 0.681016 
0.729008 0.585493 0.354605 
0.779447 0.0241637 0.626002 
0.0347012 0.960067 0.27761 
0.47693 0.192127 0.857686 
0 0.282166 0.959365 
0.0442933 0.399365 0.915722 
0.7417 0.538877 0.399365 
0.748511 0.463199 0.47453 
0.63074 0.377095 0.678209 
0.751171 0.658922 0.0395353 
0.783236 0.168357 0.598496 
0.822744 0.567899 0.0241637 
0.975689 0.116154 0.185846 
0.705385 0.168357 0.688541 
0.224816 0.925712 0.304163 
0.192127 0.614519 0.765149 
0.868243 0.496139 0 
0.678209 0.681016 0.276135 
0.86197 0.0367215 0.505628 
0.903925 0.269736 0.331908 
0.438379 0.885456 0.154245 
0.0862559 0.698511 0.710381 
0.822984 0.322698 0.467508 
0.764316 0.391524 0.512377 
0.608929 0.640156 0.468407 
0.94221 0.331908 0.0455746 
0.568065 0.499685 0.653925 
0.860963 0.506368 0.0483134 
0.694435 0.530641 0.485983 
0.98137 0.0231583 0.190726 
0.439732 0.496354 0.748511 
0.57513 0.0127807 0.817962 
0.788502 0.327303 0.520709 
0.377095 0.857799 0.349256 
0.399365 0.671338 0.62435 
0.50696 0.418903 0.753334 
0.0716205 0.976441 0.203552 
0.161517 0.730877 0.663123 
0.743053 0.090223 0.663123 
0.559956 0.0956377 0.822984 
0.411409 0.910086 0.0498677 
0.844402 0.363966 0.393083 
0.587785 0.618344 0.521688 
0.363235 0.50696 0.781698 
0.822984 0.251761 0.509229 
0.731414 0.0353784 0.681016 
0.499305 0.52764 0.687234 
0.885456 0.332555 0.324614 
0.489655 0.822984 0.287986 
0.486926 0.0921212 0.868571 
0.327303 0.788502 0.520709 
0.554561 0.825078 0.108207 
0.30182 0.896427 0.324535 
0.254316 0.175542 0.951057 
0.794578 0.515765 0.320363 
0.115977 0.91493 0.38659 
0.470237 0.773616 0.42473 
0.829455 0.52764 0.183302 
0.292715 0.941778 0.165447 
0.52764 0.752166 0.394767 
0.464723 0.716349 0.520458 
0.278961 0.916792 0.285785 
0.443192 0.15092 0.883631 
0.559429 0.279714 0.780256 
0.50696 0.602096 0.616825 
0.92701 0.278103 0.251617 
0.653657 0.737827 0.168357 
0.648392 0.60301 0.464723 
0.348262 0.936705 0.0360271 
0 0.912818 0.408366 
0.16713 0.0202932 0.985726 
0 0.998832 0.0483134 
0.8354 0.107794 0.538968 
0.995861 0.0812948 0.0406474 
0.52764 0.143014 0.837343 
0.3968 0.822984 0.406507 
0.987403 0.131654 0.0877691 
0.554465 0.809017 0.195091 
0.354605 0.895975 0.267364 
0.209389 0.681016 0.701693 
0.474534 0.853378 0.215784 
0.0706741 0.0657275 0.995332 
0.473389 0.626185 0.619512 
0.480884 0.873968 0.0702193 
0.415821 0.764316 0.492863 
0.393919 0 0.919145 
0.246454 0.550898 0.797353 
0.158696 0.643854 0.748511 
0.561251 0.743278 0.364054 
0.814348 0.562104 0.144489 
0.333511 0.938773 0.0864659 
0.963196 0 0.268799 
0.232104 0.972628 0.0110526 
0.963196 0.268799 0 
0.691181 0.100927 0.715599 
0.0792498 0.528332 0.845331 
0.15394 0.783696 0.601767 
0.85939 0.496835 0.120852 
0.015131 0.779674 0.626002 
0.406315 0.176995 0.896427 
0.626185 0.0939794 0.77399 
0.960704 0.243216 0.133769 
0.698511 0.633631 0.332555 
0.790247 0.464777 0.399365 
0.475528 0.654509 0.587785 
0.587785 0.697348 0.410139 
0.257527 0.591186 0.764316 
0.0288222 0.0288222 0.999169 
0.896427 0.242875 0.370716 
0.83647 0.545454 0.0528908 
0.331908 0.158813 0.929847 
0.499685 0.794578 0.344908 
0.0949076 0.958246 0.269736 
0.542308 0.839286 0.0387363 
0.607163 0.761401 0.227206 
0.812794 0.213893 0.541863 
0.698511 0.69874 0.154415 
0.745016 0.660027 0.0965139 
0.607946 0.264828 0.748511 
0.628337 0.299208 0.7181 
0.917597 0.192127 0.347999 
0.0256537 0.551554 0.833745 
0.536478 0.605558 0.587785 
0.709387 0.41722 0.568065 
0 0.936329 0.351123 
0.779674 0.291003 0.554459 
0.389774 0.748511 0.536478 
0.392427 0.896427 0.205961 
0.781706 0.231617 0.579042 
0.354605 0.92167 0.157417 
0.239316 0.277637 0.930401 
0.0877334 0.363467 0.927467 
0.0910427 0.938908 0.331908 
0.325334 0.353624 0.876988 
0.399365 0.790247 0.464777 
0.298602 0.867367 0.398136 
0.172228 0.443192 0.879727 
0.647808 0.693004 0.316371 
0.50696 0.555834 0.658817 
0.548013 0.180497 0.816764 
0.999289 0 0.037709 
0.037709 0.999289 0 
0.999289 0.037709 0 
0.434342 0.238188 0.868685 
0.0164559 0.732269 0.680817 
0.0164559 0.680817 0.732269 
0.9469 0.185378 0.262707 
0.288936 0.109579 0.951057 
0.822984 0.386861 0.415976 
0.199345 0.345532 0.916989 
0.779775 0.607163 0.15266 
0.066519 0.598671 0.798228 
0.822984 0.502996 0.263993 
0.701693 0.652581 0.285946 
0.290558 0.82809 0.47942 
0.98057 0.159628 0.11402 
0.995332 0.0363949 0.0893887 
0.946895 0.0355086 0.319577 
0.960704 0.133769 0.243216 
0.150598 0.916792 0.369881 
0.654679 0.669904 0.350177 
0.234582 0.0223411 0.97184 
0.862153 0.254406 0.438143 
0.992709 0.12022 0.00873105 
0.344301 0.0848625 0.935016 
0.317326 0.242479 0.916792 
0.0395353 0.751171 0.658922 
0.419434 0.0965139 0.902641 
0.0274451 0.822984 0.567401 
0.0989578 0.809017 0.579395 
0.774717 0.507555 0.377095 
0.750215 0.489936 0.444005 
0.93335 0.340547 0.113516 
0.133182 0.226446 0.964876 
0.524257 0.724708 0.44716 
0.447076 0.894151 0.0248375 
0.53115 0.354605 0.769503 
0.491205 0.356881 0.794578 
0.490534 0.858435 0.149885 
0.0964857 0.00233214 0.995332 
0.00233214 0.0964857 0.995332 
0.300999 0.421401 0.855465 
0.896322 0.393839 0.20371 
0.592824 0.0526955 0.803606 
0.190155 0.771489 0.607163 
0.819916 0.0661223 0.568652 
0.656056 0.285785 0.698511 
0.178434 0.280397 0.943154 
0.458281 0.809017 0.368062 
0.644842 0.182913 0.742106 
0.992709 0.00582353 0.120396 
0.263727 0.749535 0.607163 
0.368291 0.204794 0.906874 
0.607317 0.349207 0.713597 
0.311462 0.533934 0.78607 
0.328426 0.865988 0.377095 
0.937481 0.160117 0.309017 
0.869009 0.285946 0.403806 
0.299734 0.482553 0.822984 
0.458396 0.83647 0.300318 
0.489655 0.287986 0.822984 
0.0369267 0.644842 0.763423 
0.953772 0.284611 0.0965139 
0.732269 0.241492 0.636761 
0.880522 0.217029 0.421401 
0.177792 0.154086 0.97193 
0.455784 0.338162 0.823351 
0.338162 0.823351 0.455784 
0 0.963196 0.268799 
0.226446 0.831693 0.50696 
0.582262 0.597999 0.550789 
0.642352 0.579684 0.501348 
0.93256 0.353673 0.0724348 
0.631398 0.734184 0.249622 
0.168075 0.231335 0.958246 
0.783573 0.391787 0.482199 
0.616185 0.786619 0.0393309 
0.0732501 0.124545 0.989506 
0.315656 0.61628 0.721499 
0.16305 0.951057 0.2625 
0.587785 0.212535 0.780601 
0.693004 0.316371 0.647808 
0.293294 0.806559 0.513265 
0.715599 0.664324 0.215852 
0.0243257 0.16659 0.985726 
0.138555 0.0956377 0.985726 
0.615918 0.780163 0.109497 
0.690268 0.383482 0.613572 
0.703564 0.607163 0.369259 
0.343157 0.427271 0.83647 
0.953283 0.225777 0.200691 
0.68747 0.68747 0.234032 
0.801313 0.281945 0.52764 
0.0577038 0.916792 0.395174 
0.266615 0.696163 0.666539 
0.299544 0.644019 0.703927 
0.255859 0.334836 0.906874 
0.814348 0.144489 0.562104 
0.07033 0.239316 0.968391 
0.233832 0.657653 0.716111 
0.501126 0.830438 0.243404 
0.130189 0.390567 0.911322 
0.474848 0.750567 0.459531 
0.985759 0.0433301 0.162488 
0.313538 0.761449 0.567354 
0.120537 0.758743 0.640141 
0.239316 0.409156 0.880522 
0.424547 0.351349 0.834454 
0.956688 0.186368 0.223641 
0.849468 0.478503 0.222348 
0.233626 0.959097 0.159849 
0.525471 0.213029 0.823711 
0.121323 0.86197 0.492229 
0.126273 0.512308 0.849468 
0.111539 0.993708 0.0101399 
0.816983 0.568065 0.0991997 
0.389774 0.536478 0.748511 
0.42473 0.470237 0.773616 
0.885435 0.455738 0.0911477 
0.298789 0.946164 0.124495 
0.137486 0.702267 0.698511 
0.387943 0.921364 0.0242464 
0.105423 0.617247 0.779674 
0.132552 0.304291 0.943312 
0.756064 0.18545 0.627675 
0.657653 0.233832 0.716111 
0.15092 0.883631 0.443192 
0.971883 0.215784 0.0942402 
0.962699 0.219349 0.158419 
0.710134 0.555757 0.432255 
0.989506 0.0762382 0.122739 
0.205961 0.392427 0.896427 
0.0633877 0.431036 0.900105 
0.89393 0.421401 0.152679 
0.374951 0.129294 0.917984 
0.235498 0.964876 0.11643 
0.422561 0.886016 0.190834 
0.794578 0.600791 0.0877283 
0.357137 0.803557 0.476182 
0.698307 0.71539 0.0241637 
0.387378 0.329989 0.86084 
0.587099 0.808072 0.0483134 
0.607163 0.735918 0.299631 
0.0724348 0.285195 0.955729 
0.953772 0.0965139 0.284611 
0.120537 0.190726 0.974215 
0.168264 0.86197 0.478221 
0.568065 0.310343 0.762227 
0.662929 0.748292 0.0241637 
0.874368 0.394876 0.282054 
0.54019 0.82453 0.168357 
0.740656 0.656164 0.144489 
0.353382 0.83647 0.418855 
0.912955 0.168357 0.371712 
0.168357 0.985438 0.0238188 
0.428571 0.285714 0.857143 
0.192127 0.833642 0.51781 
0.510827 0.859684 0 
0.758411 0.297416 0.579962 
0.398136 0.298602 0.867367 
0.926175 0.329569 0.183262 
0.432255 0.710134 0.555757 
0.788784 0.120537 0.602736 
0.354117 0.36278 0.86197 
0.215784 0.912988 0.346251 
0.233982 0.701946 0.672699 
0.0644531 0.476953 0.876562 
0.748414 0.124736 0.651397 
0.331908 0.313093 0.889837 
0.39948 0.583856 0.706773 
0.751391 0.571057 0.330612 
0.868243 0 0.496139 
0.34785 0.885456 0.308168 
0.0965139 0.745016 0.660027 
0.873968 0.183262 0.450106 
0.116303 0.471862 0.873968 
0.901441 0.432198 0.024697 
0.2781 0.36153 0.889919 
0.245207 0.467202 0.849468 
0.391787 0.482199 0.783573 
0.376104 0.0273148 0.926175 
0.809017 0.368062 0.458281 
0.548013 0.774717 0.315429 
0.285946 0.600039 0.74712 
0.894151 0.0248375 0.447076 
0.331908 0.910179 0.247815 
0.144489 0.966195 0.21352 
0.230933 0.496978 0.83647 
0.282421 0.728348 0.624298 
0.261202 0.0831098 0.9617 
0.442027 0.0321025 0.896427 
0.938048 0.0609122 0.341108 
0.19935 0.569572 0.7974 
0.104028 0.429115 0.89724 
0.919156 0.0367663 0.392173 
0.935016 0.222048 0.276476 
0.656056 0.64039 0.399365 
0.667988 0.485983 0.563571 
0.897143 0.331908 0.291499 
0.737745 0.443192 0.509229 
0.86896 0.456065 0.192127 
0.692532 0.201988 0.692532 
0.392157 0.698511 0.598577 
0.26644 0.651298 0.710507 
0.97359 0.0927229 0.208626 
0.877203 0.417716 0.236705 
0.0406474 0.995861 0.0812948 
0.789754 0.574367 0.215387 
0.847512 0.226003 0.480257 
0.568599 0.555022 0.607163 
0.0475651 0 0.998868 
0.192127 0.537803 0.820887 
0.568065 0.677302 0.467508 
0.988356 0.148785 0.0318824 
0.873968 0.138965 0.465692 
0.546437 0.805276 0.230079 
0.46364 0.224795 0.857032 
0.893643 0.36385 0.262707 
0.157417 0.354605 0.92167 
0.785554 0.199959 0.585595 
0.441123 0.892242 0.0965139 
0.443192 0.561329 0.698921 
0.421401 0.648958 0.633462 
0.668915 0.737171 0.0955592 
0.168357 0.975382 0.142427 
0.108564 0.128678 0.985726 
0 0.452094 0.89197 
0.98137 0.192127 0 
0.17614 0.899712 0.399365 
0.283861 0.958246 0.0344669 
0.0805968 0.792536 0.604476 
0.0892857 0.885456 0.456065 
0.139535 0.162791 0.976744 
0.401156 0.88531 0.23516 
0.450384 0.683342 0.574628 
0.0724348 0.191622 0.978792 
0.0313146 0.125258 0.99163 
0.820087 0.464723 0.333901 
0.0965139 0.660027 0.745016 
0.454452 0.443192 0.772693 
0.349207 0.607317 0.713597 
0.167125 0.410473 0.896427 
0.503264 0.855685 0.120537 
0.196193 0.504497 0.840828 
0.168357 0.705385 0.688541 
0.233235 0.743437 0.626819 
0.671295 0.168357 0.721816 
0.661381 0.0480332 0.748511 
0.653657 0.111641 0.748511 
0.19625 0.314001 0.928918 
0.400617 0.616334 0.677967 
0.697348 0.506653 0.50696 
0.535634 0.663123 0.522843 
0.33993 0.472947 0.812877 
0.493352 0.849468 0.187104 
0.781698 0.421401 0.459749 
0.84789 0.445502 0.28742 
0.265426 0.935016 0.235147 
0.586167 0.15352 0.795512 
0.435439 0.83647 0.332733 
0.114637 0.944122 0.309017 
0.0532813 0.692656 0.719297 
0.149431 0.935016 0.321582 
0.523356 0.50696 0.684902 
0.332555 0.698511 0.633631 
0.100848 0.970942 0.217029 
0.422885 0 0.906183 
0.74712 0.600039 0.285946 
0.0716205 0.324088 0.943312 
0.938138 0.316939 0.139453 
0.98137 0.116652 0.15266 
0.193307 0.0795969 0.977904 
0.644842 0.753406 0.128678 
0.84173 0.319277 0.435377 
0.226737 0.119335 0.966617 
0.607878 0.593363 0.52764 
0.770361 0.357967 0.52764 
0 0.83205 0.5547 
0.715599 0.437397 0.544611 
0.247233 0.247233 0.936884 
0.776896 0.571678 0.263851 
0.706102 0.706102 0.0532907 
0.550898 0.246454 0.797353 
0.858722 0.415049 0.300553 
0.645194 0.663123 0.379465 
0.935016 0.247696 0.253755 
0.938908 0.0910427 0.331908 
0.0396952 0.0605895 0.997373 
0.681016 0.0706741 0.72885 
0.3975 0.912512 0.0965139 
0.440726 0.421401 0.792579 
0.118237 0.893346 0.433536 
0.925169 0 0.379556 
0.854819 0.512892 0.0789064 
0.377095 0.430415 0.820087 
0.896427 0.126729 0.424686 
0.136926 0.0315982 0.990077 
0.667988 0.563571 0.485983 
0.906874 0.411473 0.0909317 
0.566341 0.823769 0.0257428 
0.568065 0.699098 0.434239 
0.17977 0.474016 0.86197 
0.112929 0.98137 0.155434 
0.0414579 0.976441 0.211764 
0.0809624 0.98137 0.174235 
0.488514 0.258625 0.833347 
0.280567 0.767868 0.575901 
0.829951 0.54423 0.122452 
0.0792498 0.845331 0.528332 
0.0390863 0.587785 0.808072 
0.714799 0.311374 0.626185 
0.638684 0.0260687 0.769028 
0.144489 0.581617 0.800527 
0.885456 0.461335 0.0560162 
0.174573 0.587785 0.789957 
0.735918 0.562339 0.377095 
0.355195 0.644842 0.676768 
0.230193 0.352059 0.90723 
0.612173 0.790724 0 
0.451017 0.859752 0.239603 
0.957253 0.0230663 0.288329 
0.50696 0.124545 0.852924 
0.911346 0.309017 0.27195 
0.663174 0.316515 0.678246 
0.681016 0 0.732269 
0.298475 0.934356 0.194658 
0.0372479 0.951057 0.306764 
0.663124 0.720787 0.20182 
0.916792 0.0861766 0.389956 
0.451038 0.591015 0.66878 
0.592418 0.430417 0.681016 
0.0940976 0.564585 0.819993 
0.906874 0.400776 0.13022 
0.626185 0.168241 0.761306 
0.371445 0.667988 0.644842 
0.489936 0.444005 0.750215 
0.530695 0.62902 0.568065 
0.304188 0.840139 0.44904 
0.399365 0.0664077 0.914384 
0.662308 0.411388 0.626185 
0.548013 0.539391 0.639327 
0.22352 0.447039 0.866138 
0.0998597 0.337026 0.936184 
0.850675 0.195237 0.488092 
0.618344 0.449254 0.644842 
0.574082 0.399365 0.714799 
0.970942 0.154321 0.182913 
0.347767 0.740895 0.574572 
0.626185 0.544611 0.557934 
0.221059 0.93625 0.273073 
0.768221 0 0.640184 
0.780163 0.615918 0.109497 
0.320145 0.934822 0.153669 
0.264836 0.887503 0.377095 
0.912677 0.407004 0.0370004 
0.216204 0.794077 0.568065 
0.663123 0.522843 0.535634 
0.663123 0.439964 0.605558 
0.298163 0.917651 0.262707 
0.399365 0.728463 0.556642 
0.313538 0.567354 0.761449 
0.607163 0.712281 0.35215 
0.346806 0.568065 0.746343 
0.587785 0.642827 0.491205 
0.744569 0.667545 0 
0.967535 0.250421 0.0341483 
0.706548 0.681016 0.192372 
0.517059 0.310236 0.797749 
0.906874 0.352489 0.230933 
0.469533 0.377095 0.798334 
0.951057 0.307574 0.0298244 
0.670985 0.594441 0.443192 
0.429804 0.521905 0.736807 
0.87712 0.465139 0.119607 
0.698511 0.546944 0.461448 
0.7181 0.628337 0.299208 
0.774717 0.548013 0.315429 
0.869126 0.327703 0.370447 
0.891079 0.175515 0.418537 
0.992709 0.0991997 0.0684726 
0.73747 0.200791 0.644842 
0.548013 0.424057 0.721012 
0.168357 0.0951363 0.981124 
0.858435 0.490534 0.149885 
0.464723 0.872817 0.149073 
0.712258 0.0965139 0.69525 
0.13682 0.834599 0.533596 
0.834599 0.13682 0.533596 
0.265689 0.391541 0.880968 
0.714648 0.354605 0.602938 
0.285946 0.0462961 0.957127 
0.746343 0.346806 0.568065 
0.239316 0.870378 0.430313 
0.809017 0.549589 0.208432 
0.83205 0 0.5547 
0.430415 0.820087 0.377095 
0.607163 0.227206 0.761401 
0.475697 0.487334 0.732269 
0.923365 0.383736 0.0119918 
0.794578 0.0877283 0.600791 
0.925712 0.224816 0.304163 
0.52764 0.394767 0.752166 
0.165447 0.941778 0.292715 
0.208432 0.286881 0.935016 
0.265377 0.947774 0.176918 
0.0225246 0.968557 0.24777 
0.804806 0.462018 0.372595 
0.332831 0.918613 0.213012 
0.970942 0.182913 0.154321 
0 0.351123 0.936329 
0.678214 0.715599 0.167165 
0.590985 0.123695 0.797143 
0.358064 0.915052 0.185663 
0.587785 0.340921 0.733677 
0.377095 0.390291 0.839924 
0.489655 0.709387 0.50696 
0.326512 0.0604652 0.943257 
0.251738 0.964876 0.07512 
0.551554 0.0256537 0.833745 
0.669097 0.698511 0.253755 
0.569649 0.373205 0.732269 
0.587015 0.732269 0.345248 
0.146952 0.664972 0.732269 
0.748511 0.25006 0.614167 
0.187993 0.183504 0.964876 
0.83205 0.5547 0 
0.732269 0.0657275 0.677837 
0.524011 0.698511 0.487334 
0.482057 0.875313 0.0380571 
0.602096 0.50696 0.616825 
0.639327 0.418855 0.644842 
0.164153 0.984916 0.0547176 
0.397513 0.906874 0.139866 
0.808072 0.0390863 0.587785 
0.476942 0.0251022 0.878576 
0.307574 0.946617 0.0965139 
0.318049 0.0949076 0.943312 
0.843386 0.0255571 0.5367 
0.549442 0.824163 0.137361 
0.140541 0.332189 0.932684 
0 0.715599 0.698511 
0.0515283 0.863098 0.5024 
0.789957 0.587785 0.174573 
0.0670873 0.997373 0.0273148 
0.734566 0.650769 0.192127 
0.849468 0.088832 0.520109 
0.91493 0.115977 0.38659 
0.404398 0.852124 0.332184 
0.198854 0.956983 0.211282 
0.635836 0.563301 0.52764 
0.694578 0.70847 0.125024 
0.905571 0.216256 0.364932 
0.273621 0.464723 0.842119 
0.916412 0.28301 0.28301 
0.502767 0.764316 0.403791 
0.0320337 0.330358 0.943312 
0.304291 0.132552 0.943312 
0.969322 0.120537 0.214211 
0.513621 0.770431 0.377662 
0.792579 0.440726 0.421401 
0.896427 0.0746144 0.436865 
0.544017 0.120537 0.830371 
0.613281 0.199267 0.764316 
0.632829 0.123891 0.764316 
0.420254 0.904184 0.0764099 
0.955205 0.122462 0.269417 
0.505628 0.0724348 0.859705 
0.606453 0.0293341 0.794578 
0.548013 0.458396 0.699682 
0.891299 0.306384 0.334237 
0.955214 0.16127 0.248108 
0.836922 0.50696 0.206283 
0.118382 0.0753342 0.990106 
0.189737 0.948683 0.252982 
0.698511 0.578932 0.420619 
0.962341 0.262707 0.0698906 
0.577446 0.187624 0.794578 
0.226003 0.847512 0.480257 
0.323144 0 0.94635 
0.239185 0.801544 0.548013 
0.0156303 0.215217 0.976441 
0.506857 0.0253429 0.861657 
0.52764 0.847237 0.061531 
0.607163 0.694435 0.386152 
0.337073 0.941479 0 
0.0385822 0.52729 0.848809 
0.0208284 0.50696 0.861718 
0.388141 0.249519 0.887179 
0.40312 0.80624 0.432981 
0.537616 0.794578 0.282162 
0.491665 0.809017 0.322114 
0.589519 0.794578 0.145304 
0.228665 0.0571662 0.971825 
0.270071 0.150177 0.951057 
0.498687 0.463783 0.732269 
0.501348 0.579684 0.642352 
0.657023 0.750883 0.0670432 
0.0241637 0.885197 0.464587 
0 0.0280264 0.999607 
0.0983993 0.989506 0.105805 
0.581811 0.285946 0.761401 
0.0889431 0.914844 0.393891 
0.0931726 0.638076 0.764316 
0 0.876476 0.481445 
0.344908 0.794578 0.499685 
0.466472 0.0777453 0.881113 
0.917822 0.38976 0.0754374 
0.617917 0.764316 0.18439 
0.295684 0 0.955286 
0.809017 0.410575 0.420619 
0.809017 0.322114 0.491665 
0.809017 0.491665 0.322114 
0.809017 0.533047 0.247693 
0.297984 0.506653 0.809017 
0.149235 0.548112 0.822984 
0.581617 0.809017 0.0849285 
0.873968 0.484707 0.0352021 
0.0277602 0.989506 0.141797 
0.0505965 0.715599 0.696676 
0.485983 0.667988 0.563571 
0.63077 0.626185 0.458281 
0.155434 0.98137 0.112929 
0.72406 0.683075 0.0956306 
0.809017 0.345492 0.475528 
0.168075 0.809017 0.563243 
0.835261 0.29389 0.464723 
0.777626 0.0564756 0.626185 
0.0991997 0.992709 0.0684726 
0.878576 0.0251022 0.476942 
0.822984 0.563923 0.0684726 
0.0567295 0.809017 0.585041 
0.998083 0.0195703 0.0587108 
0.998083 0.0587108 0.0195703 
0.226281 0.97301 0.0452563 
0.242902 0.150876 0.958246 
0.426055 0.399365 0.811779 
0.770361 0.478503 0.421401 
0.546573 0.0724348 0.834273 
0.587785 0.756444 0.286881 
0.464723 0.17012 0.86896 
0.750883 0.657023 0.0670432 
0.354605 0.112704 0.928199 
0.277637 0.958246 0.0684313 
0.0275977 0.284611 0.958246 
0.55062 0.794578 0.255859 
0 0.925169 0.379556 
0.581811 0.794578 0.173616 
0.588926 0.574864 0.568065 
0.690464 0.262707 0.673977 
0.809017 0.506653 0.297984 
0.968529 0.0576505 0.242132 
0.896427 0.443192 0 
0.822984 0.406507 0.3968 
0.256424 0.849468 0.461141 
0.168357 0.92167 0.349543 
0.641832 0.0622363 0.764316 
0.62107 0.652124 0.434749 
0.758098 0.530669 0.379049 
0.165082 0.495246 0.852924 
0.628176 0.775196 0.0668272 
0.0363949 0.375334 0.926175 
0.688401 0.475169 0.548013 
0.0577038 0.989506 0.132466 
0.498687 0.681016 0.536217 
0.990565 0.0969031 0.0969031 
0.443192 0.737745 0.509229 
0.607163 0.402819 0.684902 
0.309017 0.726907 0.613281 
0.513706 0.809017 0.285654 
0.822984 0.0956377 0.559956 
0.812164 0.239316 0.532088 
0.943972 0.310517 0.111786 
0.100927 0.715599 0.691181 
0.794578 0.145304 0.589519 
0.326909 0.387477 0.86197 
0.113856 0.849468 0.51521 
0.849468 0.411388 0.330401 
0.197275 0.974769 0.10444 
0.899235 0 0.437466 
0.618501 0.324614 0.715599 
0.757152 0.0261087 0.652717 
0.294353 0.301554 0.906874 
0.976516 0.204387 0.0681291 
0.951057 0.30326 0.0593704 
0.707107 0.707107 0 
0.668329 0.130841 0.732269 
0.978891 0 0.204384 
0.853193 0.375983 0.361522 
0.354117 0.86197 0.36278 
0.873968 0.363764 0.322267 
0.0352021 0.484707 0.873968 
0.548111 0.681016 0.485584 
0.785806 0.618339 0.0128821 
0.732269 0.146952 0.664972 
0.192127 0.967362 0.165221 
0.253762 0.921558 0.29383 
0.192127 0.668329 0.718627 
0.14411 0.986907 0.0724348 
0.700719 0.399365 0.591186 
0.203276 0.143489 0.96855 
0.520797 0.822984 0.226865 
0.215784 0.233678 0.948067 
0.468914 0.127671 0.873968 
0.122086 0.4484 0.885456 
0.4484 0.885456 0.122086 
0.0702193 0.873968 0.480884 
0.377095 0.893643 0.243313 
0.748511 0.62003 0.235147 
0.555022 0.607163 0.568599 
0.977464 0.183993 0.103496 
0.0564756 0.777626 0.626185 
0.215784 0.730877 0.6475 
0.822984 0.544346 0.162436 
0.0188612 0.999644 0.0188612 
0.999644 0.0188612 0.0188612 
0.726077 0.686472 0.0396042 
0.916792 0.250076 0.311374 
0.713124 0.039618 0.699918 
0.323093 0.7417 0.587785 
0.849468 0.150876 0.505609 
0.980323 0.0557002 0.189381 
0.0305241 0.420294 0.906874 
0.604191 0.779674 0.164503 
0.0393309 0.616185 0.786619 
0.0640363 0.896427 0.438541 
0.269089 0.896427 0.35215 
0.419251 0.674968 0.607163 
0.403806 0.869009 0.285946 
0.917984 0.374951 0.129294 
0.0258977 0.802829 0.595647 
0.725398 0.509322 0.46302 
0.392157 0.83647 0.382793 
0.107829 0.926175 0.36135 
0.943312 0.268519 0.195091 
0.0965139 0.776035 0.623262 
0.885456 0.263993 0.38246 
0.46418 0.0483134 0.884422 
0.501816 0.16305 0.849468 
0.208728 0.977727 0.0219714 
0.115504 0.285946 0.951259 
0.0160356 0.943312 0.33152 
0.217813 0.898479 0.381173 
0.543726 0.835482 0.0795697 
0.537616 0.282162 0.794578 
0.0528908 0.545454 0.83647 
0.357967 0.770361 0.52764 
0.513706 0.285654 0.809017 
0.890996 0.219322 0.397521 
0.421401 0.217029 0.880522 
0.0116335 0.992709 0.119974 
0.445546 0.873968 0.194085 
0.0708497 0.0975162 0.992709 
0.864136 0.106355 0.491893 
0.985726 0.158813 0.055879 
0.371712 0.0634866 0.926175 
0.640184 0 0.768221 
0.568065 0.118912 0.814348 
0.794578 0.605568 0.0439797 
0.771489 0.190155 0.607163 
0.0459789 0.98137 0.186544 
0.135121 0.976441 0.168241 
0.676768 0.644842 0.355195 
0.377095 0.63074 0.678209 
0.848809 0.52729 0.0385822 
0.344506 0.0237591 0.938483 
0.914072 0.0626077 0.400689 
0.42473 0.773616 0.470237 
0.296432 0.269484 0.916246 
0.410473 0.377095 0.830248 
0.107249 0.238332 0.965244 
0.822984 0.425203 0.376697 
0.845911 0.50696 0.165607 
0.56921 0.822192 0 
0.341108 0.938048 0.0609122 
0.916792 0.362173 0.168293 
0.916792 0.328671 0.226865 
0.72676 0.643854 0.239316 
0.0404127 0.835493 0.548013 
0 0.5547 0.83205 
0.0609963 0.996273 0.0609963 
0.996273 0.0609963 0.0609963 
0.715895 0.186133 0.672941 
0.728463 0.399365 0.556642 
0.548013 0.370716 0.749834 
0.567707 0.794578 0.215303 
0.626185 0.240933 0.741514 
0.715599 0.610477 0.339465 
0.310981 0.181406 0.932943 
2.4454e-017 0.399365 0.916792 
0.399365 0.916792 2.4454e-017 
0.587785 0.769421 0.25 
0.216551 0.606344 0.765149 
0.143014 0.52764 0.837343 
0.854355 0.4484 0.262707 
0.400291 0.430417 0.809017 
0.50696 0.845911 0.165607 
0.989217 0.0239102 0.144489 
0.126017 0.985726 0.111641 
0.448891 0.763236 0.464723 
0.226283 0.951057 0.210445 
0.263405 0.269849 0.926175 
0.374345 0.926175 0.0454538 
0.0634866 0.371712 0.926175 
0.906874 0.377755 0.186761 
0.644842 0.732402 0.218553 
0.234857 0.192127 0.952853 
0.368646 0.482438 0.794578 
0.935016 0.117696 0.334503 
0.943312 0.33152 0.0160356 
0.0256857 0.353673 0.935016 
0.310343 0.214214 0.926175 
0.962341 0.0724348 0.262017 
0.27103 0.228664 0.935016 
0.207836 0.779674 0.590688 
0.884385 0.466759 0 
0.822984 0.188545 0.535862 
0.204794 0.368291 0.906874 
0.0081339 0.985726 0.16816 
0.0824157 0.965441 0.247247 
0.871795 0.0512821 0.487179 
0.452094 0.89197 0 
0.957841 0.262707 0.116303 
0.0854588 0.0448523 0.995332 
0.47453 0.535634 0.698511 
0.261481 0.0253549 0.964876 
0.346251 0.215784 0.912988 
0.943312 0.00802014 0.331811 
0.946565 0.277659 0.164071 
0.193307 0.977904 0.0795969 
0.185594 0.885456 0.426055 
0.560465 0.732269 0.386861 
0.927332 0.182854 0.326526 
0.0173348 0.997373 0.07033 
0.0395766 0.672802 0.738763 
0.387335 0.783448 0.485983 
0.783448 0.485983 0.387335 
0.464777 0.790247 0.399365 
0.147442 0.442326 0.884652 
0.35362 0.185594 0.916792 
0.0241637 0.916524 0.399248 
0.417374 0.908403 0.0245514 
0.786877 0.613497 0.0666845 
0.308579 0.681016 0.664076 
0.83647 0.491253 0.242875 
0.058609 0.961187 0.269601 
0.239316 0.952853 0.186544 
0.187624 0.245538 0.951057 
0.958246 0.285195 0.0207124 
0.144963 0.958246 0.246476 
0.52764 0.84922 0.0205263 
0.515163 0.239383 0.822984 
0.605568 0.0724348 0.79249 
0.536478 0.587785 0.605558 
0.982941 0.135578 0.12428 
0.319577 0.946895 0.0355086 
0.954462 0.0471339 0.294587 
0.794578 0.0293341 0.606453 
0.992709 0.0585788 0.105345 
0.935016 0.281761 0.215303 
0.698511 0.598577 0.392157 
0.935016 0.352949 0.0342243 
0.672874 0.367022 0.642289 
0.964876 0.174207 0.196639 
0.0288463 0.237571 0.970942 
0.169405 0.964876 0.200791 
0.122579 0.822984 0.554682 
0.995332 0.0947159 0.0185429 
0.985609 0.0885941 0.143965 
0.36385 0.926175 0.0990656 
0.554465 0.331908 0.763155 
0.647685 0.309017 0.696429 
0.696429 0.226283 0.681016 
0.259862 0.822896 0.505287 
0.174866 0.0437165 0.983621 
0.764316 0.617917 0.18439 
0.52764 0.0205263 0.84922 
0.822984 0.122579 0.554682 
0.139782 0.740842 0.656973 
0.535102 0.83647 0.118252 
0.574082 0.714799 0.399365 
0.0459789 0.186544 0.98137 
0.976441 0.135121 0.168241 
0.976441 0.0311785 0.21352 
0.976441 0.21352 0.0311785 
0.414391 0.896427 0.157158 
0.44175 0.8246 0.3534 
0.497515 0.86197 0.0974005 
0.354605 0.585493 0.729008 
0.377095 0.880844 0.286204 
0.0241637 0.764093 0.644654 
0.681016 0.340302 0.648392 
0.328556 0.263875 0.906874 
0.590433 0.777643 0.216012 
0.521905 0.429804 0.736807 
0 0.694136 0.719844 
0.507873 0.332733 0.794578 
0.202462 0.86197 0.464777 
0.0732501 0.50164 0.86197 
0.250076 0.311374 0.916792 
0.251761 0.509229 0.822984 
0.262707 0.794077 0.548112 
0.790605 0.50718 0.343093 
0.0122151 0.903919 0.427529 
0.088832 0.143014 0.985726 
0.112656 0.0204829 0.993423 
0.482199 0.391787 0.783573 
0.412418 0.748462 0.519341 
0.223161 0.964876 0.138615 
0.861718 0.50696 0.0208284 
0 0.167799 0.985821 
0.28742 0.445502 0.84789 
0.276135 0.926175 0.256808 
0.544611 0.715599 0.437397 
0.344908 0.451372 0.822984 
0.0199323 0.0797294 0.996617 
0.845352 0.523313 0.107346 
0.111638 0.377095 0.919422 
0.0954915 0.951057 0.293893 
0.263727 0.201522 0.943312 
0.399365 0.154348 0.903706 
0.349256 0.142201 0.926175 
0.409156 0.239316 0.880522 
0.375969 0.587785 0.716349 
0.192127 0.807652 0.557482 
0.681016 0.524011 0.511498 
0.0724348 0 0.997373 
0.27782 0.424057 0.86197 
0.115504 0.992709 0.0344669 
0.448442 0.541223 0.711321 
0.9837 0 0.179816 
0.243313 0.0990656 0.964876 
0.663123 0.686229 0.298929 
0.120498 0.259317 0.958246 
0.443351 0.322114 0.83647 
0.546944 0.644842 0.533883 
0.895975 0.267364 0.354605 
0.789052 0.548013 0.277631 
0.699098 0.482553 0.52764 
0.399365 0.556642 0.728463 
0.67387 0.0983993 0.732269 
0.779674 0.263875 0.567871 
0.587785 0.410139 0.697348 
0.373205 0.83647 0.401292 
0.243046 0.943312 0.226035 
0.262707 0.86494 0.427625 
0.601369 0.678805 0.421401 
0.441355 0.849468 0.289153 
0.587785 0.550953 0.592418 
0.340245 0.849468 0.403284 
0.716349 0.587785 0.375969 
0.3634 0.410193 0.83647 
0.316484 0.885456 0.340302 
0.935016 0.141617 0.325099 
0.421401 0.152679 0.89393 
0.192127 0.734566 0.650769 
0.421401 0.0656893 0.904492 
0.896427 0.406315 0.176995 
0.324535 0.656425 0.681016 
0.52764 0.547773 0.649262 
0.0256857 0.935016 0.353673 
0.149796 0.626185 0.765149 
0.663123 0.616012 0.425203 
0.219747 0.548013 0.80709 
0.605558 0.439964 0.663123 
0.753334 0.418903 0.50696 
0.330401 0.411388 0.849468 
0.83647 0.427271 0.343157 
0.705385 0.120476 0.698511 
0.175128 0.849468 0.497729 
0 0.794578 0.607163 
0.175245 0.333901 0.926175 
0.0241637 0.84922 0.527486 
0.548013 0.507873 0.66464 
0.482671 0.572099 0.663123 
0.733677 0.533047 0.421401 
0.0608878 0.906874 0.416979 
0.644842 0.492863 0.584179 
0.0237136 0.0046425 0.999708 
0.250076 0.574082 0.779674 
0.369259 0.703564 0.607163 
0.475169 0.822984 0.311307 
0.626185 0.473389 0.619512 
0.502414 0.83647 0.218857 
0.0640006 0.748511 0.660027 
0.743053 0.658288 0.120537 
0.764093 0.644654 0.0241637 
0.0956377 0.822984 0.559956 
0.215384 0.873968 0.435649 
0.379029 0.521688 0.764316 
0.748511 0.587166 0.308168 
0.0882652 0.681016 0.72693 
0.607892 0.626185 0.488221 
0.732269 0.475697 0.487334 
0.809017 0.0849285 0.581617 
0.25 0.769421 0.587785 
0.663123 0.748511 4.06046e-017 
0.732269 4.17002e-017 0.681016 
0.70809 0.144489 0.691181 
0.926175 0.36385 0.0990656 
0.889891 0.108052 0.443192 
0.25878 0.735476 0.626185 
0.294353 0.906874 0.301554 
0.485983 0.513706 0.707055 
0.748511 0.279441 0.601369 
0.482553 0.699098 0.52764 
0.204622 0.698511 0.68572 
0.47237 0.27782 0.83647 
0.663123 0.583595 0.468706 
0.0544861 0.926175 0.373138 
0.568065 0.467508 0.677302 
0.636761 0.354605 0.684683 
0.748511 0.322267 0.579548 
0.857799 0.349256 0.377095 
0.281761 0.935016 0.215303 
0.696429 0.647685 0.309017 
0.50164 0.86197 0.0732501 
0.241492 0.636761 0.732269 
0.758743 0.0921281 0.644842 
0.121323 0.492229 0.86197 
0.35259 0.926175 0.13372 
0.101374 0.51781 0.849468 
0.587785 0.491205 0.642827 
0.144963 0.86197 0.485792 
0.86197 0.144963 0.485792 
0.883631 0.443192 0.15092 
0.71099 0.239316 0.661227 
0.412827 0.873968 0.256424 
0.0707283 0.215784 0.973876 
0.587166 0.662773 0.464723 
0.808781 0.587614 0.0241637 
0.680817 0.732055 0.0241637 
0.262707 0.964594 0.023315 
0.0126923 0.262401 0.964876 
0.193145 0.45527 0.869152 
0.398316 0.914384 0.0724348 
0.955729 0.0724348 0.285195 
0.440726 0.792579 0.421401 
0.443192 0.214529 0.870378 
0.464064 0.644842 0.607308 
0.533047 0.733677 0.421401 
0.154245 0.29389 0.943312 
0.0633442 0.992392 0.105574 
0.0965139 0.19123 0.976789 
0.149073 0.872817 0.464723 
0.110705 0.4066 0.906874 
0.965037 0.0227068 0.261128 
0.935016 0.313987 0.164793 
0.398025 0.102716 0.911606 
0.179816 0 0.9837 
0.626185 0.698921 0.345545 
0.16713 0.120537 0.978539 
0.120537 0.563923 0.816983 
0.120537 0.658288 0.743053 
0.122462 0.955205 0.269417 
0.752289 0.604191 0.262707 
0.855465 0.300999 0.421401 
0.916792 0.141617 0.373412 
0.764316 0.45043 0.461448 
0.635836 0.394944 0.663123 
0.485983 0.424734 0.76382 
0.83647 0.547373 0.0264763 
0.765149 0.626185 0.149796 
0.475528 0.345492 0.809017 
0.626185 0.779447 0.0188399 
0.524011 0.487334 0.698511 
0.262153 0.958246 0.114197 
0.831193 0.462198 0.309017 
0.903706 0.168357 0.393664 
0.168357 0.837343 0.520109 
0.168357 0.985726 0 
0.688541 0.168357 0.705385 
0.737827 0.653657 0.168357 
0.635638 0.753406 0.168357 
0.970942 0.0345785 0.236804 
0.242536 0 0.970143 
0.463783 0.732269 0.498687 
0.779674 0.579957 0.236131 
0.192127 0.917597 0.347999 
0.192127 0.933338 0.30326 
0.90892 0.192127 0.37007 
0.192127 0.632829 0.750077 
0.628337 0.7181 0.299208 
0.471324 0.877186 0.0916463 
0.794578 0.215303 0.567707 
0.377095 0.307405 0.873671 
0.453775 0.864596 0.215784 
0.6475 0.215784 0.730877 
0.768545 0.168357 0.617247 
0.0724348 0.262017 0.962341 
0.192127 0.820887 0.537803 
0.954041 0.260193 0.148682 
0.27607 0.873968 0.399957 
0.62435 0.732269 0.271974 
0.080731 0.548013 0.832565 
0.983624 0.156486 0.0894204 
0.440187 0.0906268 0.893321 
0.0933704 0.873968 0.47693 
0.873968 0.48244 0.0585788 
0.873968 0.161302 0.458434 
0.0933704 0.47693 0.873968 
0.190726 0.0231583 0.98137 
0.906874 0.0203593 0.420909 
0.168357 0.258958 0.951103 
0.239316 0.907846 0.344301 
0.239316 0.890152 0.38776 
0.285195 0.0207124 0.958246 
0.174207 0.748511 0.639831 
0.0746144 0.985726 0.15092 
0.510485 0.360342 0.780742 
0.885509 0.411473 0.215784 
0.454468 0.402623 0.794578 
0.309574 0.317147 0.896427 
0.764316 0.243167 0.597237 
0.717257 0.285946 0.635435 
0.657096 0.262707 0.706548 
0.88459 0.385337 0.262707 
0.497515 0.192127 0.845911 
0.740658 0.485241 0.464723 
0.698511 0.285785 0.656056 
0.155963 0 0.987763 
0.158908 0.390291 0.906874 
0.680575 0.221132 0.698511 
0.451597 0.509748 0.732269 
0.427625 0.262707 0.86494 
0.0231583 0.190726 0.98137 
0.98137 0.184105 0.0549378 
0.985726 0.0202932 0.16713 
0.373138 0.916456 0.144489 
0.317451 0.779674 0.539753 
0.779674 0.317451 0.539753 
0.131016 0.794578 0.592858 
0.234741 0.916792 0.323093 
0.943312 0.237513 0.231841 
0.285946 0.544346 0.788621 
0.285946 0.581811 0.761401 
0.339799 0.285946 0.895975 
0.339799 0.895975 0.285946 
0.095048 0.0739262 0.992724 
0.211764 0.192127 0.95825 
0.970942 0.135947 0.196953 
0.121323 0.970942 0.206283 
0.144489 0.373138 0.916456 
0.750077 0.146845 0.644842 
0.710555 0.52764 0.465519 
0.133822 0.0544861 0.989506 
0.746309 0.215784 0.62965 
0.491665 0.548013 0.676719 
0.50696 0.819782 0.266363 
0.0681291 0.935016 0.347999 
0.735476 0.590688 0.331908 
0.800527 0.581617 0.144489 
0.462554 0.885456 0.0448523 
0.308737 0.047498 0.949961 
0.750215 0.444005 0.489936 
0.567871 0.779674 0.263875 
0.917651 0.309017 0.24985 
0.400776 0.862489 0.309017 
0.0494058 0.0395246 0.997996 
0.895797 0.0504674 0.44159 
0.83647 0.242875 0.491253 
0.86197 0.27782 0.424057 
0.299673 0.355195 0.885456 
0.193502 0.595538 0.779674 
0.559684 0.520511 0.644842 
0 0.978891 0.204384 
0.841663 0.185999 0.50696 
0.626185 0.583595 0.51702 
0.120537 0.602736 0.788784 
0.896427 0.43275 0.0956337 
0.123891 0.146845 0.98137 
0.0321025 0.896427 0.442027 
0.955729 0.285195 0.0724348 
0.958246 0.199736 0.204622 
0.837476 0.465692 0.285946 
0.881113 0.0777453 0.466472 
0.135549 0.990551 0.0208537 
0.170706 0.207286 0.963271 
0.639327 0.644842 0.418855 
0.382689 0.285946 0.878512 
0.831193 0.270071 0.485983 
0.966617 0.226737 0.119335 
0.574304 0.0801355 0.81471 
0.911346 0.27195 0.309017 
0.696676 0.713719 0.0724348 
0.710381 0.698511 0.0862559 
0.168357 0.768545 0.617247 
0.676719 0.443351 0.587785 
0.263727 0.607163 0.749535 
0.0851489 0.172228 0.98137 
0.231617 0.781706 0.579042 
0.626185 0.74712 0.222945 
0.644654 0.764093 0.0241637 
0.729008 0.354605 0.585493 
0.838174 0.354605 0.414391 
0.742943 0.567707 0.354605 
0.354605 0.902174 0.245636 
0.600039 0.285946 0.74712 
0.547773 0.764316 0.340245 
0.899262 0.377095 0.221648 
0.724585 0.67387 0.144489 
0.943312 0.139866 0.300999 
0.334057 0.766869 0.548013 
0.847237 0.52764 0.061531 
0.0240509 0.995041 0.0965139 
0.531924 0.779674 0.330401 
0.287986 0.86197 0.41722 
0.187993 0.690464 0.698511 
0.311003 0.876462 0.367549 
0.885456 0.132886 0.445319 
0.820887 0.160708 0.548013 
0.89538 0.443192 0.0433094 
0.427625 0.11643 0.896427 
0.0672358 0.393664 0.916792 
0.616825 0.36278 0.698511 
0.86197 0.478221 0.168264 
0.0223836 0.308205 0.951057 
0.28024 0.13022 0.951057 
0.0794307 0.970942 0.225749 
0.943312 0.168264 0.286094 
0.66277 0.646944 0.377095 
0.377095 0.735918 0.562339 
0.377095 0.84911 0.369881 
0.951057 0.215852 0.221132 
0.277631 0.18189 0.943312 
0.140688 0.718627 0.681016 
0.0660556 0.83647 0.544017 
0.797469 0.168357 0.579395 
0.0512365 0.1351 0.989506 
0.448213 0.278404 0.849468 
0.875021 0.4066 0.262707 
0.013815 0.958246 0.285612 
0.748511 0.389774 0.536478 
0.370716 0.548013 0.749834 
0.277637 0.0684313 0.958246 
0.309017 0.400776 0.862489 
0.121907 0.110824 0.986335 
0.995332 0.0139452 0.0955011 
0.0553631 0.762308 0.644842 
0.443192 0.472991 0.761486 
0.693138 0.421401 0.584791 
0.371231 0.345248 0.86197 
0.848476 0.0483134 0.527024 
0.568065 0.235329 0.788621 
0.0849285 0.581617 0.809017 
0.715599 0.646944 0.263405 
0.110705 0.906874 0.4066 
0.506368 0.0483134 0.860963 
0.698307 0.0241637 0.71539 
0.550516 0.566245 0.613432 
0.354605 0.310339 0.882012 
0.313987 0.827916 0.464723 
0.795936 0.420494 0.435512 
0.671338 0.62435 0.399365 
0.399365 0.656056 0.64039 
0.728463 0.556642 0.399365 
0.399365 0.714799 0.574082 
0.0221531 0.399365 0.916524 
0.754505 0.520797 0.399365 
0.544392 0.749291 0.377095 
0.779674 0.531924 0.330401 
0.69874 0.682055 0.215784 
0.682055 0.69874 0.215784 
0.0738773 0.344761 0.935779 
0.617917 0.285946 0.732402 
0.940834 0.331908 0.0683286 
0.0469042 0.873968 0.483715 
0.86197 0.191172 0.469533 
0.371712 0.912955 0.168357 
0.641408 0.594476 0.484967 
0.403284 0.340245 0.849468 
0.568065 0.62902 0.530695 
0.60301 0.464723 0.648392 
0.178908 0.657096 0.732269 
0.72693 0.0882652 0.681016 
0.59475 0.526902 0.607163 
0.482438 0.794578 0.368646 
0.618344 0.521688 0.587785 
0.809017 0.260501 0.526907 
0.497553 0.619512 0.607163 
0.750077 0.632829 0.192127 
0.670078 0.467496 0.576579 
0.331908 0.835261 0.438379 
0.671711 0.546742 0.499878 
0.399365 0.197829 0.895194 
0.655476 0.700168 0.283047 
0.27103 0.714648 0.644842 
0.421401 0.421446 0.802997 
0.411473 0.885509 0.215784 
0.27195 0.911346 0.309017 
0.451038 0.66878 0.591015 
0.0724348 0.713719 0.696676 
0.421401 0.567871 0.707067 
0.746343 0.515163 0.421401 
0.177587 0.976441 0.122579 
0.741514 0.309017 0.595538 
0.925904 0.0223798 0.377095 
0.0180868 0.663123 0.748292 
0.0180868 0.748292 0.663123 
0.282945 0.94819 0.144489 
0.343157 0.523785 0.779674 
0.421401 0.802997 0.421446 
0.985726 0.16713 0.0202932 
0.761306 0.611433 0.215784 
0.696676 0.0724348 0.713719 
0.210761 0.10538 0.971841 
0.970942 0.0794307 0.225749 
0.434435 0.605106 0.667168 
0.421401 0.792579 0.440726 
0.968923 0.233475 0.0817164 
0.607156 0.65386 0.451475 
0.509322 0.725398 0.46302 
0.448442 0.711321 0.541223 
0.84561 0.331908 0.418068 
0.442906 0.355714 0.822984 
0.355714 0.822984 0.442906 
0.451694 0.623026 0.638601 
0.764316 0.643148 0.046709 
0.816983 0.563923 0.120537 
0.488221 0.607892 0.626185 
0.215784 0.62965 0.746309 
0.885456 0.34785 0.308168 
0.421401 0.0219135 0.90661 
0.451475 0.607156 0.65386 
0.450384 0.574628 0.683342 
0.0221567 0.974893 0.221567 
0.179642 0.354605 0.917597 
0.417915 0.634611 0.650089 
0.400142 0.600213 0.692554 
0.377095 0.798334 0.469533 
0.489153 0.831693 0.262707 
0.313383 0.371445 0.873968 
0.443192 0.641482 0.626164 
0.737745 0.509229 0.443192 
0.435649 0.443192 0.783448 
0.879727 0.443192 0.172228 
0.47237 0.83647 0.27782 
0.526254 0.0724348 0.847237 
0 0.86197 0.50696 
0.413772 0.536371 0.735594 
0.0877283 0.600791 0.794578 
0.489936 0.750215 0.444005 
0.946617 0.0965139 0.307574 
0.376477 0.233846 0.896427 
0.587099 0.0283979 0.809017 
0.189605 0.406297 0.893853 
0.0213959 0.464723 0.885197 
0.987847 0.0651328 0.141121 
0.875021 0.238243 0.421401 
0.135121 0.779674 0.611433 
0.354605 0.267364 0.895975 
0.158012 0.146952 0.976441 
0.579548 0.322267 0.748511 
0.568065 0.762227 0.310343 
0.449518 0.697528 0.558022 
0.526389 0.712173 0.464461 
0.518289 0.612523 0.596818 
0.417714 0.618836 0.665249 
0.644842 0.685153 0.338738 
0.111887 0.984609 0.134265 
0.483736 0.210721 0.849468 
0.607163 0.114808 0.78624 
0.38793 0.447612 0.805701 
0.019391 0.0484775 0.998636 
0.317147 0.896427 0.309574 
0.401919 0.896427 0.186761 
0.285789 0.896427 0.338738 
0.896427 0.147099 0.418068 
0.958246 0.222945 0.179055 
0.935016 0.0427429 0.352019 
0.228958 0.299631 0.926175 
0.29389 0.464723 0.835261 
0.464723 0.149073 0.872817 
0.0716205 0.943312 0.324088 
0.225848 0.885456 0.406153 
0.144489 0.50164 0.852924 
0.926175 0.206653 0.315429 
0.185594 0.426055 0.885456 
0.247693 0.533047 0.809017 
0.295684 0.955286 0 
0.687684 0.366765 0.626557 
0.141797 0.971072 0.192127 
0.536371 0.413772 0.735594 
0.678246 0.316515 0.663174 
0.476867 0.738374 0.476867 
0.348565 0.72744 0.591045 
0.885456 0.195835 0.421446 
0.324614 0.332555 0.885456 
0.492133 0.7382 0.461375 
0.809017 0.581617 0.0849285 
0.214211 0.0260099 0.976441 
0.794578 0.391524 0.464064 
0.507152 0.737676 0.445679 
0.675565 0.383844 0.629504 
0.0780814 0.80524 0.587785 
0.563243 0.168075 0.809017 
0.707055 0.513706 0.485983 
0.792579 0.485983 0.368291 
0.976441 0.171457 0.131016 
0.475169 0.311307 0.822984 
0.45247 0.831962 0.321108 
0.779674 0.149856 0.607989 
0.447612 0.805701 0.38793 
0.0137266 0.567899 0.822984 
0.871921 0.309017 0.379818 
0.370447 0.869126 0.327703 
0.188547 0.963087 0.192127 
0.228958 0.562339 0.794578 
0.412418 0.519341 0.748462 
0.783448 0.435649 0.443192 
0.504593 0.0965139 0.857946 
0.681016 0.718627 0.140688 
0.613572 0.383482 0.690268 
0.805701 0.447612 0.38793 
0.921088 0.331908 0.203552 
0.906874 0.247693 0.340921 
0.487542 0.761785 0.426599 
0.646944 0.377095 0.66277 
0.71539 0.0172916 0.698511 
0.244683 0.0699094 0.96708 
0.762316 0.472636 0.442143 
0.349691 0.623362 0.699382 
0.0905174 0.995692 0.020115 
0.77399 0.120537 0.62162 
0.59433 0.365741 0.716244 
0.232108 0.941328 0.245003 
0.725225 0.443192 0.526907 
0.735918 0.377095 0.562339 
0.472636 0.442143 0.762316 
0.749834 0.548013 0.370716 
0.572099 0.663123 0.482671 
0.612521 0.681016 0.401292 
0.421401 0.496978 0.758573 
0.871921 0.379818 0.309017 
0.790605 0.343093 0.50718 
0.472636 0.762316 0.442143 
0.382158 0.822421 0.421401 
0.724516 0.266149 0.6358 
0.650769 0.734566 0.192127 
0.673977 0.262707 0.690464 
0.168357 0.617247 0.768545 
0.144489 0.984887 0.0955011 
0.395029 0.759671 0.516577 
0.0737671 0.644842 0.760748 
0.0909317 0.976441 0.195689 
0.150728 0.976441 0.154415 
0.329646 0.554404 0.764179 
0.712686 0.480288 0.511275 
0.644842 0.0921281 0.758743 
0.50696 0.861718 0.0208284 
0 0.50696 0.86197 
0.50696 0.400577 0.763236 
0.841663 0.50696 0.185999 
0.50696 0.645194 0.571592 
0.506653 0.50696 0.697348 
0.805956 0.305659 0.50696 
0.206774 0.976441 0.0617026 
0.677967 0.400617 0.616334 
0.467496 0.670078 0.576579 
0.942144 0.208205 0.262707 
0.0396952 0.997373 0.0605895 
0.651366 0.333257 0.681662 
0.681662 0.651366 0.333257 
0.0483134 0.285612 0.957127 
0.149235 0.822984 0.548112 
0.168357 0.54019 0.82453 
0.118279 0.212902 0.969888 
0.158908 0.906874 0.390291 
0.0239102 0.144489 0.989217 
0.646919 0.720432 0.249946 
0.264836 0.107829 0.958246 
0.781698 0.459749 0.421401 
0.666667 0.666667 0.333333 
0.322698 0.467508 0.822984 
0.507152 0.445679 0.737676 
0.239316 0.430313 0.870378 
0.698511 0.0518343 0.713719 
0.407318 0.467662 0.784465 
0.299208 0.628337 0.7181 
0.329488 0.0400071 0.943312 
0.989506 0.127939 0.0671474 
0.45481 0.849468 0.267492 
0.849468 0.267492 0.45481 
0.924293 0.128374 0.359447 
0.979934 0.102551 0.170919 
0.977904 0.0795969 0.193307 
0.332116 0.603847 0.724616 
0.867596 0.485983 0.105345 
0.878512 0.285946 0.382689 
0.377095 0.899262 0.221648 
0.409185 0.48496 0.772905 
0.485983 0.84327 0.229598 
0.602096 0.616825 0.50696 
0.307807 0.794578 0.523356 
0.517524 0.564571 0.642984 
0.86197 0.235596 0.448891 
0.214033 0.663123 0.717257 
0.30889 0.808998 0.500108 
0.779674 0.368062 0.506594 
0.768679 0.527525 0.361731 
0.120537 0.329488 0.936434 
0.515765 0.52764 0.674968 
0.52764 0.163205 0.833642 
0.761486 0.376477 0.52764 
0.376477 0.761486 0.52764 
0.794266 0.301225 0.52764 
0.794266 0.52764 0.301225 
0.52764 0.376477 0.761486 
0.52764 0.465519 0.710555 
0.824784 0.52764 0.203291 
0.171978 0.912807 0.370414 
0.763155 0.587785 0.268519 
0.873968 0.440726 0.204794 
0.599708 0.248659 0.760605 
0.629504 0.675565 0.383844 
0.48496 0.772905 0.409185 
0.279714 0.780256 0.559429 
0.935016 0.34215 0.0931573 
0.332647 0.619933 0.710654 
0.285946 0.403806 0.869009 
0.221648 0.377095 0.899262 
0.548013 0.296616 0.782113 
0.822023 0.567401 0.0483134 
0.0483134 0.822023 0.567401 
0.567401 0.822023 0.0483134 
0.640011 0.282796 0.714431 
0.928918 0.314001 0.19625 
0.83647 0.382793 0.392157 
0.389932 0.464919 0.794861 
0.852836 0.390281 0.346916 
0.538877 0.234741 0.809017 
0.150728 0.682055 0.715599 
0.533469 0.643301 0.549159 
0.926175 0.355718 0.125161 
0.316371 0.693004 0.647808 
0.644019 0.703927 0.299544 
0.285946 0.878512 0.382689 
0.958246 0.239185 0.156702 
0.455278 0.773972 0.440102 
0.510485 0.780742 0.360342 
0.811779 0.464723 0.35362 
0.324443 0.486664 0.811107 
0.0442933 0.998832 0.0192947 
0.500108 0.30889 0.808998 
0.191067 0.10028 0.976441 
0.99741 0.0398964 0.0598446 
0.99741 0.0598446 0.0398964 
0.814939 0.276497 0.509337 
0.279441 0.315423 0.906874 
0.906874 0.4066 0.110705 
0.368291 0.906874 0.204794 
0.50696 0.709387 0.489655 
0.79379 0.374429 0.47927 
0.443192 0.172228 0.879727 
0.124307 0.621533 0.773463 
0.316084 0.632169 0.707427 
0.0323459 0.985726 0.165221 
0.350177 0.669904 0.654679 
0.377755 0.186761 0.906874 
0.377755 0.906874 0.186761 
0 0.999607 0.0280264 
0.394017 0.847942 0.354605 
0.568065 0.814348 0.118912 
0.4215 0.896427 0.136954 
0.897085 0.345033 0.276026 
0.835493 0.0404127 0.548013 
0.262707 0.924588 0.275902 
0.951057 0.286204 0.116529 
0.206653 0.926175 0.315429 
0.415648 0.816452 0.400804 
0.215784 0.969322 0.117697 
0.927467 0.0877334 0.363467 
0.681016 0.724585 0.105805 
0.29874 0.612418 0.731914 
0.0931239 0.0253549 0.995332 
0.167165 0.171254 0.970942 
0.548013 0.160708 0.820887 
0.548013 0.441355 0.710555 
0.758573 0.352489 0.548013 
0.598577 0.584284 0.548013 
0.0202123 0.836226 0.548013 
0.699682 0.458396 0.548013 
0.782113 0.548013 0.296616 
0.283047 0.700168 0.655476 
0.181235 0.0637684 0.98137 
0.607163 0.783236 0.133773 
0.249823 0.963603 0.0951707 
0.276497 0.509337 0.814939 
0.419434 0.902641 0.0965139 
0.275218 0.825654 0.492495 
0.282796 0.640011 0.714431 
0.607163 0.794346 0.0192 
0.330612 0.751391 0.571057 
0.0924841 0.285946 0.953772 
0.0534208 0.108052 0.992709 
0.214028 0.943312 0.253682 
0.344908 0.499685 0.794578 
0.563571 0.485983 0.667988 
0.571678 0.263851 0.776896 
0.819815 0.30743 0.483105 
0.537803 0.820887 0.192127 
0.615653 0.747579 0.249193 
0.70789 0.377095 0.597237 
0.656164 0.740656 0.144489 
0.100825 0.548013 0.830371 
0.53867 0.262056 0.800726 
0.859726 0.464723 0.211903 
0.577884 0.729959 0.364979 
0.587785 0 0.809017 
0.464723 0.885197 0.0213959 
0.762308 0.0724348 0.643148 
0.159506 0.794578 0.585836 
0.976441 0.215784 0 
0.215784 0.976441 0 
0.822984 0.344908 0.451372 
0.484707 0.0724348 0.871672 
0.443192 0.129524 0.88702 
0.244509 0.819826 0.517785 
0.312564 0.550707 0.773967 
0.604328 0.790868 0.0965139 
0.507555 0.206653 0.83647 
0.299208 0.7181 0.628337 
0.315429 0.926175 0.206653 
0.283047 0.655476 0.700168 
0.699382 0.623362 0.349691 
0.45809 0.885456 0.0782394 
0.822984 0.226865 0.520797 
0.656425 0.610481 0.443192 
0.266615 0.666539 0.696163 
0.613281 0.309017 0.726907 
0.926175 0.263405 0.269849 
0.474016 0.805956 0.354605 
0.775858 0.215784 0.592858 
0.62454 0.0724348 0.777626 
0.0575965 0.99834 0 
0.266674 0.6815 0.6815 
0.398898 0.0192947 0.916792 
0.328541 0.537613 0.776552 
0.283172 0.685575 0.670671 
0.602645 0.560465 0.568065 
0.568065 0.641659 0.51534 
0.0397611 0.568065 0.822023 
0.699098 0.434239 0.568065 
0.568065 0.688401 0.451005 
0.568065 0.451005 0.688401 
0.515751 0.672039 0.53138 
0.354191 0.935016 0.0171322 
0.84911 0.345718 0.399365 
0.281304 0.755079 0.592219 
0.0560162 0.461335 0.885456 
0.519341 0.748462 0.412418 
0.626002 0.015131 0.779674 
0.831193 0.485983 0.270071 
0.658817 0.50696 0.555834 
0.233832 0.716111 0.657653 
0.33993 0.812877 0.472947 
0.833642 0.52764 0.163205 
0.696163 0.666539 0.266615 
0.548013 0.782113 0.296616 
0.44716 0.724708 0.524257 
0.317451 0.86197 0.395264 
0.523793 0.120537 0.843274 
0.843274 0.120537 0.523793 
0.289037 0.838206 0.462459 
0.198667 0.553428 0.808857 
0.282162 0.794578 0.537616 
0.505287 0.259862 0.822896 
0.0882652 0.72693 0.681016 
0.653657 0.748511 0.111641 
0.190111 0.98137 0.0277602 
0.139591 0.642118 0.75379 
0.701946 0.672699 0.233982 
0.0851489 0.434935 0.896427 
0.281923 0.741902 0.60836 
0.0155818 0.644654 0.764316 
0.297416 0.758411 0.579962 
0.767868 0.280567 0.575901 
0.662348 0.747637 0.0483134 
0.234032 0.68747 0.68747 
0.172332 0.935016 0.309913 
0.309913 0.935016 0.172332 
0.857946 0.504593 0.0965139 
0.213029 0.823711 0.525471 
0.0192947 0.998832 0.0442933 
0.331908 0.903925 0.269736 
0.895975 0.285946 0.339799 
0.545454 0.0528908 0.83647 
0.834273 0.546573 0.0724348 
0.670671 0.283172 0.685575 
0.644842 0.546944 0.533883 
0.0516405 0.233678 0.970942 
0.738173 0.265742 0.620066 
0.223161 0.138615 0.964876 
0.964876 0.223161 0.138615 
0.109579 0.935016 0.337249 
0.579395 0.0989578 0.809017 
0.181235 0.98137 0.0637684 
0.0754783 0.779674 0.62162 
0.779674 0.0754783 0.62162 
0.233982 0.672699 0.701946 
0.250271 0.691925 0.677203 
0.691925 0.677203 0.250271 
0.635638 0.764316 0.108564 
0.764316 0.108564 0.635638 
0.110243 0.702797 0.702797 
0.310236 0.517059 0.797749 
0.396453 0.910108 0.120537 
0.548013 0.836226 0.0202123 
0.731914 0.612418 0.29874 
0.161302 0.458434 0.873968 
0.296565 0.771069 0.563473 
0.972066 0.165963 0.165963 
0.81585 0.548589 0.182863 
0.626185 0.77399 0.0939794 
0.568065 0.709387 0.41722 
0.568065 0.41722 0.709387 
0.99834 0 0.0575965 
0.99834 0.0575965 0 
0.587015 0.50696 0.631193 
0.325935 0.800022 0.503718 
0.906874 0.110705 0.4066 
0.427489 0.368525 0.825496 
0.904492 0.0656893 0.421401 
0.735402 0.12488 0.666025 
0.601767 0.15394 0.783696 
0.302417 0.849647 0.432024 
0.485983 0.864797 0.126279 
0.250162 0.662194 0.706341 
0.250162 0.706341 0.662194 
0.587015 0.631193 0.50696 
0.785508 0.587785 0.19361 
0.491205 0.642827 0.587785 
0.587785 0.475528 0.654509 
0.806892 0.058601 0.587785 
0.808781 0.0195489 0.587785 
0.0195489 0.587785 0.808781 
0.305076 0.587785 0.749291 
0.521688 0.587785 0.618344 
0.587785 0.763155 0.268519 
0.374928 0.263838 0.888717 
0.354605 0.782113 0.512401 
0.951057 0.193502 0.240933 
0.777643 0.590433 0.216012 
0.239316 0.589519 0.771489 
0.338038 0.926175 0.167125 
0.832565 0.080731 0.548013 
0.672699 0.701946 0.233982 
0.763155 0.554465 0.331908 
0.428293 0.749512 0.504774 
0.380196 0.497553 0.779674 
0.537186 0.197911 0.819916 
0.548013 0.834273 0.0605895 
0.719381 0.155161 0.677064 
0.443192 0.879727 0.172228 
0.413017 0.826034 0.383516 
0.421401 0.195689 0.885509 
0.617213 0.154303 0.771517 
0.992709 0.117034 0.0288463 
0.424686 0.858997 0.285946 
0.873968 0.204794 0.440726 
0.662432 0.155037 0.732903 
0.728716 0.464723 0.502996 
0.415976 0.602645 0.681016 
0.41722 0.709387 0.568065 
0.569649 0.612521 0.548013 
0.243216 0.960704 0.133769 
0.964876 0.11643 0.235498 
0.120537 0.743053 0.658288 
0.0484775 0.019391 0.998636 
0.550953 0.587785 0.592418 
0.0214121 0.442674 0.896427 
0.654174 0.579548 0.485983 
0.779674 0.619614 0.0904769 
0.896427 0.317147 0.309574 
0.13022 0.906874 0.400776 
0.197085 0.520869 0.830574 
0.864821 0.304291 0.399365 
0.808857 0.198667 0.553428 
0.663174 0.678246 0.316515 
0.686229 0.663123 0.298929 
0.456065 0.192127 0.86896 
0.587981 0.264591 0.764375 
0.916792 0.369881 0.150598 
0.328671 0.226865 0.916792 
0.132552 0.916792 0.376725 
0.805276 0.546437 0.230079 
0.840139 0.304188 0.44904 
0.220779 0.41396 0.883116 
0.679227 0.730345 0.0724348 
0.64039 0.656056 0.399365 
0.760748 0.641832 0.0965139 
0.964876 0.262017 0.0190292 
0.999077 0.019213 0.038426 
0.999077 0.038426 0.019213 
0.959754 0.0959754 0.263932 
0.325099 0.141617 0.935016 
0.976441 0.197829 0.0861766 
0.775858 0.607163 0.171457 
0.402819 0.684902 0.607163 
0.35215 0.712281 0.607163 
0.607163 0.79249 0.0575551 
0.208741 0.766669 0.607163 
0.607163 0.703564 0.369259 
0.245538 0.755688 0.607163 
0.607163 0.766669 0.208741 
0.783236 0.607163 0.133773 
0.0965139 0.760748 0.641832 
0.859705 0.0624366 0.50696 
0.383482 0.690268 0.613572 
0.690268 0.613572 0.383482 
0.576835 0.793945 0.192127 
0 0.607163 0.794578 
0.211079 0.492518 0.844317 
0.775237 0.563243 0.285946 
0.849468 0.512308 0.126273 
0.995037 0.0995037 0 
0.30743 0.819815 0.483105 
0.672941 0.715895 0.186133 
0.451219 0.239316 0.859726 
0.535102 0.816764 0.215784 
0.411689 0.283924 0.865967 
0.711321 0.541223 0.448442 
0.0507943 0.418329 0.906874 
0.231335 0.168075 0.958246 
0.70847 0.694578 0.125024 
0.375983 0.361522 0.853193 
0.86197 0.371231 0.345248 
0.217004 0.752281 0.622079 
0.587785 0.749291 0.305076 
0.703927 0.299544 0.644019 
0.71539 0.698307 0.0241637 
0.28301 0.28301 0.916412 
0.144489 0.925205 0.350884 
0.843865 0.407383 0.349186 
0.753406 0.168357 0.635638 
0.149235 0.216204 0.964876 
0.212535 0.964876 0.154416 
0.964876 0.138615 0.223161 
0.905815 0.420909 0.0483134 
0.441123 0.896427 0.0427742 
0.263005 0.555233 0.789015 
0.555233 0.263005 0.789015 
0.291979 0.81754 0.496364 
0.280619 0.940394 0.192127 
0.940394 0.192127 0.280619 
0.462554 0.0965139 0.881322 
0.136954 0.277011 0.951057 
0.943312 0.29389 0.154245 
0.260501 0.358549 0.896427 
0.748292 0.663123 0.0180868 
0.387378 0.86084 0.329989 
0.642827 0.467041 0.607163 
0.610229 0.0949245 0.786517 
0.224795 0.46364 0.857032 
0.146839 0.112953 0.98269 
0.441978 0.842119 0.309017 
0.995332 0.0548262 0.0794294 
0.0353784 0.731414 0.681016 
0.738272 0.671156 0.0671156 
0.963749 0.262401 0.0483134 
0.849647 0.432024 0.302417 
0.400902 0.632192 0.663031 
0.706812 0.201946 0.677963 
0.864797 0.126279 0.485983 
0.485983 0.126279 0.864797 
0.0548262 0.0794294 0.995332 
0.0794294 0.995332 0.0548262 
0.276497 0.814939 0.509337 
0.142539 0.0767518 0.986809 
0.131264 0.768545 0.626185 
0.769421 0.309017 0.559017 
0.916792 0.0192947 0.398898 
0.215784 0.841663 0.495016 
0.580983 0.382225 0.718584 
0.714799 0.399365 0.574082 
0.273842 0.83594 0.475621 
0.607163 0.742943 0.281761 
0.830574 0.197085 0.520869 
0.424547 0.834454 0.351349 
0.221132 0.215852 0.951057 
0.626185 0.186588 0.757018 
0.25878 0.626185 0.735476 
0.626185 0.530971 0.570931 
0.0376687 0.778764 0.626185 
0.652174 0.427271 0.626185 
0.626185 0.488221 0.607892 
0.626185 0.25878 0.735476 
0.707067 0.328556 0.626185 
0.642691 0.763195 0.0669469 
0.136234 0.844652 0.51769 
0.692656 0.719297 0.0532813 
0.568065 0.746343 0.346806 
0.882012 0.310339 0.354605 
0.86197 0.443067 0.246374 
0.319972 0.919918 0.226647 
0.479048 0.862286 0.164245 
0.316084 0.707427 0.632169 
0.707427 0.632169 0.316084 
0.300038 0.239316 0.923421 
0.873968 0.0933704 0.47693 
0.603847 0.724616 0.332116 
0.603847 0.332116 0.724616 
0.361731 0.527525 0.768679 
0.744881 0.0532058 0.665072 
0.874831 0.430473 0.222179 
0.221059 0.273073 0.93625 
0.192127 0.952853 0.234857 
0.354605 0.0677277 0.93256 
0.869009 0.259317 0.421401 
0.138702 0.596417 0.7906 
0.315389 0.946167 0.0727821 
0.350015 0.684812 0.639158 
0.777626 0.626185 0.0564756 
0.213012 0.332831 0.918613 
0.168357 0.89393 0.415386 
0.353624 0.876988 0.325334 
0.330962 0.873968 0.35587 
0.192127 0.165221 0.967362 
0.92167 0.168357 0.349543 
0.926523 0.291193 0.238249 
0.935016 0.265426 0.235147 
0.471862 0.239316 0.848572 
0.581844 0.54112 0.607163 
0.237571 0.970942 0.0288463 
0.256424 0.412827 0.873968 
0.539753 0.672056 0.50696 
0.0666845 0.613497 0.786877 
0.827693 0.542262 0.144489 
0.0202986 0.101493 0.994629 
0.11722 0.991046 0.0639384 
0.50696 0.145119 0.849666 
