0 0 1 
1 0 0 
0 1 0 
0.132756 0.4329 0.434343 
0.565657 0 0.434343 
0.242424 0.0808081 0.676768 
0.217687 0.671202 0.111111 
0.674242 0.224747 0.10101 
0 0.292929 0.707071 
0 0.676768 0.323232 
0.767677 0 0.232323 
0.0394249 0.819161 0.141414 
0.378788 0.126263 0.494949 
0.537879 0.179293 0.282828 
0.846939 0.153061 0 
0.146877 0.00463822 0.848485 
0.174397 0.552876 0.272727 
0.00386518 0.14765 0.848485 
0.173469 0.826531 0 
0 0.434343 0.565657 
0.383838 0 0.616162 
0 0.555556 0.444444 
0.879819 0.00907029 0.111111 
0.103535 0.310606 0.585859 
0.640074 0.0568955 0.30303 
0.104515 0.683364 0.212121 
0.766698 0.11209 0.121212 
0.483457 0.112503 0.40404 
0.655483 0.142496 0.20202 
0.465059 0.0197897 0.515152 
0.755102 0.244898 0 
0.0636467 0.895949 0.040404 
0.0631313 0.189394 0.747475 
0.077046 0.57952 0.343434 
0.1376 0.761389 0.10101 
0.232323 0 0.767677 
0.310606 0.103535 0.585859 
0 0.757576 0.242424 
0.244949 0.734848 0.020202 
0.914811 0.0649866 0.020202 
0.0123686 0.0684395 0.919192 
0.309936 0.00319522 0.686869 
0.15502 0.491445 0.353535 
0.0833333 0.25 0.666667 
0.0190682 0.354669 0.626263 
0.197897 0.610183 0.191919 
0.0847763 0.389971 0.525253 
0.0509173 0.474335 0.474747 
0.559421 0.0971449 0.343434 
0.0808081 0 0.919192 
0.701093 0.0665842 0.232323 
0.839208 0.0900845 0.0707071 
0.762059 0.177335 0.0606061 
0 0.89899 0.10101 
0.0790559 0.516904 0.40404 
0.808442 0.0299423 0.161616 
0.107607 0.619666 0.272727 
0.166667 0.0555556 0.777778 
0.380952 0.0634921 0.555556 
0.707071 0 0.292929 
0 0.616162 0.383838 
0.626263 0 0.373737 
0.590909 0.19697 0.212121 
0.110235 0.829159 0.0606061 
0.0667904 0.751391 0.181818 
0.601113 0.12616 0.272727 
0 0.232323 0.767677 
0.939394 0 0.0606061 
0.442177 0.0830757 0.474747 
0.151515 0.69697 0.151515 
0.492424 0.164141 0.343434 
0.700886 0.157699 0.141414 
0.0451453 0.692228 0.262626 
0.504535 0.0510204 0.444444 
0.327974 0.0457638 0.626263 
0.424242 0.141414 0.434343 
0.122449 0.877551 0 
0 0.949495 0.0505051 
0.751391 0.0667904 0.181818 
0.194393 0.7349 0.0707071 
0.64162 0.196764 0.161616 
0.0510204 0.94898 0 
0.553494 0.0525665 0.393939 
0.0525665 0.634302 0.313131 
0.13121 0.545558 0.323232 
0 0.484848 0.515152 
0.0420532 0.301381 0.656566 
0.040404 0.242424 0.717172 
0.425479 0.00886415 0.565657 
0 0.808081 0.191919 
0.80102 0.19898 0 
0.716966 0.232529 0.0505051 
0.0510204 0.85807 0.0909091 
0.0505051 0.151515 0.79798 
0.204545 0.0681818 0.727273 
0.0401979 0.565863 0.393939 
0.146825 0.630952 0.222222 
0.0519481 0.372294 0.575758 
0.253968 0.02886 0.717172 
0.159864 0.789631 0.0505051 
0.515152 0 0.484848 
0.705473 0.112709 0.181818 
0.0328283 0.0984848 0.868687 
0.809008 0.140486 0.0505051 
0.0886415 0.780045 0.131313 
0.652134 0.0953412 0.252525 
0.128788 0.386364 0.484848 
0.0984848 0.0328283 0.868687 
0.59699 0.0494743 0.353535 
0.189961 0.00195836 0.808081 
0.00195836 0.189961 0.808081 
0.0435993 0.431148 0.525253 
0.887755 0.112245 0 
0.214286 0.785714 0 
0.040404 0 0.959596 
0.666667 0 0.333333 
0.80705 0.0717378 0.121212 
0.0911152 0.434137 0.474747 
0.283859 0.0797774 0.636364 
0 0.858586 0.141414 
0.88188 0.0474129 0.0707071 
0.118584 0.477376 0.40404 
0 0.717172 0.282828 
0.347866 0.106679 0.545455 
0.959184 0.0408163 0 
0.183931 0.654453 0.161616 
0.718924 0.190167 0.0909091 
0.112554 0.735931 0.151515 
0.108998 0.345547 0.545455 
0.0396825 0.515873 0.444444 
0.516234 0.12013 0.363636 
0.423882 0.0508658 0.525253 
0.00350443 0.0368996 0.959596 
0.234848 0.704545 0.0606061 
0.136364 0.0454545 0.818182 
0.0934343 0.280303 0.626263 
0.0555556 0.722222 0.222222 
0.848485 0 0.151515 
0.579674 0.1678 0.252525 
0.599258 0.0876108 0.313131 
0.462121 0.15404 0.383838 
0.550196 0.136673 0.313131 
0.181406 0.707483 0.111111 
0.0623067 0.331633 0.606061 
0.188002 0.579674 0.232323 
0.280355 0.0428778 0.676768 
0.0103072 0.393733 0.59596 
0.686456 0.0408163 0.272727 
0.103896 0.532468 0.363636 
0.171717 0.515152 0.313131 
0.0867347 0.913265 0 
0.00170068 0.331633 0.666667 
0.0839002 0.663575 0.252525 
0.728407 0.0190682 0.252525 
0.747629 0.151361 0.10101 
0.135384 0.581787 0.282828 
0.364873 0.0391672 0.59596 
0.618841 0.148835 0.232323 
0.0825603 0.81643 0.10101 
0.0362812 0.610183 0.353535 
0.587508 0.0185529 0.393939 
0.34632 0.00721501 0.646465 
0.876366 0.0832303 0.040404 
0.0284993 0.769481 0.20202 
0.842919 0.0358689 0.121212 
0.0836941 0.481962 0.434343 
0.516904 0.0790559 0.40404 
0.406566 0.0883838 0.505051 
0.00535972 0.519893 0.474747 
0.802412 0.106679 0.0909091 
0.850959 0.118738 0.030303 
0.1443 0.663781 0.191919 
0.206555 0.0358689 0.757576 
0.756957 0.21274 0.030303 
0.473356 0.0821995 0.444444 
0.73155 0.127036 0.141414 
0.751701 0.0361781 0.212121 
0.033189 0.896104 0.0707071 
0 0.262626 0.737374 
0 0.585859 0.414141 
0.969697 0 0.030303 
0.79798 0 0.20202 
0 0.646465 0.353535 
0.0328798 0.189342 0.777778 
0.474335 0.0509173 0.474747 
0.143476 0.826221 0.030303 
0.673676 0.195011 0.131313 
0.15404 0.462121 0.383838 
0.0415378 0.271593 0.686869 
0.0907029 0.717378 0.191919 
0.195836 0.76376 0.040404 
0.340188 0.0739538 0.585859 
0.0871985 0.862296 0.0505051 
0.915584 0.0339105 0.0505051 
0.0342713 0.925325 0.040404 
0.105133 0.581736 0.313131 
0.779221 0.0692641 0.151515 
0.0732323 0.219697 0.707071 
0.282828 0 0.717172 
0.0362812 0.125335 0.838384 
0.629767 0.0267986 0.343434 
0 0.111111 0.888889 
0.111111 0 0.888889 
0.536797 0.02886 0.434343 
0.625696 0.091476 0.282828 
0.678571 0.0992063 0.222222 
0.622913 0.175067 0.20202 
0.796537 0.17316 0.030303 
0.0385488 0.405896 0.555556 
0.0513296 0.787054 0.161616 
0.115955 0.793135 0.0909091 
0.420635 0.114719 0.464646 
0.0396825 0.667388 0.292929 
0.0347866 0.217739 0.747475 
0.141105 0.60637 0.252525 
0.0228819 0.724593 0.252525 
0.515152 0.171717 0.313131 
0.663471 0.164811 0.171717 
0.0768398 0.640332 0.282828 
0.778499 0.140693 0.0808081 
0.115955 0.64162 0.242424 
0.214646 0.643939 0.141414 
0.147959 0.730829 0.121212 
0.07349 0.552773 0.373737 
0.124613 0.501649 0.373737 
0.453102 0.112554 0.434343 
0.118738 0.36611 0.515152 
0.030303 0.464646 0.505051 
0.020202 0.969697 0.010101 
0.57081 0.146362 0.282828 
0.0822511 0.341991 0.575758 
0.536797 0.0894661 0.373737 
0.905123 0.0140693 0.0808081 
0.720625 0.0773552 0.20202 
0.675634 0.0213358 0.30303 
0.395125 0.0190167 0.585859 
0.0118532 0.452793 0.535354 
0.315399 0.0280355 0.656566 
0.848794 0.0602968 0.0909091 
0.121058 0.697124 0.181818 
0.0732323 0.421717 0.505051 
0.0293754 0.546382 0.424242 
0.184962 0.794836 0.020202 
0.753247 0.0952381 0.151515 
0.234642 0.058287 0.707071 
0.0213358 0.160482 0.818182 
0.454545 0 0.545455 
0.579623 0.117347 0.30303 
0.00855494 0.829829 0.161616 
0.120181 0.415172 0.464646 
0.37786 0.0968872 0.525253 
0.0853432 0.611626 0.30303 
0.147959 0.852041 0 
0.0744176 0.693259 0.232323 
0.660482 0.0667904 0.272727 
0.568182 0.0681818 0.363636 
0.0226757 0.866213 0.111111 
0.776438 0.041744 0.181818 
0.16141 0.0204082 0.818182 
0.613636 0.204545 0.181818 
0.102041 0.453515 0.444444 
0.405896 0.0385488 0.555556 
0.118738 0.850959 0.030303 
0.94496 0.0247372 0.030303 
0.169037 0.639043 0.191919 
0.0949804 0.884818 0.020202 
0.166976 0.742115 0.0909091 
0.20872 0.700371 0.0909091 
0.190579 0.678108 0.131313 
0.0530303 0.0176768 0.929293 
0.0241703 0.652597 0.323232 
0.0686456 0.305092 0.626263 
0.738095 0.201299 0.0606061 
0.52381 0.142857 0.333333 
0.100495 0.404556 0.494949 
0.0236549 0.491497 0.484848 
0.137343 0.519223 0.343434 
0.170635 0.607143 0.222222 
0.183983 0.0281385 0.787879 
0.00948258 0.91981 0.0707071 
0.646258 0.121418 0.232323 
0.491497 0.0236549 0.484848 
0.448361 0.0566893 0.494949 
0.0665842 0.27685 0.656566 
0.688827 0.139456 0.171717 
0.488868 0.137394 0.373737 
0.309421 0.0744176 0.616162 
0.239796 0.760204 0 
0.0757576 0.0252525 0.89899 
0.123686 0.0278293 0.848485 
0.0770975 0.367347 0.555556 
0.0371058 0.326531 0.636364 
0.0566893 0.448361 0.494949 
0.220315 0.739281 0.040404 
0.698773 0.220418 0.0808081 
0.0253556 0.802927 0.171717 
0.0612245 0.605442 0.333333 
0.0519481 0.584416 0.363636 
0.258606 0.00401979 0.737374 
0.824057 0.00422593 0.171717 
0.448361 0.137497 0.414141 
0.134199 0.805195 0.0606061 
0.299423 0.0541126 0.646465 
0.724593 0.0430839 0.232323 
0.163987 0.583488 0.252525 
0.561946 0.0239126 0.414141 
0.0181406 0.305092 0.676768 
0.0599876 0.91981 0.020202 
0.614616 0.0621521 0.323232 
0.651515 0.217172 0.131313 
0.0664811 0.802206 0.131313 
0.156463 0.540507 0.30303 
0.100495 0.556071 0.343434 
0.0544218 0.834467 0.111111 
0.230468 0.0321583 0.737374 
0.0220058 0.594156 0.383838 
0.031746 0.746032 0.222222 
0.539889 0.00556586 0.454545 
0.0219542 0.695217 0.282828 
0.0797258 0.839466 0.0808081 
0.824366 0.115028 0.0606061 
0.438569 0.0260771 0.535354 
0.0764791 0.458874 0.464646 
0.054731 0.541229 0.40404 
0.0909091 0.757576 0.151515 
0.721088 0.1678 0.111111 
0.00401979 0.783859 0.212121 
0.731086 0.0971965 0.171717 
0.82483 0.154968 0.020202 
0.513502 0.0218512 0.464646 
0.652597 0.0241703 0.323232 
0.913265 0.0867347 0 
0.062616 0.391929 0.545455 
0.161204 0.768089 0.0707071 
0.532055 0.0538033 0.414141 
0.281385 0.021645 0.69697 
0.492424 0.00252525 0.505051 
0.0401979 0.353741 0.606061 
0.00108225 0.211039 0.787879 
0.211039 0.00108225 0.787879 
0.0623067 0.250825 0.686869 
0.116574 0.762214 0.121212 
0.0630798 0.664193 0.272727 
0.625438 0.122037 0.252525 
0.0209235 0.272006 0.707071 
0.780612 0.219388 0 
0.938776 0.0612245 0 
0.979592 0.0204082 0 
0.821429 0.178571 0 
0.867347 0.132653 0 
0.267007 0.0663265 0.666667 
0.698413 0.190476 0.111111 
0.777623 0.0203566 0.20202 
0.67584 0.12214 0.20202 
0.496444 0.0793135 0.424242 
0.734848 0.244949 0.020202 
0.0634921 0.502165 0.434343 
0 0.969697 0.030303 
0.020202 0 0.979798 
0 0.69697 0.30303 
0.646465 0 0.353535 
0.539322 0.117244 0.343434 
0.0200989 0.242527 0.737374 
0.219955 0.759843 0.020202 
0.131519 0.454339 0.414141 
0.866883 0.0321068 0.10101 
0.102041 0.50402 0.393939 
0.819934 0.0487528 0.131313 
0.0128839 0.0881262 0.89899 
0.400639 0.0640074 0.535354 
0.124613 0.663265 0.212121 
0.0265925 0.842094 0.131313 
0 0.737374 0.262626 
0.0234488 0.633117 0.343434 
0.198619 0.629664 0.171717 
0.779839 0.199959 0.020202 
0.0165945 0.12482 0.858586 
0.61039 0.025974 0.363636 
0.780045 0.0886415 0.131313 
0.186766 0.0556586 0.757576 
0.0197897 0.949907 0.030303 
0.360544 0.0839002 0.555556 
0 0.878788 0.121212 
0 0.353535 0.646465 
0.727273 0 0.272727 
0.705525 0.0419501 0.252525 
0.0542672 0.21846 0.727273 
0.556792 0.180581 0.262626 
0.599258 0.168419 0.232323 
0.364255 0.0195836 0.616162 
0.0623067 0.877087 0.0606061 
0.895949 0.0636467 0.040404 
0.825603 0.0733869 0.10101 
0.585859 0 0.414141 
0.402134 0.113018 0.484848 
0.682643 0.064832 0.252525 
0.894815 0.0849825 0.020202 
0.0521542 0.170068 0.777778 
0.328231 0.00510204 0.666667 
0.0255102 0.429035 0.545455 
0.383117 0.0411255 0.575758 
0.0929705 0.735312 0.171717 
0.740981 0.178211 0.0808081 
0.401515 0.133838 0.464646 
0.00103072 0.0191713 0.979798 
0.747475 0 0.252525 
0.598743 0.148732 0.252525 
0 0.373737 0.626263 
0.33019 0.104154 0.565657 
0.581633 0.085034 0.333333 
0.663781 0.04329 0.292929 
0.129303 0.00200989 0.868687 
0.012987 0.411255 0.575758 
0.101835 0.665842 0.232323 
0.256648 0.0463822 0.69697 
0.0971965 0.36745 0.535354 
0.781231 0.158163 0.0606061 
0.10637 0.327974 0.565657 
0.363636 0.0606061 0.575758 
0.575294 0.0408679 0.383838 
0.536951 0.160019 0.30303 
0.108225 0.598846 0.292929 
0.0488559 0.749124 0.20202 
0.0864255 0.307514 0.606061 
0.602453 0.104618 0.292929 
0.163265 0.806432 0.030303 
0.562822 0.113946 0.323232 
0.124047 0.714337 0.161616 
0.426768 0.0681818 0.505051 
0.147908 0.680375 0.171717 
0.748093 0.0195836 0.232323 
0.131571 0.565399 0.30303 
0.51242 0.103742 0.383838 
0.705009 0.0222635 0.272727 
0.606061 0 0.393939 
0.02886 0.37518 0.59596 
0.287879 0.0959596 0.616162 
0 0.171717 0.828283 
0.686869 0 0.313131 
0.0189652 0.213358 0.767677 
0.679654 0.168831 0.151515 
0.504638 0.141826 0.353535 
0.638683 0.179499 0.181818 
0.00803958 0.0525665 0.939394 
0.343692 0.0502474 0.606061 
0.71006 0.128324 0.161616 
0.215677 0.723717 0.0606061 
0.864255 0.00443208 0.131313 
0.162853 0.0391672 0.79798 
0.00257679 0.502474 0.494949 
0.19295 0.594929 0.212121 
0.363636 0.121212 0.515152 
0.575758 0.191919 0.232323 
0.0883838 0.265152 0.646465 
0.229798 0.689394 0.0808081 
0.239899 0.719697 0.040404 
0.477273 0.159091 0.363636 
0.700268 0.0977118 0.20202 
0.298495 0.0247372 0.676768 
0.0502474 0.707328 0.242424 
0.468975 0.036075 0.494949 
0.0278293 0.881262 0.0909091 
0.0459184 0.772263 0.181818 
0.17316 0.675325 0.151515 
0.0382395 0.497114 0.464646 
0.0111317 0.534323 0.454545 
0.0848794 0.531282 0.383838 
0.0828695 0.593898 0.323232 
0.0227788 0.320656 0.656566 
0.076376 0.711503 0.212121 
0.448052 0.0974026 0.454545 
0.0324675 0.391775 0.575758 
0.0267986 0.175222 0.79798 
0.862915 0.0663781 0.0707071 
0.15368 0.563492 0.282828 
0.748763 0.130025 0.121212 
0.0179344 0.567924 0.414141 
0.420532 0.0946197 0.484848 
0.836683 0.0219027 0.141414 
0.135178 0.480983 0.383838 
0.182127 0.757267 0.0606061 
0.0952381 0.793651 0.111111 
0.445269 0.0395795 0.515152 
0.852608 0.0968872 0.0505051 
0.0177798 0.67919 0.30303 
0.801484 0.0166976 0.181818 
0.0528757 0.522882 0.424242 
0.731602 0.0562771 0.212121 
0.140693 0.778499 0.0808081 
0.103175 0.816017 0.0808081 
0.0640074 0.481447 0.454545 
0.779736 0.119254 0.10101 
0.168419 0.700268 0.131313 
0.87482 0.104978 0.020202 
0.473098 0.132962 0.393939 
0.0435993 0.138219 0.818182 
0.105751 0.470006 0.424242 
0.475881 0.0998763 0.424242 
0.171717 0 0.828283 
0.622294 0.0746753 0.30303 
0.186869 0.560606 0.252525 
0.801278 0.128015 0.0707071 
0.140177 0.718409 0.141414 
0.0896722 0.496186 0.414141 
0.0653989 0.409349 0.525253 
0.635127 0.152752 0.212121 
0.75974 0.159452 0.0808081 
0.176768 0.530303 0.292929 
0.159864 0.506803 0.333333 
0.773552 0.186044 0.040404 
0.793651 0.0952381 0.111111 
0.190167 0.718924 0.0909091 
0.0940528 0.643321 0.262626 
0.934807 0.0449907 0.020202 
0.414141 0 0.585859 
0.193878 0.806122 0 
0.199546 0.689342 0.111111 
0.012987 0.623377 0.363636 
0.48423 0.0612245 0.454545 
0.388889 0.106061 0.505051 
0.672542 0.085034 0.242424 
0.0399918 0.939806 0.020202 
0.494383 0.0409709 0.464646 
0.662338 0.186147 0.151515 
0.796537 0.0519481 0.151515 
0.0735931 0.774892 0.151515 
0.635333 0.0414348 0.323232 
0.148475 0.528293 0.323232 
0.464337 0.0710163 0.464646 
0.730829 0.147959 0.121212 
0.474747 0 0.525253 
0.064832 0.682643 0.252525 
0.0442177 0.622449 0.333333 
0.691404 0.177283 0.131313 
0.257576 0.0858586 0.656566 
0.0435993 0.905896 0.0505051 
0.433673 0.121882 0.444444 
0.061276 0.352865 0.585859 
0.12853 0.740157 0.131313 
0.120594 0.535972 0.343434 
0.12616 0.601113 0.272727 
0.221243 0.0514842 0.727273 
0.89899 0 0.10101 
0.215729 0.0165945 0.767677 
0.164811 0.663471 0.171717 
0.345135 0.0286023 0.626263 
0.0577201 0.649351 0.292929 
0.0164914 0.791589 0.191919 
0.319522 0.0845187 0.59596 
0.8859 0.0231911 0.0909091 
0.111317 0.434137 0.454545 
0.239641 0.0128839 0.747475 
0.0946712 0.0164399 0.888889 
0.113946 0.562822 0.323232 
0.0651412 0.732839 0.20202 
0.179138 0.618841 0.20202 
0.0711194 0.858174 0.0707071 
0.832303 0.127293 0.040404 
0.0445269 0.197897 0.757576 
0.834467 0.0544218 0.111111 
0.0782828 0.234848 0.686869 
0.015873 0.761905 0.222222 
0.820707 0.0984848 0.0808081 
0.647289 0.160792 0.191919 
0.108586 0.386364 0.505051 
0.327613 0.0663265 0.606061 
0 0.313131 0.686869 
0.534941 0.0711194 0.393939 
0.514069 0.0616883 0.424242 
0.496702 0.11946 0.383838 
0.761389 0.0769944 0.161616 
0.131416 0.62616 0.242424 
0.113894 0.0174191 0.868687 
0.739281 0.220315 0.040404 
0.0606061 0 0.939394 
0.762626 0.227273 0.010101 
0.102041 0.897959 0 
0.0714286 0.928571 0 
0.589569 0.0669965 0.343434 
0.0154607 0.742115 0.242424 
0.0255617 0.28757 0.686869 
0.49866 0.0972995 0.40404 
0.14899 0.44697 0.40404 
0.227273 0.0757576 0.69697 
0.720676 0.208617 0.0707071 
0.76912 0.0591631 0.171717 
0.143682 0.0280355 0.828283 
0.0760668 0.28757 0.636364 
0.758606 0.0494743 0.191919 
0.363636 0 0.636364 
0.0300969 0.707277 0.262626 
0.0493197 0.284014 0.666667 
0.199959 0.779839 0.020202 
0.839827 0.139971 0.020202 
0.0749845 0.904813 0.020202 
0.109977 0.869821 0.020202 
0.058287 0.234642 0.707071 
0.547001 0.038858 0.414141 
0.463307 0.122552 0.414141 
0.615955 0.111317 0.272727 
0.64564 0.0816327 0.272727 
0.0214389 0.140177 0.838384 
0.564007 0.163265 0.272727 
0.0977118 0.700268 0.20202 
0.0735931 0.441558 0.484848 
0.249227 0.0639043 0.686869 
0.00680272 0.659864 0.333333 
0.156566 0.833333 0.010101 
0.203463 0.746032 0.0505051 
0.127809 0.680272 0.191919 
0.0783344 0.881262 0.040404 
0.181148 0.778448 0.040404 
0.672078 0.146104 0.181818 
0.694444 0.0833333 0.222222 
0.0519481 0.311688 0.636364 
0.0145331 0.934962 0.0505051 
0.930118 0.0193774 0.0505051 
0.0290662 0.445681 0.525253 
0.392393 0.0823542 0.525253 
0.101732 0.847763 0.0505051 
0.0162338 0.337302 0.646465 
0.197124 0.661462 0.141414 
0.0162338 0.195887 0.787879 
0.661925 0.105751 0.232323 
0.131313 0.858586 0.010101 
0 0.131313 0.868687 
0.0887446 0.325397 0.585859 
0.0595238 0.294012 0.646465 
0.522367 0.04329 0.434343 
0.692641 0.01443 0.292929 
0.551227 0.01443 0.434343 
0.268398 0.01443 0.717172 
0.0218512 0.513502 0.464646 
0.33189 0.021645 0.646465 
0.150639 0.647341 0.20202 
0.75572 0.193774 0.0505051 
0.130952 0.646825 0.222222 
0.0391672 0.72851 0.232323 
0.0565863 0.559575 0.383838 
0.635797 0.101577 0.262626 
0.118326 0.44733 0.434343 
0.896104 0.033189 0.0707071 
0.0711194 0.62585 0.30303 
0.138889 0.416667 0.444444 
0.802927 0.156669 0.040404 
0.422078 0.0324675 0.545455 
0.127293 0.832303 0.040404 
0.091476 0.625696 0.282828 
0.0166976 0.104515 0.878788 
0.680272 0.208617 0.111111 
0.59431 0.0319522 0.373737 
0.919192 0 0.0808081 
0.613018 0.0435477 0.343434 
0.152752 0.614925 0.232323 
0.0929705 0.351474 0.555556 
0.606988 0.180891 0.212121 
0.174294 0.724696 0.10101 
0.0681818 0.204545 0.727273 
0.705009 0.204082 0.0909091 
0.00618429 0.599876 0.393939 
0.379303 0.0247372 0.59596 
0.58524 0.101629 0.313131 
0.146722 0.590651 0.262626 
0.765976 0.133014 0.10101 
0.811843 0.087147 0.10101 
0.12384 0.775149 0.10101 
0.585446 0.131725 0.282828 
0.158472 0.599103 0.242424 
0.151361 0.747629 0.10101 
0.0497836 0.414863 0.535354 
0.303494 0.0904453 0.606061 
0.199546 0.0226757 0.777778 
0.283859 0.0595753 0.656566 
0.133838 0.401515 0.464646 
0.0824572 0.564007 0.353535 
0.0357143 0.964286 0 
0.510204 0.156463 0.333333 
0.0408163 0.848073 0.111111 
0.0148423 0.470006 0.515152 
0.552773 0.07349 0.373737 
0.118532 0.810761 0.0707071 
0.0952381 0.571429 0.333333 
0.636364 0.212121 0.151515 
0.657081 0.201505 0.141414 
0.0470006 0.336838 0.616162 
0.16141 0.717378 0.121212 
0.0343744 0.258555 0.707071 
0.85637 0.0224181 0.121212 
0.555556 0.151515 0.292929 
0.901051 0.0484436 0.0505051 
0.169295 0.568079 0.262626 
0.565399 0.131571 0.30303 
0.104515 0.420738 0.474747 
0.00505051 0.984848 0.010101 
0.984848 0.00505051 0.010101 
0.00577201 0.277056 0.717172 
0.034632 0.531025 0.434343 
0.375696 0.0788497 0.545455 
0.314626 0.0591115 0.626263 
0.857916 0.081478 0.0606061 
0.0948258 0.834467 0.0707071 
0.343486 0.0908576 0.565657 
0.412183 0.0221604 0.565657 
0.544218 0.102247 0.353535 
0.108844 0.780045 0.111111 
0.9547 0.0048959 0.040404 
0.964801 0.0149969 0.020202 
0.239538 0.04329 0.717172 
0.13961 0.496753 0.363636 
0.00515358 0.247372 0.747475 
0.0153061 0.257421 0.727273 
0.0277778 0.0833333 0.888889 
0.0474129 0.88188 0.0707071 
0.718409 0.140177 0.141414 
0.115646 0.399505 0.484848 
0.744692 0.113894 0.141414 
0.362709 0.101938 0.535354 
0.0148423 0.71243 0.272727 
0.108637 0.517625 0.373737 
0.176252 0.0156669 0.808081 
0.0649351 0.844156 0.0909091 
0.844156 0.0750361 0.0808081 
0.0577201 0.265512 0.676768 
0.0140693 0.905123 0.0808081 
0.0909091 0.545455 0.363636 
0.581169 0.0551948 0.363636 
0.0649351 0.571429 0.363636 
0.529221 0.107143 0.363636 
0.183673 0.634508 0.181818 
0.2953 0.00773036 0.69697 
0.101938 0.766749 0.131313 
0.920223 0.0494743 0.030303 
0.0676149 0.0131932 0.919192 
0.0379819 0.638786 0.323232 
0.032416 0.341321 0.626263 
0.618429 0.189652 0.191919 
0.684395 0.153989 0.161616 
0.192022 0.040301 0.767677 
0.0680272 0.820862 0.111111 
0.028757 0.910637 0.0606061 
0.0555556 0.934343 0.010101 
0.722892 0.115492 0.161616 
0.136879 0.701505 0.161616 
0.439909 0.00453515 0.555556 
0.01443 0.551227 0.434343 
0.853123 0.0458668 0.10101 
0.0876108 0.41744 0.494949 
0.202278 0.0502474 0.747475 
0.509276 0.0361781 0.454545 
0.004329 0.844156 0.151515 
0.164811 0.623067 0.212121 
0.881674 0.0678211 0.0505051 
0.0878685 0.467687 0.444444 
0.0362296 0.15569 0.808081 
0.564007 0.0824572 0.353535 
0.867605 0.0515873 0.0808081 
0.105648 0.722635 0.171717 
0.743764 0.0845187 0.171717 
0.080705 0.798083 0.121212 
0.399918 0.00412286 0.59596 
0.0148423 0.227582 0.757576 
0.0126778 0.815605 0.171717 
0.410637 0.0742115 0.515152 
0.159091 0.477273 0.363636 
0.479798 0.0151515 0.505051 
0.0367965 0.478355 0.484848 
0.783859 0.00401979 0.212121 
0.0345805 0.581581 0.383838 
0.0465368 0.387807 0.565657 
0.01376 0.88523 0.10101 
0.139147 0.466914 0.393939 
0.822511 0.025974 0.151515 
0.0606061 0.434343 0.505051 
0.0366935 0.862296 0.10101 
0.0333952 0.784787 0.181818 
0.788961 0.0292208 0.181818 
0.69295 0.125232 0.181818 
0.04329 0.805195 0.151515 
0.0140693 0.37987 0.606061 
0.294218 0.0391156 0.666667 
0.638889 0.138889 0.222222 
0.659246 0.128633 0.212121 
0.615079 0.162698 0.222222 
0.761905 0.015873 0.222222 
0 0.0808081 0.919192 
0.269017 0.0340136 0.69697 
0.114409 0.491651 0.393939 
0.0429293 0.45202 0.505051 
0.434292 0.101062 0.464646 
0.134972 0.844826 0.020202 
0.0791589 0.40569 0.515152 
0.0711194 0.534941 0.393939 
0.0531849 0.815502 0.131313 
0.793342 0.0753453 0.131313 
0.853535 0.136364 0.010101 
0.838075 0.11142 0.0505051 
0.0485982 0.183725 0.767677 
0.782777 0.0556071 0.161616 
0.0793135 0.738868 0.181818 
0.02886 0.112554 0.858586 
0.0700886 0.788497 0.141414 
0.633271 0.0131932 0.353535 
0.765409 0.0325706 0.20202 
0.688054 0.109926 0.20202 
0.0479283 0.255102 0.69697 
0.583127 0.154247 0.262626 
0.063389 0.764894 0.171717 
0.738095 0.0396825 0.222222 
0.0769944 0.761389 0.161616 
0.130798 0.818697 0.0505051 
0.146877 0.812719 0.040404 
0.745053 0.0529272 0.20202 
0.0900845 0.293754 0.616162 
0.312049 0.0414863 0.646465 
0.025974 0.822511 0.151515 
0.159967 0.819831 0.020202 
0.176768 0.813131 0.010101 
0.795609 0.143785 0.0606061 
0.737992 0.0700886 0.191919 
0.0743661 0.319573 0.606061 
0.217893 0.0649351 0.717172 
0.766595 0.0919913 0.141414 
0.717378 0.0907029 0.191919 
0.718254 0.0595238 0.222222 
0.808081 0.181818 0.010101 
0.137497 0.791796 0.0707071 
0.41744 0.128015 0.454545 
0.0132962 0.855391 0.131313 
0.105133 0.753453 0.141414 
0.622294 0.135281 0.242424 
0.0912698 0.686508 0.222222 
0.0210266 0.665842 0.313131 
0.573902 0.0119563 0.414141 
0.101629 0.48423 0.414141 
0.0482375 0.679035 0.272727 
0.613482 0.0127809 0.373737 
0.097918 0.00309215 0.89899 
0.0714286 0.261905 0.666667 
0.0426716 0.654298 0.30303 
0.0159761 0.610287 0.373737 
0.450423 0.0142239 0.535354 
0 0.464646 0.535354 
0.149814 0.0421047 0.808081 
0.00293754 0.57282 0.424242 
0.707483 0.0803958 0.212121 
0 0.414141 0.585859 
0.270563 0.0829726 0.646465 
0.64832 0.0385488 0.313131 
0.108534 0.709647 0.181818 
0.164141 0.755051 0.0808081 
0.600443 0.0157184 0.383838 
0.499279 0.0663781 0.434343 
0.176252 0.591424 0.232323 
0.0137085 0.178211 0.808081 
0.587508 0.180169 0.232323 
0.076376 0.499382 0.424242 
0.0657596 0.520099 0.414141 
0.0522573 0.735622 0.212121 
0.179138 0.0430839 0.777778 
0.217172 0.772727 0.010101 
0.0152031 0.580757 0.40404 
0.0811688 0.676407 0.242424 
0.749845 0.229953 0.020202 
0.120388 0.616986 0.262626 
0.705628 0.142857 0.151515 
0.733869 0.165121 0.10101 
0.038961 0.597403 0.363636 
0.122655 0.584416 0.292929 
0.527159 0.00819419 0.464646 
0.0321583 0.230468 0.737374 
0.708411 0.170377 0.121212 
0.627293 0.0595753 0.313131 
0.296846 0.0667904 0.636364 
0.713564 0.155123 0.131313 
0.0742115 0.380334 0.545455 
0.135281 0.0162338 0.848485 
0.242424 0.747475 0.010101 
0.0378788 0.0126263 0.949495 
0.10436 0.653216 0.242424 
0.634921 0.0721501 0.292929 
0.0586992 0.618068 0.323232 
0.649351 0.108225 0.242424 
0.0797774 0.354566 0.565657 
0.111111 0.030303 0.858586 
0.0618429 0.695733 0.242424 
0.121212 0.040404 0.838384 
0.0636467 0.592919 0.343434 
0.183828 0.69496 0.121212 
0.218099 0.711194 0.0707071 
0.143682 0.543187 0.313131 
0.0425685 0.553391 0.40404 
0.602041 0.0646258 0.333333 
0.0495774 0.32416 0.626263 
0.403525 0.0510204 0.545455 
0.559472 0.0364873 0.40404 
0.694084 0.0533911 0.252525 
0.716966 0.0305092 0.252525 
0.704545 0.234848 0.0606061 
0.170841 0.687745 0.141414 
0.0123686 0.290662 0.69697 
0.692589 0.206401 0.10101 
0.685993 0.192795 0.121212 
0.0126263 0.482323 0.505051 
0.0642651 0.370078 0.565657 
0.0396825 0.313853 0.646465 
0.159142 0.00247372 0.838384 
0.534632 0.0411255 0.424242 
0.118223 0.629252 0.252525 
0.462018 0.0935374 0.444444 
0.0510204 0.504535 0.444444 
0.232529 0.737168 0.030303 
0.737168 0.232529 0.030303 
0.668058 0.21073 0.121212 
0.215574 0.683416 0.10101 
0.686456 0.222635 0.0909091 
0.658369 0.0790043 0.262626 
0.525922 0.130643 0.343434 
0.105339 0.632035 0.262626 
0.25603 0.0166976 0.727273 
0.422593 0.0824572 0.494949 
0.038961 0.17316 0.787879 
0.0139147 0.440631 0.545455 
0.0308184 0.201505 0.767677 
0.0643166 0.460936 0.474747 
0.166976 0.651206 0.181818 
0.404556 0.100495 0.494949 
0.613224 0.12415 0.262626 
0.444187 0.0709647 0.484848 
0.524376 0.0311791 0.444444 
0.64765 0.0695217 0.282828 
0.219697 0.659091 0.121212 
0.199134 0.649351 0.151515 
0.650794 0.177489 0.171717 
0.610183 0.137291 0.252525 
0.38188 0.0120594 0.606061 
0.19697 0.792929 0.010101 
0.125335 0.52113 0.353535 
0.54932 0.0264378 0.424242 
0.227685 0.72181 0.0505051 
0.376005 0.108844 0.515152 
0.207792 0.761905 0.030303 
0.0265925 0.407751 0.565657 
0.629664 0.198619 0.171717 
0.0742115 0.653061 0.272727 
0.671614 0.0556586 0.272727 
0.0528757 0.492579 0.454545 
0.716141 0.0111317 0.272727 
0.0562771 0.206349 0.737374 
0.268811 0.0544218 0.676768 
0.548701 0.0876623 0.363636 
0.718924 0.22047 0.0606061 
0.227582 0.0148423 0.757576 
0.809833 0.169965 0.020202 
0.0110802 0.423263 0.565657 
0.0952896 0.339054 0.565657 
0.524995 0.0911668 0.383838 
0.794836 0.184962 0.020202 
0.148423 0.57885 0.272727 
0.14698 0.479283 0.373737 
0.115646 0.55102 0.333333 
0.457071 0.0378788 0.505051 
0.462585 0.0525665 0.484848 
0.0525665 0.462585 0.484848 
0.0735931 0.613276 0.313131 
0.330241 0.0333952 0.636364 
0.00164914 0.159967 0.838384 
0.206349 0.712843 0.0808081 
0.55102 0.115646 0.333333 
0.823232 0.166667 0.010101 
0.0156669 0.368172 0.616162 
0.096475 0.388374 0.515152 
0.548856 0.168316 0.282828 
0.0329314 0.68424 0.282828 
0.242115 0.0306122 0.727273 
0.390847 0.0940012 0.515152 
0.00154607 0.099464 0.89899 
0.775098 0.174397 0.0505051 
0.602556 0.195424 0.20202 
0.0874047 0.447949 0.464646 
0.552721 0.00283447 0.444444 
0.0793135 0.0115955 0.909091 
0.0112863 0.726087 0.262626 
0.342197 0.0618429 0.59596 
0.538652 0.138116 0.323232 
0.0226757 0.53288 0.444444 
0.687899 0.0292723 0.282828 
0.424036 0.0204082 0.555556 
0.0512266 0.665945 0.282828 
0.0371058 0.41744 0.545455 
0.132653 0.534014 0.333333 
0.1829 0.736291 0.0808081 
0.826221 0.143476 0.030303 
0.44697 0.14899 0.40404 
0.527726 0.118738 0.353535 
0.271336 0.00139147 0.727273 
0.484848 0.0808081 0.434343 
0.197227 0.701763 0.10101 
0.538549 0.0170068 0.444444 
0.155123 0.551948 0.292929 
0.206246 0.672542 0.121212 
0.739641 0.189652 0.0707071 
0.219027 0.0334982 0.747475 
0.868687 0.121212 0.010101 
0.0306122 0.302721 0.666667 
0.568233 0.179241 0.252525 
0.188621 0.0133993 0.79798 
0.0751391 0.470315 0.454545 
0.591631 0.11544 0.292929 
0.0974026 0.609668 0.292929 
0.652958 0.0541126 0.292929 
0.352814 0.0714286 0.575758 
0.613276 0.0937951 0.292929 
0.295558 0.0781798 0.626263 
0.0379303 0.285302 0.676768 
0.487219 0.0986395 0.414141 
0.394455 0.0398887 0.565657 
0.102247 0.544218 0.353535 
0.600804 0.0759637 0.323232 
0.0510204 0.403525 0.545455 
0.0618429 0.423006 0.515152 
0.0401464 0.373995 0.585859 
0.525974 0.0194805 0.454545 
0.175634 0.541538 0.282828 
0.888889 0.10101 0.010101 
0.453412 0.0819419 0.464646 
0.39229 0.0521542 0.555556 
0.208308 0.660379 0.131313 
0.00108225 0.0696248 0.929293 
0.521387 0.15538 0.323232 
0.449443 0.126314 0.424242 
0.143939 0.431818 0.424242 
0.138528 0.507937 0.353535 
0.0974541 0.518707 0.383838 
0.142239 0.554731 0.30303 
0.664966 0.0320037 0.30303 
0.411771 0.0629767 0.525253 
0.0909091 0.89899 0.010101 
0 0.535354 0.464646 
0.113173 0.502989 0.383838 
0.526283 0.170686 0.30303 
0.106061 0.883838 0.010101 
0.720109 0.178881 0.10101 
0.148578 0.790816 0.0606061 
0.119563 0.466296 0.414141 
0.331169 0.0930736 0.575758 
0.674603 0.183983 0.141414 
0.0257679 0.479283 0.494949 
0.316327 0.0170068 0.666667 
0.0989487 0.870748 0.030303 
0.760668 0.148423 0.0909091 
0.513296 0.0927644 0.393939 
0.209596 0.628788 0.161616 
0.746753 0.162338 0.0909091 
0.0775613 0.275974 0.646465 
0.0502474 0.606318 0.343434 
0.0431354 0.229592 0.727273 
0.032416 0.139301 0.828283 
0.0412286 0.463822 0.494949 
0.497835 0.108225 0.393939 
0.464131 0.111626 0.424242 
0.462173 0.133787 0.40404 
0.39162 0.123531 0.484848 
0.480983 0.0341682 0.484848 
0.504638 0.0105133 0.484848 
0.0946197 0.592249 0.313131 
0.161204 0.525665 0.313131 
0.148423 0.760668 0.0909091 
0.0211297 0.393012 0.585859 
0.676355 0.0105133 0.313131 
0.0108225 0.696248 0.292929 
0.41342 0.0108225 0.575758 
0.851886 0.10771 0.040404 
0.07349 0.391156 0.535354 
0.15873 0.730159 0.111111 
0.875696 0.0940012 0.030303 
0.914141 0.0757576 0.010101 
0.200216 0.0119048 0.787879 
0.14059 0.748299 0.111111 
0.0634921 0.380952 0.555556 
0.126623 0.792569 0.0808081 
0.132189 0.443568 0.424242 
0.568749 0.0575139 0.373737 
0.0910637 0.84833 0.0606061 
0.437693 0.138064 0.424242 
0.0853432 0.379303 0.535354 
0.145949 0.0156669 0.838384 
0.779221 0.12987 0.0909091 
0.0543187 0.571944 0.373737 
0.162544 0.67584 0.161616 
0.573181 0.103587 0.323232 
0.662956 0.0138116 0.323232 
0.0618429 0.342197 0.59596 
0.121882 0.433673 0.444444 
0.0131416 0.50201 0.484848 
0.344671 0.0391672 0.616162 
0.895485 0.0742115 0.030303 
0.838745 0.100649 0.0606061 
0.748299 0.14059 0.111111 
0.663008 0.175376 0.161616 
0.801948 0.117244 0.0808081 
0.150691 0.717996 0.131313 
0.959596 0.030303 0.010101 
0.0494743 0.920223 0.030303 
0.17316 0.02886 0.79798 
0.354566 0.0494743 0.59596 
0.12482 0.0165945 0.858586 
0.282468 0.0104618 0.707071 
0.0626675 0.321171 0.616162 
0.126984 0.761905 0.111111 
0.0968872 0.37786 0.525253 
0.780045 0.108844 0.111111 
0.492167 0.0128839 0.494949 
0.76644 0.122449 0.111111 
0.731293 0.137394 0.131313 
0.0227273 0.0681818 0.909091 
0.0293754 0.354463 0.616162 
0.381159 0.0531849 0.565657 
0.281179 0.0319522 0.686869 
0.553288 0.0628736 0.383838 
0 0.393939 0.606061 
0.36343 0.0709132 0.565657 
0.836735 0.163265 0 
0.903061 0.0969388 0 
0.14966 0.517007 0.333333 
0.0119048 0.321429 0.666667 
0.94898 0.0510204 0 
0.928571 0.0714286 0 
0.229592 0.770408 0 
0.790816 0.209184 0 
0.401979 0.123274 0.474747 
0.180891 0.606988 0.212121 
0.0742115 0.329829 0.59596 
0.0725624 0.25067 0.676768 
0.0153061 0.984694 0 
0.105494 0.793496 0.10101 
0.434137 0.111317 0.454545 
0.177798 0.579777 0.242424 
0.0927644 0.816327 0.0909091 
0.154453 0.663729 0.181818 
0.352865 0.061276 0.585859 
0 0.343434 0.656566 
0 0.444444 0.555556 
0 0.626263 0.373737 
0.436869 0.0580808 0.505051 
0.118687 0.376263 0.505051 
0.88188 0.0575139 0.0606061 
0 0.383838 0.616162 
0 0.40404 0.59596 
0 0.474747 0.525253 
0 0.686869 0.313131 
0 0.727273 0.272727 
0 0.747475 0.252525 
0 0.767677 0.232323 
0 0.79798 0.20202 
0.635127 0.162853 0.20202 
0.242424 0 0.757576 
0.373737 0 0.626263 
0.59596 0 0.40404 
0.616162 0 0.383838 
0.656566 0 0.343434 
0.717172 0 0.282828 
0.737374 0 0.262626 
0.757576 0 0.242424 
0.808081 0 0.191919 
0.838384 0 0.161616 
0 0.939394 0.0606061 
0 0.959596 0.040404 
0.010101 0 0.989899 
0.030303 0 0.969697 
0.0505051 0 0.949495 
0 0.121212 0.878788 
0 0.222222 0.777778 
0 0.818182 0.181818 
0 0.868687 0.131313 
0 0.888889 0.111111 
0.0707071 0 0.929293 
0.222222 0 0.777778 
0.929293 0 0.0707071 
0 0.30303 0.69697 
0 0.363636 0.636364 
0 0.424242 0.575758 
0 0.454545 0.545455 
0 0.545455 0.454545 
0 0.636364 0.363636 
0 0.707071 0.292929 
0.464646 0 0.535354 
0.505051 0 0.494949 
0.575758 0 0.424242 
0.636364 0 0.363636 
0.676768 0 0.323232 
0.69697 0 0.30303 
0.825603 0.0834879 0.0909091 
0 0.909091 0.0909091 
0.909091 0 0.0909091 
0.0167491 0.114564 0.868687 
0.672026 0.136054 0.191919 
0.0100495 0.646516 0.343434 
0.345083 0.0185529 0.636364 
0.10905 0.355597 0.535354 
0.00103072 0.200989 0.79798 
0.200989 0.00103072 0.79798 
0.930221 0.0293754 0.040404 
0.0718409 0.342301 0.585859 
0.025974 0.61039 0.363636 
0.0986395 0.780148 0.121212 
0.780148 0.0986395 0.121212 
0.450526 0.0242218 0.525253 
0.00999794 0.9698 0.020202 
0.0309215 0.272109 0.69697 
0.646516 0.0100495 0.343434 
0.0334982 0.623067 0.343434 
0.118532 0.386518 0.494949 
0.101062 0.434292 0.464646 
0.91543 0.0239641 0.0606061 
0.0609668 0.858225 0.0808081 
0.575139 0.0309215 0.393939 
0.137755 0.680427 0.181818 
0.176613 0.0557102 0.767677 
0.706195 0.0109771 0.282828 
0.0125232 0.805659 0.181818 
0.0139147 0.895176 0.0909091 
0.766749 0.101938 0.131313 
0.514533 0.0107194 0.474747 
0.564007 0.0117502 0.424242 
0.0160792 0.7718 0.212121 
0.791589 0.0164914 0.191919 
0.811379 0.0169037 0.171717 
0.0131932 0.633271 0.353535 
0.133581 0.0280355 0.838384 
0.881674 0.037518 0.0808081 
0.0448361 0.541022 0.414141 
0.420738 0.104515 0.474747 
0.0162853 0.781694 0.20202 
0.623377 0.012987 0.363636 
0.0156669 0.75201 0.232323 
0.229953 0.749845 0.020202 
0.769841 0.209957 0.020202 
0.0199959 0.959802 0.020202 
0.944805 0.0349928 0.020202 
0.0299938 0.949804 0.020202 
0.438312 0.0162338 0.545455 
0.793599 0.0851886 0.121212 
0.73825 0.0193259 0.242424 
0.0128839 0.492167 0.494949 
0.846526 0.0221604 0.131313 
0.969388 0.0306122 0 
0.0269017 0.851886 0.121212 
0.0304061 0.565553 0.40404 
0.0306122 0.242115 0.727273 
0.0210266 0.150691 0.828283 
0.0256648 0.812719 0.161616 
0.0262832 0.832303 0.141414 
0.0515358 0.352505 0.59596 
0.108998 0.365749 0.525253 
0.0281385 0.75974 0.212121 
0.798701 0.0295815 0.171717 
0.118068 0.679911 0.20202 
0.134354 0.663626 0.20202 
0.140693 0.647186 0.212121 
0.915069 0.0142239 0.0707071 
0.111317 0.696764 0.191919 
0.0680272 0.235003 0.69697 
0.0125232 0.0783859 0.909091 
0.320346 0.103896 0.575758 
0.599103 0.158472 0.242424 
0.0238095 0.642857 0.333333 
0.642857 0.0238095 0.333333 
0.83323 0.0354566 0.131313 
0.726654 0.0309215 0.242424 
0.102659 0.735725 0.161616 
0.0262832 0.125232 0.848485 
0.0736961 0.481859 0.444444 
0.037518 0.881674 0.0808081 
0.806638 0.0620491 0.131313 
0.268398 0.044733 0.686869 
0.503814 0.0214389 0.474747 
0.040404 0.949495 0.010101 
0.0222635 0.523191 0.454545 
0.620078 0.0263863 0.353535 
0.514533 0.131932 0.353535 
0.0296846 0.940012 0.030303 
0.023088 0.623377 0.353535 
0.954855 0.0148423 0.030303 
0.494743 0.151721 0.353535 
0.108844 0.376005 0.515152 
0.00989487 0.959802 0.030303 
0.17316 0.796537 0.030303 
0.0431354 0.896258 0.0606061 
0.0403525 0.838435 0.121212 
0.0333952 0.693878 0.272727 
0.0241187 0.501134 0.474747 
0.792878 0.0657081 0.141414 
0.0176768 0.0530303 0.929293 
0.484694 0.0708617 0.444444 
0.867347 0.041744 0.0909091 
0.0398887 0.828798 0.131313 
0.674603 0.0324675 0.292929 
0.0386518 0.718924 0.242424 
0.0909091 0.40404 0.505051 
0.852608 0.0362812 0.111111 
0.779736 0.0788497 0.141414 
0.393939 0.030303 0.575758 
0.65873 0.119048 0.222222 
0.786023 0.0422593 0.171717 
0.0298907 0.555968 0.414141 
0.910637 0.048959 0.040404 
0.675325 0.112554 0.212121 
0.598176 0.139198 0.262626 
0.537518 0.169553 0.292929 
0.0450938 0.207431 0.747475 
0.715059 0.042517 0.242424 
0.0453515 0.762729 0.191919 
0.0249433 0.419501 0.555556 
0.58256 0.144712 0.272727 
0.0504535 0.848536 0.10101 
0.820501 0.058287 0.121212 
0.0247372 0.581323 0.393939 
0.056947 0.801639 0.141414 
0.327046 0.0567924 0.616162 
0.730519 0.0876623 0.181818 
0.164657 0.552515 0.282828 
0.115079 0.662698 0.222222 
0.695991 0.0413832 0.262626 
0.8104 0.0481859 0.141414 
0.363327 0.11142 0.525253 
0.717996 0.100186 0.181818 
0.269017 0.0239126 0.707071 
0 0.919192 0.0808081 
0.165945 0.541126 0.292929 
0.348485 0.116162 0.535354 
0.673263 0.0439085 0.282828 
0.0538033 0.824985 0.121212 
0.0593692 0.910328 0.030303 
0.929293 0.0606061 0.010101 
0.62585 0.0408163 0.333333 
0.0296846 0.455164 0.515152 
0.0097918 0.949804 0.040404 
0.944908 0.0146877 0.040404 
0.211709 0.0509173 0.737374 
0.365543 0.0485982 0.585859 
0.866213 0.0226757 0.111111 
0.0442177 0.218409 0.737374 
0.283189 0.0703463 0.646465 
0.0629767 0.886518 0.0505051 
0.90538 0.0643166 0.030303 
0.104515 0.0166976 0.878788 
0.038961 0.506494 0.454545 
0.0281385 0.365801 0.606061 
0.703463 0.0541126 0.242424 
0.684704 0.0526696 0.262626 
0.037518 0.487734 0.474747 
0.0707071 0.919192 0.010101 
0.000309215 0.0097918 0.989899 
0.0642136 0.834776 0.10101 
0.354463 0.0293754 0.616162 
0.256803 0.0765306 0.666667 
0.574675 0.0212843 0.40404 
0.0494743 0.59699 0.353535 
0.0672542 0.811534 0.121212 
0.0742115 0.895485 0.030303 
0.904813 0.0749845 0.020202 
0.064162 0.774222 0.161616 
0.662286 0.0548856 0.282828 
0.536178 0.150691 0.313131 
0.435993 0.0387549 0.525253 
0.0659658 0.742115 0.191919 
0.0626675 0.705009 0.232323 
0.816327 0.0725624 0.111111 
0.0884354 0.699443 0.212121 
0.0606061 0.787879 0.151515 
0.024531 0.258297 0.717172 
0.0634921 0.219336 0.717172 
0.0134508 0.865337 0.121212 
0.867141 0.0823542 0.0505051 
0.0788497 0.830241 0.0909091 
0.0639559 0.673418 0.262626 
0.544269 0.0516904 0.40404 
0.691868 0.0657081 0.242424 
0.885591 0.0841064 0.030303 
0.90404 0.0858586 0.010101 
0.0420532 0.442795 0.515152 
0.818697 0.130798 0.0505051 
0.0775098 0.871985 0.0505051 
0.118687 0.356061 0.525253 
0.0242218 0.925273 0.0505051 
0.465059 0.00968872 0.525253 
0.053288 0.896207 0.0505051 
0.169553 0.779942 0.0505051 
0.0881262 0.87147 0.040404 
0.0556586 0.550402 0.393939 
0.669656 0.067718 0.262626 
0.795609 0.0427747 0.161616 
0.000927644 0.0899814 0.909091 
0.0760668 0.752216 0.171717 
0.0816327 0.807256 0.111111 
0.0519481 0.513709 0.434343 
0.0126263 0.0378788 0.949495 
0.0391672 0.364873 0.59596 
0.150742 0.505824 0.343434 
0.164141 0.492424 0.343434 
0.0626675 0.583797 0.353535 
0.866574 0.0930221 0.040404 
0.0783344 0.729746 0.191919 
0.140693 0.566378 0.292929 
0.495362 0.0500928 0.454545 
0.0518965 0.483457 0.464646 
0.483457 0.0518965 0.464646 
0.0753968 0.702381 0.222222 
0.0773552 0.720625 0.20202 
0.0113894 0.160328 0.828283 
0.085034 0.0260771 0.888889 
0.097918 0.861678 0.040404 
0.353741 0.0401979 0.606061 
0.463616 0.0616368 0.474747 
0.823542 0.0350443 0.141414 
0.0881262 0.366419 0.545455 
0.878788 0 0.121212 
0.580499 0.0659658 0.353535 
0.000927644 0.180891 0.818182 
0.180891 0.000927644 0.818182 
0.0876108 0.770975 0.141414 
0.613276 0.0735931 0.313131 
0.0725108 0.604257 0.323232 
0.0898268 0.748557 0.161616 
0.414863 0.0497836 0.535354 
0.636879 0.110596 0.252525 
0.0378788 0.113636 0.848485 
0.809524 0.038961 0.151515 
0.363791 0.0301484 0.606061 
0.685426 0.0822511 0.232323 
0.865801 0.103896 0.030303 
0.172542 0.766852 0.0606061 
0.891466 0.0479283 0.0606061 
0.905844 0.0335498 0.0606061 
0.929808 0.00958565 0.0606061 
0.872294 0.0670996 0.0606061 
0.584725 0.0415378 0.373737 
0.191713 0.747681 0.0606061 
0.206092 0.733302 0.0606061 
0.479283 0.14698 0.373737 
0.108844 0.860853 0.030303 
0.162544 0.0293754 0.808081 
0.0646258 0.511132 0.424242 
0.74428 0.0941043 0.161616 
0.0918367 0.726345 0.181818 
0.0623583 0.493197 0.444444 
0.549011 0.127757 0.323232 
0.160328 0.0113894 0.828283 
0.0900845 0.677592 0.232323 
0.835498 0.012987 0.151515 
0.11142 0.838075 0.0505051 
0.0723047 0.543857 0.383838 
0.303133 0.040301 0.656566 
0.0628221 0.472531 0.464646 
0.793496 0.105494 0.10101 
0.691404 0.096475 0.212121 
0.821274 0.0171099 0.161616 
0.0422593 0.786023 0.171717 
0.424242 0 0.575758 
0.0927644 0.664811 0.242424 
0.376933 0.0877139 0.535354 
0.361781 0.0927644 0.545455 
0.119975 0.859823 0.020202 
0.815502 0.113791 0.0707071 
0.117089 0.600082 0.282828 
0.859823 0.119975 0.020202 
0.121212 0.868687 0.010101 
0.877551 0.122449 0 
0.119975 0.00123686 0.878788 
0.0841064 0.602762 0.313131 
0.0507112 0.36343 0.585859 
0.537415 0.129252 0.333333 
0.354669 0.0190682 0.626263 
0.364203 0.00953412 0.626263 
0.603742 0.11343 0.282828 
0.0508658 0.161255 0.787879 
0.660946 0.0966296 0.242424 
0.0953412 0.652134 0.252525 
0.0131416 0.845444 0.141414 
0.00231911 0.0279839 0.969697 
0.719542 0.0683364 0.212121 
0.634508 0.0927644 0.272727 
0.119821 0.819573 0.0606061 
0.0927644 0.634508 0.272727 
0.57282 0.0837456 0.343434 
0.590445 0.0863224 0.323232 
0.849825 0.00876108 0.141414 
0.473098 0.0723562 0.454545 
0.0643166 0.723562 0.212121 
0.775098 0.0329829 0.191919 
0.132653 0.867347 0 
0.841064 0.128633 0.030303 
0.103175 0.674603 0.222222 
0.115234 0.753453 0.131313 
0.735931 0.112554 0.151515 
0.753453 0.115234 0.131313 
0.0102041 0.212018 0.777778 
0.0777159 0.508143 0.414141 
0.508143 0.0777159 0.414141 
0.151721 0.777572 0.0707071 
0.0806019 0.848691 0.0707071 
0.391156 0.07349 0.535354 
0.829726 0.0995671 0.0707071 
0.905586 0.0237065 0.0707071 
0.0616368 0.867656 0.0707071 
0 0.929293 0.0707071 
0.503247 0.133117 0.363636 
0.435477 0.0695733 0.494949 
0.714183 0.1141 0.171717 
0.809988 0.129406 0.0606061 
0.0932282 0.583539 0.323232 
0.0640074 0.400639 0.535354 
0.391929 0.062616 0.545455 
0.452896 0.0723562 0.474747 
0.0960111 0.600959 0.30303 
0.696764 0.111317 0.191919 
0.122655 0.564214 0.313131 
0.564214 0.122655 0.313131 
0.46073 0.145331 0.393939 
0.113791 0.583179 0.30303 
0.0721501 0.4329 0.494949 
0.0750361 0.450216 0.474747 
0.106782 0.640693 0.252525 
0.0752422 0.662132 0.262626 
0.0974026 0.32684 0.575758 
0.614719 0.102453 0.282828 
0.146465 0.843434 0.010101 
0.722944 0.125541 0.151515 
0.313544 0.0500928 0.636364 
0.435374 0.0494743 0.515152 
0.122552 0.705731 0.171717 
0.130025 0.748763 0.121212 
0.125541 0.722944 0.151515 
0.14497 0.834828 0.020202 
0.127036 0.73155 0.141414 
0.113585 0.654092 0.232323 
0.106112 0.61106 0.282828 
0.0627706 0.361472 0.575758 
0.817615 0.141981 0.040404 
0.593847 0.103123 0.30303 
0.584725 0.0314368 0.383838 
0.125747 0.490414 0.383838 
0.543857 0.0723047 0.383838 
0.62451 0.112863 0.262626 
0.145331 0.804164 0.0505051 
0.230983 0.041744 0.727273 
0.402082 0.0726654 0.525253 
0.0912183 0.504741 0.40404 
0.838384 0.151515 0.010101 
0.684395 0.123686 0.191919 
0.241187 0.0214389 0.737374 
0.00958565 0.303546 0.686869 
0 0.828283 0.171717 
0.671202 0.0762729 0.252525 
0.329623 0.0845187 0.585859 
0.787054 0.142239 0.0707071 
0.461967 0.0834879 0.454545 
0.248093 0.0448361 0.707071 
0.701505 0.126778 0.171717 
0.425479 0.0593692 0.515152 
0.0829726 0.624098 0.292929 
0.493094 0.0321583 0.474747 
0.158163 0.841837 0 
0.816327 0.15337 0.030303 
0.0862709 0.459184 0.454545 
0.433673 0.081478 0.484848 
0.137807 0.0036075 0.858586 
0.637755 0.119821 0.242424 
0.487271 0.128891 0.383838 
0.00164914 0.321583 0.676768 
0.138528 0.709957 0.151515 
0.611626 0.0853432 0.30303 
0.0401979 0.747681 0.212121 
0.794475 0.15502 0.0505051 
0.13523 0.693053 0.171717 
0.117244 0.801948 0.0808081 
0.220418 0.698773 0.0808081 
0.787879 0.131313 0.0808081 
0.150072 0.76912 0.0808081 
0.76912 0.150072 0.0808081 
0.0468975 0.872294 0.0808081 
0.0234488 0.895743 0.0808081 
0.895743 0.0234488 0.0808081 
0.0937951 0.825397 0.0808081 
0.0895176 0.00139147 0.909091 
0.130746 0.465213 0.40404 
0.479283 0.0257679 0.494949 
0.151515 0.0505051 0.79798 
0.161565 0.798031 0.040404 
0.0948258 0.309215 0.59596 
0.44697 0.0479798 0.505051 
0.129252 0.638425 0.232323 
0.697227 0.141156 0.161616 
0.52082 0.105442 0.373737 
0.0984848 0.295455 0.606061 
0.103587 0.573181 0.323232 
0.571429 0.0952381 0.333333 
0.0231911 0.229334 0.747475 
0.229334 0.0231911 0.747475 
0.636673 0.0804989 0.282828 
0.736343 0.0313337 0.232323 
0.0519481 0.4329 0.515152 
0.768089 0.161204 0.0707071 
0.103381 0.492579 0.40404 
0.089363 0.425789 0.484848 
0.0154607 0.186559 0.79798 
0.318285 0.00494743 0.676768 
0.129664 0.617811 0.252525 
0.0419501 0.705525 0.252525 
0.561224 0.105442 0.333333 
0.171356 0.78824 0.040404 
0.78824 0.171356 0.040404 
0.149711 0.688672 0.161616 
0.630592 0.137085 0.232323 
0.153319 0.705267 0.141414 
0.647186 0.140693 0.212121 
0.0685426 0.638528 0.292929 
0.341991 0.0822511 0.575758 
0.624098 0.0829726 0.292929 
0.174964 0.804834 0.020202 
0.116883 0.519481 0.363636 
0.112142 0.534323 0.353535 
0.297155 0.0159761 0.686869 
0.76376 0.0241187 0.212121 
0.100186 0.445269 0.454545 
0.577201 0.12987 0.292929 
0.692641 0.155844 0.151515 
0.0533911 0.694084 0.252525 
0.0371058 0.164914 0.79798 
0.103896 0.46176 0.434343 
0.475263 0.110596 0.414141 
0.336425 0.00700886 0.656566 
0.143012 0.614564 0.242424 
0.50804 0.118223 0.373737 
0.183055 0.786642 0.030303 
0.786642 0.183055 0.030303 
0.753865 0.175428 0.0707071 
0.137291 0.589981 0.272727 
0.75 0.0277778 0.222222 
0.525253 0 0.474747 
0.126778 0.479283 0.393939 
0.610699 0.146877 0.242424 
0.0658627 0.651309 0.282828 
0.282313 0.0510204 0.666667 
0.133168 0.5537 0.313131 
0.732839 0.176252 0.0909091 
0.180169 0.749124 0.0707071 
0.184086 0.765409 0.0505051 
0.626984 0.150794 0.222222 
0.170996 0.0411255 0.787879 
0.317563 0.076376 0.606061 
0.217687 0.0247372 0.757576 
0.0923521 0.554113 0.353535 
0.0147392 0.0963719 0.888889 
0.811688 0.0974026 0.0909091 
0.102041 0.80705 0.0909091 
0.125232 0.783859 0.0909091 
0.139147 0.769944 0.0909091 
0.788497 0.120594 0.0909091 
0.525665 0.0803958 0.393939 
0.895176 0.0139147 0.0909091 
0.0343228 0.147495 0.818182 
0.152134 0.0296846 0.818182 
0.0120594 0.169759 0.818182 
0.236549 0.0664811 0.69697 
0.834879 0.0742115 0.0909091 
0.0131416 0.138374 0.848485 
0.0371058 0.871985 0.0909091 
0.0513296 0.00927644 0.939394 
0.544218 0.0618429 0.393939 
0.247372 0.0556586 0.69697 
0.00927644 0.35436 0.636364 
0.130798 0.414657 0.454545 
0.126623 0.50974 0.363636 
0.792929 0.19697 0.010101 
0.0783344 0.305504 0.616162 
0.258916 0.0643166 0.676768 
0.102505 0.412647 0.484848 
0.445011 0.110544 0.444444 
0.485467 0.120594 0.393939 
0.65538 0.162801 0.181818 
0.0748299 0.591837 0.333333 
0.221088 0.0415378 0.737374 
0.76376 0.195836 0.040404 
0.35436 0.00927644 0.636364 
0.117502 0.458256 0.424242 
0.731602 0.18759 0.0808081 
0.0355597 0.429087 0.535354 
0.193774 0.75572 0.0505051 
0.197897 0.7718 0.030303 
0.747681 0.191713 0.0606061 
0.7718 0.197897 0.030303 
0 0.0505051 0.949495 
0.0958565 0.530406 0.373737 
0.0781798 0.295558 0.626263 
0.467172 0.0277778 0.505051 
0.085034 0.581633 0.333333 
0.435786 0.12987 0.434343 
0.19228 0.726912 0.0808081 
0.623067 0.164811 0.212121 
0.166924 0.631055 0.20202 
0.391929 0.00200989 0.606061 
0.258813 0.0543187 0.686869 
0.0021645 0.13925 0.858586 
0.30839 0.0148423 0.676768 
0.730159 0.199134 0.0707071 
0.746032 0.203463 0.0505051 
0.706349 0.192641 0.10101 
0.547619 0.149351 0.30303 
0.714801 0.0225727 0.262626 
0.272727 0.0909091 0.636364 
0.286023 0.0877139 0.626263 
0.205628 0.753968 0.040404 
0.515873 0.140693 0.343434 
0.0241187 0.339518 0.636364 
0.329829 0.0742115 0.59596 
0.186147 0.662338 0.151515 
0.125953 0.399299 0.474747 
0.203875 0.725417 0.0707071 
0.181715 0.646568 0.171717 
0.137394 0.488868 0.373737 
0.0604515 0.636518 0.30303 
0.202329 0.0602968 0.737374 
0.630798 0.177283 0.191919 
0.217687 0.75201 0.030303 
0.587508 0.170068 0.242424 
0.72851 0.210884 0.0606061 
0.424345 0.040301 0.535354 
0.0830757 0.543187 0.373737 
0.591837 0.0748299 0.333333 
0.712843 0.206349 0.0808081 
0.181406 0.626675 0.191919 
0.374047 0.0097918 0.616162 
0.571841 0.165533 0.262626 
0.834776 0.0642136 0.10101 
0.876056 0.0229334 0.10101 
0.0917337 0.807256 0.10101 
0.80267 0.0963203 0.10101 
0.134045 0.0376726 0.828283 
0.0806019 0.262832 0.656566 
0.624974 0.0517934 0.323232 
0.217996 0.731499 0.0505051 
0.726087 0.0112863 0.262626 
0.0896722 0.516388 0.393939 
0.770408 0.229592 0 
0.599206 0.178571 0.222222 
0.0746753 0.561688 0.363636 
0.0853432 0.278293 0.636364 
0.196764 0.64162 0.161616 
0.340136 0.104308 0.555556 
0.726654 0.222841 0.0505051 
0.292929 0 0.707071 
0.534426 0.0817357 0.383838 
0.612245 0.0544218 0.333333 
0.158833 0.517934 0.323232 
0.502474 0.154092 0.343434 
0.711194 0.218099 0.0707071 
0.487013 0.149351 0.363636 
0.471552 0.144609 0.383838 
0.649351 0.199134 0.151515 
0.650742 0.0462276 0.30303 
0.0105648 0.403577 0.585859 
0.575912 0.181664 0.242424 
0.106576 0.337868 0.555556 
0.196197 0.621985 0.181818 
0.011544 0.150072 0.838384 
0.0320037 0.664966 0.30303 
0.217996 0.691095 0.0909091 
0.230107 0.729489 0.040404 
0.526026 0.069934 0.40404 
0.586838 0.00912183 0.40404 
0.471295 0.124665 0.40404 
0.139868 0.456092 0.40404 
0.482375 0.00247372 0.515152 
0.724593 0.235003 0.040404 
0.268089 0.0753453 0.656566 
0.637807 0.049062 0.313131 
0.0940012 0.481756 0.424242 
0.747475 0.242424 0.010101 
0.190476 0.587302 0.222222 
0.0350443 0.651824 0.313131 
0.306122 0.0272109 0.666667 
0.549165 0.178108 0.272727 
0.195424 0.602556 0.20202 
0.376263 0.118687 0.505051 
0.184343 0.55303 0.262626 
0.5 0.166667 0.333333 
0.237374 0.712121 0.0505051 
0.219697 0.0732323 0.707071 
0.00252525 0.492424 0.505051 
0.0136054 0.430839 0.555556 
0.0606061 0.181818 0.757576 
0.159091 0.0530303 0.787879 
0.30303 0.10101 0.59596 
0.628788 0.209596 0.161616 
0.156566 0.469697 0.373737 
0.469697 0.156566 0.373737 
0.146465 0.439394 0.414141 
0.25 0.75 0 
0.169192 0.507576 0.323232 
0.507576 0.169192 0.323232 
0.389095 0.115955 0.494949 
0.227273 0.681818 0.0909091 
0.189394 0.568182 0.242424 
0.030303 0.010101 0.959596 
0.0870954 0.0139147 0.89899 
0.0681818 0.0227273 0.909091 
0.0272109 0.215213 0.757576 
0.113636 0.0378788 0.848485 
0.0252525 0.0757576 0.89899 
0.030303 0.0909091 0.878788 
0.234848 0.0782828 0.686869 
0.0656566 0.19697 0.737374 
0.174242 0.522727 0.30303 
0.416667 0.138889 0.444444 
0.151515 0.454545 0.393939 
0.484848 0.161616 0.353535 
0.212121 0.636364 0.151515 
0.232323 0.69697 0.0707071 
0.242424 0.727273 0.030303 
0.583333 0.194444 0.222222 
0.643939 0.214646 0.141414 
0.666667 0.222222 0.111111 
0.69697 0.232323 0.0707071 
0.0193774 0.45537 0.525253 
0.473304 0.0923521 0.434343 
0.249948 0.00257679 0.747475 
0.0280355 0.295197 0.676768 
0.232323 0.757576 0.010101 
0.599619 0.056947 0.343434 
0.662338 0.024531 0.313131 
0.189394 0.0631313 0.747475 
0.0252525 0.681818 0.292929 
0.172336 0.716553 0.111111 
0.351474 0.0929705 0.555556 
0.0136054 0.875283 0.111111 
0.802721 0.0861678 0.111111 
0.888889 0 0.111111 
0.0544218 0.390023 0.555556 
0.14966 0.739229 0.111111 
0.739229 0.14966 0.111111 
0.75737 0.131519 0.111111 
0.843537 0.0453515 0.111111 
0.213152 0.00907029 0.777778 
0.707483 0.181406 0.111111 
0.0478252 0.245104 0.707071 
0.727273 0.242424 0.030303 
0.0213358 0.443311 0.535354 
0.0612245 0.302412 0.636364 
0.00247372 0.239951 0.757576 
0.00262832 0.512523 0.484848 
0.0505051 0.232323 0.717172 
0.747062 0.222635 0.030303 
0.380334 0.0338075 0.585859 
0.0639043 0.562358 0.373737 
0.777778 0.212121 0.010101 
0.431457 0.0937951 0.474747 
0.0105133 0.676355 0.313131 
0.0638528 0.532107 0.40404 
0.594156 0.0422078 0.363636 
0.610183 0.0362812 0.353535 
0.322872 0.0306638 0.646465 
0.0541126 0.198413 0.747475 
0.0252525 0.328283 0.646465 
0.0505051 0.30303 0.646465 
0.0685426 0.284993 0.646465 
0.759843 0.219955 0.020202 
0.209957 0.769841 0.020202 
0.565863 0.0502989 0.383838 
0.044733 0.58153 0.373737 
0.002886 0.562771 0.434343 
0.736343 0.213152 0.0505051 
0.689394 0.229798 0.0808081 
0.225263 0.714131 0.0606061 
0.00278293 0.269944 0.727273 
0.207071 0.782828 0.010101 
0.204082 0.795918 0 
0.753968 0.205628 0.040404 
0.414966 0.0294785 0.555556 
0.0192744 0.202948 0.777778 
0.224747 0.674242 0.10101 
0.0595238 0.27381 0.666667 
0.699443 0.179344 0.121212 
0.721861 0.156926 0.121212 
0.523088 0.0627706 0.414141 
0.833952 0.0448361 0.121212 
0.439394 0.146465 0.414141 
0.0538033 0.532055 0.414141 
0.865337 0.0134508 0.121212 
0.499175 0.0866832 0.414141 
0.170377 0.708411 0.121212 
0.659091 0.219697 0.121212 
0.138992 0.739796 0.121212 
0.739796 0.138992 0.121212 
0.0319522 0.59431 0.373737 
0.25706 0.0358689 0.707071 
0.186869 0.80303 0.010101 
0.535147 0.0608122 0.40404 
0.0138116 0.662956 0.323232 
0.0113379 0.544218 0.444444 
0.0244795 0.16744 0.808081 
0.811224 0.188776 0 
0.208617 0.680272 0.111111 
0.683416 0.215574 0.10101 
0.0471552 0.569006 0.383838 
0.695733 0.213358 0.0909091 
0.00304061 0.592919 0.40404 
0.199443 0.709647 0.0909091 
0.183673 0.816327 0 
0.0176252 0.558132 0.424242 
0.412801 0.041744 0.545455 
0.025974 0.186147 0.787879 
0.0952381 0.025974 0.878788 
0.206401 0.692589 0.10101 
0.0502474 0.343692 0.606061 
0.0525665 0.290868 0.656566 
0 0.656566 0.343434 
0.562771 0.04329 0.393939 
0.722222 0.19697 0.0808081 
0.192795 0.685993 0.121212 
0.689342 0.199546 0.111111 
0.765409 0.184086 0.0505051 
0.0997217 0.354824 0.545455 
0.677025 0.201763 0.121212 
0.00896722 0.283962 0.707071 
0.166667 0.823232 0.010101 
0.183467 0.715523 0.10101 
0.206246 0.0260771 0.767677 
0.0419501 0.180272 0.777778 
0.0429293 0.128788 0.828283 
0.176252 0.732839 0.0909091 
0.190476 0.698413 0.111111 
0.227994 0.0548341 0.717172 
0.606061 0.20202 0.191919 
0.183983 0.674603 0.141414 
0.62616 0.192022 0.181818 
0.0511235 0.262008 0.686869 
0.0470006 0.144919 0.808081 
0.053288 0.421459 0.525253 
0.162956 0.776438 0.0606061 
0.806432 0.163265 0.030303 
0.170686 0.758606 0.0707071 
0.00943105 0.606731 0.383838 
0.784787 0.164708 0.0505051 
0.173521 0.745671 0.0808081 
0.771645 0.167749 0.0606061 
0.0587508 0.24428 0.69697 
0.0591115 0.314626 0.626263 
0.653061 0.0136054 0.333333 
0.0154607 0.5906 0.393939 
0.190476 0.031746 0.777778 
0.603896 0.0223665 0.373737 
0.15337 0.816327 0.030303 
0.750361 0.168831 0.0808081 
0.857143 0.142857 0 
0.199443 0.669243 0.131313 
0.700268 0.168419 0.131313 
0.0797774 0.78891 0.131313 
0.0354566 0.398887 0.565657 
0.35235 0.0819934 0.565657 
0.372294 0.0620491 0.565657 
0.403319 0.0310245 0.565657 
0.0554009 0.378942 0.565657 
0.181715 0.686972 0.131313 
0.664811 0.203875 0.131313 
0.217172 0.651515 0.131313 
0.68254 0.186147 0.131313 
0.137394 0.731293 0.131313 
0.740157 0.12853 0.131313 
0.777572 0.151721 0.0707071 
0.596784 0.00927644 0.393939 
0.687745 0.170841 0.141414 
0.160534 0.738456 0.10101 
0.0411255 0.534632 0.424242 
0.0630798 0.452072 0.484848 
0.849825 0.129973 0.020202 
0.730159 0.15873 0.111111 
0.157699 0.751391 0.0909091 
0.128633 0.841064 0.030303 
0.686302 0.0106679 0.30303 
0.137085 0.822511 0.040404 
0.510823 0.0548341 0.434343 
0.0478252 0.275407 0.676768 
0.371882 0.0725624 0.555556 
0.0109771 0.706195 0.282828 
0.159555 0.709132 0.131313 
0.756803 0.142187 0.10101 
0.121109 0.828386 0.0505051 
0.128015 0.801278 0.0707071 
0.112245 0.887755 0 
0.021645 0.281385 0.69697 
0.458668 0.0463822 0.494949 
0.878788 0.111111 0.010101 
0.0122655 0.331169 0.656566 
0.0340136 0.632653 0.333333 
0.175428 0.572047 0.252525 
0.769944 0.139147 0.0909091 
0.112606 0.84699 0.040404 
0.00953412 0.364203 0.626263 
0.00396825 0.77381 0.222222 
