329.8  1300  
329.7  1334.7  
329.6  1404.1  
329.5  1438.8  
329.4  1508.2  
329.3  1542.9  
329.2  1612.3  
329.1  1647  
329  1681.7  
328.9  1751.1  
328.8  1785.8  
328.7  1855.2  
328.6  1889.9  
328.5  1959.3  
328.4  1994  
328.3  2028.7  
328.2  2098.1  
328.1  2167.5  
328  2202.2  
327.9  2236.9  
327.8  2306.3  
327.7  2341  
327.6  2375.7  
327.5  2410.4  
327.4  2479.8  
327.3  2549.2  
327.2  2583.9  
327.1  2618.6  
327  2688  
326.9  2722.7  
326.8  2792.1  
326.7  2826.8  
326.6  2861.5  
326.5  2930.9  
326.4  2965.6  
326.3  3035  
326.2  3069.7  
326.1  3104.4  
326  3173.8  
325.9  3208.5  
325.8  3277.9  
325.7  3312.6  
325.6  3347.3  
325.5  3416.7  
325.4  3451.4  
325.3  3520.8  
325.2  3555.5  
325.1  3590.2  
325  3659.6  
324.9  3694.3  
324.8  3763.7  
324.7  3798.4  
324.6  3867.8  
324.5  3902.5  
324.4  3937.2  
324.3  4006.6  
324.2  4041.3  
324.1  4076  
324  4145.4  
323.9  4180.1  
323.8  4249.5  
323.7  4284.2  
323.6  4353.6  
323.5  4388.3  
323.4  4457.7  
323.3  4492.4  
323.2  4561.8  
323.1  4596.5  
323  4631.2  
322.9  4700.6  
322.8  4735.3  
322.7  4804.7  
322.6  4839.4  
322.5  4908.8  
322.4  4943.5  
322.3  5012.9  
322.2  5047.6  
322.1  5117  
322  5151.7  
321.9  5186.4  
321.8  5255.8  
321.7  5290.5  
321.6  5359.9  
321.4  5464  
321.3  5498.7  
321.2  5533.4  
321.1  5602.8  
321  5672.2  
320.9  5776.3  
320.8  5880.4  
320.7  5984.5  
320.6  6088.6  
320.5  6227.4  
320.3  6435.6  
320.2  6574.4  
320.1  6713.2  
320  6852  
319.9  6956.1  
319.8  7094.9  
319.7  7233.7  
319.6  7372.5  
319.5  7476.6  
319.4  7615.4  
319.3  7754.2  
319.2  7858.3  
319.1  7997.1  
319  8101.2  
318.9  8240  
318.8  8378.8  
318.7  8482.9  
318.6  8621.7  
318.5  8725.8  
318.4  8864.6  
318.3  9003.4  
318.2  9107.5  
318.1  9246.3  
318  9350.4  
317.9  9489.2  
317.8  9593.3  
317.7  9732.1  
317.6  9836.2  
317.5  9975  
317.4  10426.1  
317.3  11501.8  
317.2  12577.5  
317.1  13653.2  
317  14728.9  
316.9  15804.6  
316.8  16880.3  
316.7  17921.3  
316.6  18997  
316.5  20038  
316.4  21113.7  
316.3  22154.7  
316.2  23195.7  
316.1  24236.7  
316  25277.7  
315.9  26318.7  
315.8  27359.7  
315.7  28400.7  
315.6  29407  
315.5  30448  
315.4  31454.3  
315.3  32495.3  
315.2  33501.6  
315.1  34507.9  
315  35514.2  
