330  5780  
329.9  5845  
329.8  5877.5  
329.7  5942.5  
329.6  5975  
329.5  6007.5  
329.4  6072.5  
329.3  6105  
329.2  6170  
329.1  6202.5  
329  6235  
328.9  6300  
328.8  6332.5  
328.7  6397.5  
328.6  6430  
328.5  6462.5  
328.5  6495  
328.4  6527.5  
328.3  6560  
328.2  6625  
328.1  6657.5  
328  6690  
327.9  6755  
327.8  6787.5  
327.7  6852.5  
327.6  6885  
327.5  6917.5  
327.4  6982.5  
327.3  7047.5  
327.2  7112.5  
327.1  7145  
327  7210  
326.9  7242.5  
326.8  7307.5  
326.7  7340   
326.6  7405  
326.5  7437.5  
326.4  7502.5  
326.3  7567.5  
326.2  7600  
326.1  7665  
326  7697.5  
325.9  7762.5  
325.8  7795  
325.7  7860  
325.6  7892.5  
325.5  7957.5  
325.4  8022.5  
325.3  8055  
325.2  8120  
325.1  8152.5  
325  8217.5  
324.9  8250  
324.8  8315  
324.7  8347.5  
324.6  8412.5  
324.5  8477.5  
324.4  8510  
324.3  8575  
324.2  8607.5  
324.1  8672.5  
324  8705  
323.9  8770  
323.8  8802.5  
323.7  8867.5  
323.6  8900  
323.5  8965  
323.4  9030  
323.3  9062.5  
323.2  9127.5  
323.1  9160  
323  9225  
322.9  9257.5  
322.8  9322.5  
322.7  9355  
322.6  9420  
322.5  9452.5  
322.4  9517.5  
322.3  9550  
322.2  9582.5  
322.1  9647.5  
322  9680  
321.9  9745  
321.8  9777.5  
321.7  9842.5  
321.6  9875    
321.4  10005  
321.3  10070  
321.2  10102.5  
321.1  10167.5  
321  10232.5  
320.9  10265  
320.8  10330  
320.7  10395  
320.6  10427.5  
320.5  10492.5  
320.3  10622.5  
320.2  10655  
320.1  10720  
320  10785  
319.9  10817.5  
319.8  10882.5  
319.7  10915  
319.6  10980  
319.5  11045  
319.4  11077.5  
319.3  11142.5  
319.2  11175  
319.1  11240  
319  11305  
318.9  11337.5  
318.8  11402.5  
318.7  11435  
318.6  11500  
318.5  11532.5  
318.4  11597.5  
318.3  11662.5  
318.2  11695   
318.1  11760  
318  11792.5   
317.9  11857.5  
317.8  11890  
317.7  11955  
317.6  11987.5  
317.5  12052.5  
317.4  12085  
317.3  12150  
317.2  12182.5  
317.1  12247.5  
317  12280  
316.9  12345  
316.8  12377.5  
316.7  12442.5  
316.6  12475  
316.5  12540  
316.4  12572.5  
316.3  12637.5  
316.2  12670  
316.1  13027.5  
316  13547.5  
315.9  14067.5  
315.8  14587.5  
315.7  15107.5  
315.6  15595  
315.5  16115  
315.4  16635  
315.3  17155  
315.2  17642.5  
315.1  18162.5  
315  18650  
314.9  19170  
314.8  19690  
314.7  20177.5  
314.6  20697.5  
314.5  21217.5  
314.4  21705  
314.3  22192.5  
314.2  22712.5  
314.1  23200  
314  23720  
313.9  24207.5  
313.8  24695  
313.7  25182.5  
313.6  25670  
313.5  26157.5  
313.4  26645  
313.3  27132.5  
313.2  27620  
313.1  28107.5  
313  28595  
312.9  29082.5  
312.8  29570  
312.7  30057.5  
312.6  30512.5  
312.5  31000  
312.4  31487.5  
312.3  31942.5  
312.2  32430  
312.1  32885  
312  33372.5  
311.9  33827.5  
311.8  34282.5  
311.7  34770  
311.6  35225  
311.5  35680  
311.4  36167.5  
311.3  36622.5  
311.2  37077.5  

