329.5  4700  
329.3  4732.6  
329.2  4765.2  
329  4797.8  
328.9  4830.4  
328.8  4863  
328.7  4895.6  
328.6  4960.8  
328.5  4993.4  
328.4  5026  
328.3  5058.6  
328.2  5091.2  
328.2  5123.8  
328.1  5156.4  
328  5189  
327.9  5221.6  
327.8  5254.2  
327.7  5286.8  
327.5  5352  
327.4  5417.2  
327.3  5449.8  
327.2  5482.4  
327.1  5515   
327  5580.2  
326.9  5612.8  
326.8  5645.4  
326.7  5678  
326.6  5710.6  
326.5  5775.8  
326.4  5808.4  
326.3  5841  
326.2  5873.6  
326.1  5906.2  
326  5971.4  
325.9  6004  
325.8  6036.6  
325.7  6101.8  
325.6  6134.4  
325.5  6167  
325.4  6232.2  
325.3  6264.8  
325.2  6297.4  
325.1  6362.6  
325  6395.2  
324.9  6460.4  
324.8  6493  
324.7  6525.6  
324.6  6590.8  
324.5  6623.4  
324.4  6656  
324.3  6721.2  
324.2  6753.8  
324.1  6786.4  
324  6851.6  
323.9  6884.2  
323.8  6916.8  
323.7  6982  
323.6  7014.6  
323.5  7047.2  
323.4  7112.4  
323.3  7145  
323.2  7177.6  
323.1  7210.2  
323  7275.4  
322.9  7308  
322.8  7340.6  
322.7  7405.8  
322.6  7438.4  
322.5  7471  
322.4  7503.6  
322.3  7568.8  
322.2  7601.4  
322.1  7634  
322  7699.2  
321.9  7731.8  
321.8  7764.4  
321.7  7797  
321.6  7862.2  
321.4  7927.4  
321.3  7992.6  
321.2  8025.2  
321.1  8057.8  
321  8123  
320.9  8155.6  
320.8  8220.8  
320.7  8253.4  
320.6  8318.6  
320.5  8351.2  
320.3  8449  
320.2  8481.6  
320.1  8546.8  
320  8579.4  
319.9  8612  
319.8  8677.2  
319.7  8709.8  
319.6  8775  
319.5  8807.6  
319.4  8840.2  
319.3  8905.4  
319.2  8938  
319.1  8970.6  
319  9035.8  
318.9  9068.4  
318.8  9101  
318.7  9166.2  
318.6  9198.8  
318.5  9231.4  
318.4  9296.6  
318.3  9329.2  
318.2  9361.8  
318.1  9427  
318  9459.6  
317.9  9590  
317.8  9687.8  
317.7  9818.2  
317.6  9916  
317.5  10013.8  
317.4  10144.2  
317.3  10502.8  
317.2  11024.4  
317.1  11578.6  
317  12100.2  
316.9  12621.8  
316.8  13176  
316.7  13697.6  
316.6  14219.2  
316.5  14773.4  
316.4  15295  
316.3  15816.6  
316.2  16338.2  
316.1  16859.8  
316  17381.4  
315.9  17903  
315.8  18424.6  
315.7  18913.6  
315.6  19435.2  
315.5  19956.8  
315.4  20478.4  
315.3  20967.4  
315.2  21489  
315.1  21978  
315  22499.6  
314.9  22988.6  
314.8  23510.2  
314.7  24031.8  
314.6  24520.8  
314.5  25042.4  
314.4  25531.4  
314.3  26020.4  
314.2  26542  
314.1  27031  
314  27520  
313.9  28041.6  
313.8  28530.6  
313.7  29019.6  
313.6  29508.6  
313.5  29997.6  
313.4  30486.6  
313.3  30975.6  
313.2  31464.6  
313.1  31953.6  
313  32442.6  
312.9  32931.6  
312.8  33388  
312.7  33877  
312.6  34366  
312.5  34822.4  
312.4  35311.4  
312.3  35767.8  
312.2  36256.8  
312.1  36713.2  
312  37202.2  
