329.9  1720  
329.8  1755.7  
329.7  1791.4  
329.6  1827.1  
329.5  1898.5  
329.4  1934.2  
329.3  1969.9  
329.2  2041.3  
329.1  2077  
329  2112.7  
328.9  2184.1  
328.8  2219.8  
328.7  2255.5  
328.6  2326.9  
328.5  2362.6  
328.4  2398.3  
328.3  2469.7  
328.2  2505.4  
328.1  2541.1  
328  2612.5  
327.9  2648.2  
327.8  2683.9  
327.7  2755.3  
327.6  2791  
327.5  2826.7  
327.4  2898.1  
327.3  2933.8  
327.2  2969.5  
327.1  3040.9  
327  3076.6  
326.9  3112.3  
326.8  3183.7  
326.7  3219.4  
326.6  3255.1  
326.5  3326.5  
326.4  3362.2  
326.3  3397.9  
326.2  3433.6  
326.1  3505  
326  3540.7  
325.9  3576.4  
325.8  3647.8  
325.7  3683.5  
325.6  3719.2  
325.5  3790.6  
325.4  3826.3  
325.3  3862  
325.2  3933.4  
325.1  3969.1  
325  4040.5  
324.9  4076.2  
324.8  4147.6  
324.7  4183.3  
324.6  4254.7  
324.5  4290.4  
324.4  4361.8  
324.3  4397.5  
324.2  4433.2  
324.1  4504.6  
324  4540.3  
323.9  4611.7  
323.8  4647.4  
323.7  4718.8  
323.6  4754.5  
323.5  4790.2  
323.4  4861.6  
323.3  4897.3  
323.2  4968.7  
323.1  5004.4  
323  5075.8  
322.9  5111.5  
322.8  5147.2  
322.7  5218.6  
322.6  5254.3  
322.5  5325.7  
322.4  5361.4  
322.3  5397.1   
322.2  5468.5  
322.1  5504.2  
322  5539.9  
321.9  5611.3  
321.8  5647  
321.7  5718.4  
321.6  5754.1  
321.4  5861.2  
321.3  5932.6  
321.2  5968.3  
321.1  6039.7  
321  6075.4  
320.9  6146.8  
320.8  6182.5  
320.7  6253.9  
320.6  6289.6  
320.5  6361  
320.3  6468.1  
320.2  6503.8  
320.1  6539.5  
320  6610.9  
319.9  6646.6  
319.8  6718  
319.7  6753.7  
319.6  6825.1  
319.5  6860.8  
319.4  6932.2  
319.3  6967.9  
319.2  7003.6  
319.1  7075  
319  7110.7  
318.9  7182.1  
318.8  7217.8  
318.7  7253.5  
318.6  7324.9  
318.5  7360.6  
318.4  7396.3  
318.3  7467.7  
318.2  7503.4  
318.1  7574.8  
318  7610.5  
317.9  7646.2   
317.8  7717.6  
317.7  7753.3  
317.6  7824.7  
317.5  7860.4  
317.4  7931.8  
317.3  7967.5  
317.2  8038.9  
317.1  8074.6  
317  8146  
316.9  8181.7  
316.8  8253.1  
316.7  8538.7  
316.6  9324.1  
316.5  10145.2  
316.4  10930.6  
316.3  11716  
316.2  12501.4  
316.1  13286.8  
316  14072.2  
315.9  14821.9  
315.8  15607.3  
315.7  16392.7  
315.6  17142.4  
315.5  17927.8  
315.4  18677.5  
315.3  19462.9  
315.2  20212.6  
315.1  20962.3  
315  21747.7  
314.9  22497.4  
314.8  23247.1  
314.7  24032.5  
314.6  24782.2  
314.5  25531.9  
314.4  26281.6  
314.3  27067  
314.2  27816.7  
314.1  28530.7  
314  29280.4  
313.9  30030.1  
313.8  30779.8  
313.7  31529.5  
313.6  32243.5  
313.5  32993.2  
313.4  33742.9  
313.3  34456.9  
313.2  35206.6  
313.1  35920.6  
313  36634.6  
312.9  37384.3  
