330  4632  
329.8  4665  
329.6  4698  
329.5  4731  
329.3  4764  
329.1  4797  
329  4830  
328.8  4863  
328.6  4896  
328.5  4929  
328.3  4962  
328.1  4995  
328  5028  
327.8  5061  
327.6  5094  
327.5  5127  
327.3  5160  
327.2  5193  
327  5226  
326.8  5259  
326.7  5292  
326.5  5325  
326.3  5358  
326.2  5391  
326  5424  
325.8  5457  
325.7  5490  
325.5  5523  
325.3  5556  
325.2  5589  
325  5622  
324.8  5655  
324.7  5688  
324.5  5721  
324.3  5754  
324.2  5787  
324  5820  
323.8  5853  
323.7  5886  
323.5  5919  
323.3  5952  
323.2  5985  
323  6018  
322.8  6051  
322.6  6084  
322.5  6117  
322.3  6150  
322.1  6183  
321.9  6216  
321.8  6249  
321.6  6282  
321.4  6315  
321.2  6348  
321.1  6381  
320.9  6414  
320.7  6447  
320.5  6480  
320.3  6513  
320.2  6546  
320  6579  
319.8  6612  
319.6  6645  
319.4  6678  
319.2  6711  
319  6744  
318.8  6777  
318.6  6810  
318.4  6843  
318.2  6876  
318  6909  
317.8  6942  
317.6  6975  
317.4  7008  
317.2  7041  
317  7074  
316.8  7107  
316.6  7140  
316.5  7503  
316.4  8031  
316.3  8559  
316.2  9087  
316.1  9615  
316  10143  
315.9  10638  
315.8  11166  
315.7  11694  
315.6  12189  
315.5  12717  
315.4  13212  
315.3  13740  
315.2  14235  
315.1  14730  
315  15258  
314.9  15753  
314.8  16281  
314.7  16776  
314.6  17271  
314.5  17799  
314.4  18294  
314.3  18789  
314.2  19284 
314.1  19779  
314  20307  
313.9  20802  
313.8  21297  
313.7  21792  
313.6  22254  
313.5  22749  
313.4  23244  
313.3  23739  
313.2  24234  
313.1  24696  
313  25191  
312.9  25686  
312.8  26148  
312.7  26643  
312.6  27105  
312.5  27600  
312.4  28062  
312.3  28524  
312.2  29019  
312.1  29481  
312  29943  
311.9  30405  
311.8  30900  
311.7  31362  
311.6  31824  
311.5  32286  
311.4  32748  
311.3  33210  
311.2  33672  
311.1  34101  
311  34563  
310.9  35025  
310.8  35487  
310.7  35916  
310.6  36378  
310.5  36840  
310.4  37269  
