329.6  10500  
329.5  10526  
329.4  10552  
329.4  10578  
329.3  10604  
329.2  10630  
329.1  10656  
329  10708  
328.9  10734  
328.8  10760  
328.7  10812  
328.6  10838  
328.5  10864  
328.4  10916  
328.3  10942  
328.2  10994  
328.1  11020  
328  11072  
327.9  11098  
327.8  11124  
327.7  11176  
327.6  11202  
327.5  11228  
327.4  11280  
327.3  11306  
327.2  11358  
327.1  11384  
327  11436  
326.9  11462  
326.8  11514  
326.7  11540  
326.6  11566  
326.5  11618  
326.4  11644  
326.3  11696  
326.2  11722  
326.1  11748  
326  11800  
325.9  11826  
325.8  11878  
325.7  11904  
325.6  11930  
325.5  11982  
325.4  12008  
325.3  12060  
325.2  12086  
325.1  12112  
325  12164  
324.9  12190  
324.8  12242  
324.7  12268  
324.6  12294  
324.5  12346  
324.4  12372  
324.3  12424  
324.2  12450  
324.1  12502  
324  12528  
323.9  12580  
323.8  12606  
323.7  12658  
323.6  12684  
323.5  12736  
323.4  12762  
323.3  12814  
323.2  12840   
323.1  12892  
323  12918  
322.9  12944  
322.8  12996  
322.7  13022  
322.6  13074  
322.5  13100  
322.4  13152  
322.3  13178  
322.2  13230  
322.1  13256  
322  13308  
321.9  13334  
321.8  13360  
321.7  13412  
321.6  13438  
321.4  13516  
321.3  13568  
321.2  13594  
321.1  13620  
321  13672  
320.9  13698  
320.8  13750  
320.7  13776  
320.6  13802  
320.5  13854  
320.3  13932  
320.2  13958  
320.1  13984  
320  14036  
319.9  14062  
319.8  14088  
319.7  14140  
319.6  14166  
319.5  14192  
319.4  14244  
319.3  14270  
319.2  14296  
319.1  14348  
319  14374  
318.9  14400  
318.8  14452  
318.7  14478  
318.6  14530  
318.5  14556  
318.4  14582  
318.3  14634  
318.2  14660  
318.1  14712  
318  14738  
317.9  14764  
317.8  14816  
317.7  14842  
317.6  14868  
317.5  14920  
317.4  14946  
317.3  14998  
317.2  15180  
317.1  15986  
317  16766  
316.9  17572  
316.8  18378  
316.7  19184  
316.6  19964  
316.5  20770  
316.4  21550  
316.3  22330  
316.2  23110  
316.1  23916  
316  24696  
315.9  25476  
315.8  26230  
315.7  27010  
315.6  27790  
315.5  28544  
315.4  29324  
315.3  30078  
315.2  30858  
315.1  31612  
315  32366  
314.9  33120  
314.8  33900  
314.7  34654  
314.6  35408  
314.5  36162  
