879    
1581    
2283    
2985    
3688    
4390    
5092    
5794
6496    
7198    
7900    
8602    
9305    
10007    
10709    
11411
12113    
12815    
13517    
14219    
14922    
15624    
16326    
17028
17730    
17205    
16680    
16155    
15630    
15105    
14580    
14055
13530    
13005    
12480    
11955    
11430    
10905    
10380    
9855
9330    
8805    
8280    
7755    
7230    
6705    
6180    
5655
5130    
4043    
3466    
3397    
3329    
3260    
3192    
3124
3055   
2987    
2918    
2850    
2781    
2713    
2644    
2576
2508    
2439    
2371    
2302    
2234    
2165    
2097    
2028
1960    
1927    
1893    
1860    
1827    
1793    
1760    
1727
1693    
1660    
1627    
1593    
1560    
1527    
1493    
1460
1427    
1393    
1360    
1327    
1293    
1260    
1227    
1193
1160