1262.0 
1267.8 
1273.5 
1279.3 
1285.0 
1290.8 
1296.5 
1302.3 
1308.0 
1313.8 
1319.5 
1325.3 
1331.0 
1336.8 
1342.5 
1348.3 
1354.0 
1359.8 
1365.5 
1371.3 
1377.0 
1382.8 
1388.5 
1394.3 
1400.0 
1448.0 
1495.9 
1543.9 
1591.8 
1639.8 
1687.8 
1735.7 
1783.7 
1831.6 
1879.6 
1927.5 
1975.5 
2023.5 
2071.4 
2119.4 
2167.3 
2215.3 
2263.3 
2311.2 
2359.2 
2407.1 
2455.1 
2503.0 
2551.0 
2918.8 
3286.6 
3654.4 
4022.1 
4389.9 
4757.7 
5125.5 
5493.3 
5861.1 
6228.9 
6596.6 
6964.4 
7332.2 
7700.0 
8027.8 
8355.6 
8683.4 
9011.2 
9339.0 
9666.8 
9994.6 
10322.4 
10650.2 
11000.0 
11966.3 
12932.5 
13898.8 
14865.0 
15831.3 
16797.5 
17763.8 
18730.0 
22133.5 
25537.0 
24750.0 
23206.0 
24630.0 
21980.0 
20400.0 
19560.0 
16813.0 
16330.0 
14115.0 
13750.0 
12400.0 
11050.0 
9700.0 
10376.0 
9598.2 
8777.0 
7739.1 
6701.2 
5663.3 
5219.8 
5096.5 
4973.2 
4849.9 
4726.5 
4603.2 
4479.9 
4356.6 
4233.2 
4109.9 
3986.6 
3863.3 
3739.9 
3616.6 
3493.3 
3370.0 
3246.6 
3123.3 
3000.0 
2924.1 
2848.2 
2772.3 
2696.4 
2620.6 
2544.7 
2468.8 
2392.9 
2317.0 
2241.1 
2165.2 
2089.3 
2013.4 
1937.5 
1861.7 
1785.8 
1709.9 
1634.0 
1558.1 
1482.2 
1406.3 
1367.6 
1332.3 
1297.0 
