6150.0 
6375.0 
6437.5 
6500.0 
6800.0 
7100.0 
7400.0 
7700.0 
8000.0 
9800.0 
11600.0 
12611.1 
12833.3 
13055.6 
13277.8 
13500.0 
13500.0 
13687.5 
13875.0 
14062.5 
14250.0 
14437.5 
14625.0 
14812.5 
15000.0 
14900.0 
17000.0 
17600.0 
20000.0 
21000.0 
19600.0 
19600.0 
19266.7 
18600.0 
19300.0 
18650.0 
18000.0 
18000.0 
17750.0 
17250.0 
16905.9 
16717.6 
16529.4 
16341.2 
16152.9 
15964.7 
15776.5 
15588.2 
15400.0 
14750.0 
14100.0 
13500.0 
13291.7 
13083.3 
12714.3 
12000.0 
11500.0 
11000.0 
10750.0 
10500.0 
10140.0 
9780.0 
9956.0 
9516.0 
9076.0 
8705.7 
8381.7 
8057.8 
7733.9 
7410
7016.7
6623.3
6230