0.00260643 0.083117 0.262279 0.116681 0.10736 0.0850373 0.0323911 0.0123025 0.0622679 0.0971434 0.0706984 0.0681165 
0.0223912 0.0371649 0.00333857 0.0190208 0.021447 0.0320694 0.0971823 0.59246 0.00382042 0.0548168 0.114068 0.00222112 
0.567124 0.0224921 0.0677951 0.00842952 0.0469037 0.0139432 0.0494191 0.0700881 0.010356 0.0827752 0.0602433 0.000430786 
0.0219135 0.0579564 0.0192285 0.0108643 0.0206746 0.0987969 0.566581 0.00590716 0.0116969 0.0463222 0.12377 0.0162888 
0.000428188 0.0704479 0.0149341 0.0350695 0.0156427 0.0123956 0.0100206 0.121919 0.577134 0.0165818 0.027832 0.0975938 
0.032523 0.022288 0.00863724 0.0796123 0.0939222 0.00429473 0.0274901 0.00823652 0.0277284 0.615085 0.0159322 0.06425 
0.0205838 0.0103189 0.0221799 0.0652424 0.0205384 0.593562 0.0178909 0.00821828 0.100657 0.0256982 0.0862295 0.0288813 
0.00418654 0.514212 0.00589375 0.0743231 0.00485758 0.00193335 0.0579592 0.199053 0.0402649 0.0212787 0.019382 0.0566557 
0.0251197 0.0259546 0.0158782 0.00641536 0.504084 0.000388227 0.0243615 0.0451089 0.0288258 0.0252235 0.0343735 0.264267 
0.105126 0.0919648 0.0611659 0.0110452 0.0255455 0.0897807 0.0661511 0.0282968 0.0051382 0.0122933 0.00286991 0.500623 
0.162328 0.0152362 0.00235708 0.0154916 0.00247089 0.0209611 0.0369372 0.176724 0.123254 0.011408 0.394786 0.038046 
0.0144869 0.017902 0.0810418 0.564942 0.00682956 0.0239906 0.0590457 0.0466814 0.0574538 0.109176 0.00606106 0.0123897 
0.23165 0.00185641 0.0561723 0.00726001 0.00946325 0.060251 0.234293 0.00101145 0.075859 0.284199 0.0117183 0.0262665 
0.0295819 0.0523545 0.00140608 0.200311 0.0232835 0.132256 0.0417372 0.286789 0.0115347 0.00980932 0.00116015 0.209776 
0.0318924 0.037106 0.0456725 0.0310293 0.245161 0.0201417 0.285877 0.211628 0.0409781 0.0221316 0.0262168 0.00216558 
0.00199246 0.00722705 0.0382406 0.0405147 0.0378435 0.0316512 0.0110183 0.022495 0.317467 0.326826 0.0136556 0.151069 
0.275428 0.118775 0.0214343 0.0295032 0.00130115 0.292111 0.0442924 0.033797 0.154011 0.0100559 0.0187373 0.000553649 
0.083354 0.0210944 0.000388747 0.00327542 0.0756948 0.0199682 0.0084087 0.310189 0.0323059 0.326578 0.00863261 0.11011 
0.0207855 0.011639 0.015381 0.00280196 0.327238 0.00593622 0.0934294 0.00124607 0.0636589 0.212542 0.229812 0.0155302 
0.0186993 0.241762 0.0334266 0.0170803 0.274969 0.0411427 0.0358482 0.044874 0.250529 0.0118035 0.0154074 0.0144577 
0.0374017 0.264752 0.000833633 0.00325009 0.00697609 0.177899 0.053333 0.0634035 0.0490225 0.256662 0.0716712 0.0147942 
0.0110345 0.00575587 0.0902284 0.0671783 0.0167861 0.00752123 0.302752 0.0192532 0.252209 0.034735 0.0900538 0.102492 
0.232671 0.0654708 0.0682744 0.283442 0.00230078 0.00548124 0.0934599 0.0167109 0.00368816 0.0176229 0.124903 0.085975 
0.00249452 0.0103559 0.0228044 0.00409865 0.0576103 0.0124087 0.0779337 0.359793 0.317594 0.0298787 0.101741 0.00328739 
0.000775729 0.0288424 0.0106678 0.00814343 0.00639424 0.02291 0.0102793 0.189583 0.0121219 0.149789 0.221563 0.33893 
0.00132695 0.0198266 0.0167529 0.110136 0.0727626 0.304845 0.0121526 0.00810261 0.14555 0.00606072 0.0444349 0.258049 
0.256639 0.0279023 0.172638 0.0893297 0.00060491 0.00481347 0.0159235 0.0745059 0.296082 0.00460128 0.0473507 0.00960913 
0.0874378 0.00340573 0.178938 0.0881491 0.0186563 0.286083 0.263565 0.0252378 0.00543763 0.0154281 0.0186188 0.00904245 
0.0174555 0.220748 0.0233228 0.113993 0.123284 0.0745885 0.0170918 0.0113235 0.0170017 0.0498179 0.323587 0.00778729 
0.00579214 0.00947315 0.0144409 0.27756 0.274785 0.0934865 0.0241299 0.0140067 0.168379 0.0729874 0.00628079 0.0386783 
0.318615 0.286255 0.0699213 0.0212694 0.0330863 0.00960079 0.000172654 0.117803 0.0469485 0.0513002 0.00408398 0.0409434 
0.0217095 0.0275781 0.0698282 0.124379 0.0245098 0.0419343 0.0217079 0.0354161 0.00957488 0.334523 0.272231 0.0166083 
0.0342078 0.00384438 0.0655008 0.0109815 0.036872 0.391266 0.00865388 0.257587 0.00408021 0.120916 0.0052013 0.0608889 
0.000556089 0.283259 0.0439288 0.351293 0.026867 0.080274 0.0139484 0.00124582 0.0026913 0.0916108 0.0259667 0.0783592 
0.0258021 0.170574 0.261571 0.0310819 0.0198023 0.0320685 0.00193528 0.315196 0.00161304 0.0206084 0.100193 0.0195548 
0.2391 0.00828491 0.0903088 0.0452515 0.265977 0.0912556 0.00947417 0.0418712 0.0698995 0.0217854 0.0786829 0.0381093 
0.0222545 0.000539096 0.00989182 0.0155912 0.207793 0.0365557 0.0119559 0.172094 0.22053 0.0148848 0.0545013 0.233408 
0.0281442 0.259925 0.00925537 0.0260588 0.0134479 0.0160495 0.202509 0.0394335 0.0300654 0.102207 0.0103977 0.262507 
0.0120556 0.361545 0.022685 0.00317449 0.177905 0.0698802 0.262442 0.036602 0.031607 0.00256605 0.018872 0.000666255 
0.0023455 0.0184053 0.0262984 0.364641 0.0276529 0.033712 0.0106785 0.181073 0.0352814 0.0299079 0.255937 0.0140672 
0.321192 0.0328541 0.254198 0.00248841 0.0548875 0.00148202 0.196612 0.00562301 0.0141462 0.0383115 0.0590996 0.0191055 
0.0369503 0.00902941 0.544027 0.00860645 0.00363523 0.0493445 0.0278902 0.00711663 0.114689 0.0697019 0.0172227 0.111787 
0.00247588 0.135112 0.0098374 0.0242973 0.00608421 0.0139979 0.2676 0.174772 0.0315853 0.0573446 0.232896 0.0439985 
0.00858658 0.238396 0.224831 0.0256869 0.0111617 0.0145755 0.093321 0.0196208 0.313159 0.00221945 0.0440771 0.0043646 
0.000136457 0.0433879 0.00444982 0.320063 0.0236706 0.0943636 0.292942 0.0165178 0.019651 0.0285948 0.0616613 0.0945619 
0.0290433 0.126062 0.0206791 0.186337 0.0036242 0.148139 0.00568275 0.0990529 0.207421 0.0723007 0.0701135 0.0315445 
0.022118 0.0148735 0.0601386 0.0278487 0.203794 0.236015 0.00722548 0.0623491 0.0965708 0.224285 0.0424934 0.00228834 
0.0105482 0.000804392 0.281664 0.0206689 0.194891 0.00206089 0.00500473 0.0733071 0.0288142 0.0507468 0.33139 9.94468e-005 
0.219694 0.0166583 0.0212072 0.00679351 0.0325479 0.0399645 0.117107 0.00836713 0.203766 0.00891721 0.0910913 0.233887 
0.0553243 0.00514028 0.0654901 0.136846 0.273593 0.0140227 0.000567908 0.258662 0.00719076 0.107046 0.0696095 0.00650805 
0.245512 0.0638717 0.0425645 0.117602 0.0627416 0.00400575 0.0121683 0.0171515 0.00963838 0.191986 0.000628447 0.23213 
0.06851 0.00307255 0.250892 0.064856 0.0175308 0.01371 0.0578932 0.139114 0.0221805 0.00974866 0.0427573 0.309735 
0.135292 0.00290573 0.104052 0.0995457 0.0650094 0.230209 0.0301593 5.82602e-005 0.0433778 0.0302124 0.246143 0.0130367 
0.0336173 0.0403908 0.119892 0.000535283 0.0754256 0.0569521 0.00101282 0.028842 0.0213518 0.3728 0.0364551 0.212725 
0.192104 0.000884956 0.0159768 0.0259867 0.0214235 0.124865 0.206999 0.282537 0.0342889 0.0538259 0.0386696 0.00243766 
0.00779696 0.000966664 0.0126421 0.237916 0.0112619 0.019729 0.00126776 0.3992 0.102517 0.16887 0.0158103 0.0220225 
0.0447282 0.025165 0.0511748 0.0508316 0.0650338 0.0219283 0.0627992 0.00154852 0.299461 0.0411249 0.274982 0.0612228 
0.00986321 0.406084 0.0209078 0.11477 0.0142308 0.260459 0.0162614 0.0785241 0.0225292 0.013333 0.0296319 0.0134065 
0.0208303 0.0201926 0.286689 0.00254617 0.0837595 0.0139168 0.113462 0.115827 0.00882915 0.312564 0.0179639 0.00341915 
0.00631377 0.000667786 0.0474349 0.141099 0.0974762 0.00878805 0.225203 0.0639928 0.0194079 0.2294 0.0394295 0.120788 
0.0205614 0.167062 0.0148618 0.0580836 0.447364 0.160647 0.0015253 0.0109583 0.0496263 0.000777166 0.0552993 0.0132337 
0.0359225 0.0748033 0.0419252 0.179394 0.153898 0.0604139 8.16851e-005 0.0390637 0.00403209 0.0406135 0.138657 0.231194 
0.401956 0.0664919 0.0032996 0.0212611 0.0388051 0.0156288 0.0234401 0.19467 0.0174515 0.00575065 0.00652749 0.204718 
0.0413134 0.0235382 0.00707874 0.00740782 0.00109555 0.205471 0.103493 0.140516 0.0301438 0.413915 0.0193201 0.00670725 
0.060101 0.20406 0.0677041 0.000242507 0.152698 0.220961 0.0741202 0.0159128 0.0251013 0.0415189 0.0186697 0.118911 
0.0667521 0.0578887 0.0379725 0.27052 0.100086 0.305523 0.00824074 0.0467631 0.00217275 0.0246311 0.0186152 0.0608352 
0.367335 0.011612 0.0496925 0.0723185 0.0107267 0.014827 0.0314843 0.000764438 0.0306585 0.121741 0.260621 0.0282197 
0.019759 0.0278361 0.0331066 0.0442523 0.110611 0.0509856 0.347099 0.0317928 0.0358847 0.017968 0.0127721 0.267933 
0.0416188 0.0105621 0.22606 0.0505654 0.444587 0.00447127 0.00187511 0.0241601 0.071148 0.0527496 0.00259206 0.0696103 
0.0140879 0.00127927 0.00902123 0.00116338 0.0523316 0.197075 0.168745 0.1611 0.173936 0.0767624 0.00559212 0.138907 
0.0677735 0.350846 0.0412427 0.00147923 0.00553099 0.0535751 0.111058 0.00986895 0.140212 0.0313286 0.182389 0.00469583 
0.211845 0.189708 0.00395285 0.0282611 0.0910106 0.00178288 0.00691229 0.00904186 0.128257 0.287976 0.012289 0.0289631 
0.00322421 0.0107213 0.0371014 0.264205 0.0205522 0.0187545 0.215139 0.273796 0.0479947 0.0206039 0.0742737 0.0136346 
0.0293857 0.00226577 0.257759 0.302212 0.0153988 5.8969e-005 0.00160837 0.171316 0.100988 0.066929 0.0496986 0.00237999 
0.0165705 0.245093 0.115824 0.146799 0.0265193 0.000971 0.0376734 0.170183 0.0297347 0.153528 0.00390023 0.0532042 
0.00182567 0.0153656 0.357441 0.0627933 0.128239 0.0247849 0.265948 0.0167085 0.0828204 0.00110467 0.0299537 0.0130153 
0.0314909 0.0321748 0.00592167 0.0324304 0.00818694 0.194578 0.138698 0.045434 0.389995 0.0224556 0.08093 0.017705 
0.0991464 0.0141787 0.0559675 0.220562 0.00609825 0.0633322 0.0237173 0.0936285 0.0915374 0.301601 0.0269452 0.00328615 
0.0136072 0.107027 0.142657 0.00296052 0.0117556 0.0202755 0.017077 0.0369655 0.231715 0.0102124 0.0468638 0.358883 
0.0365009 0.198088 0.225412 0.0300716 0.00348725 0.00431986 0.20805 0.0031452 0.0295603 0.0143647 0.246581 0.000419901 
0.148012 0.0611388 0.0189287 0.00294333 0.0279765 0.0160194 0.0693009 0.175475 0.181081 0.13266 0.136485 0.0299804 
0.0971541 0.0243596 0.00348076 0.0263915 0.0558538 0.000914306 0.00214962 0.398046 0.027817 0.0719719 0.114381 0.177481 
0.0215059 0.00262446 0.203198 0.0211956 0.0715682 0.0473153 0.0575864 0.0771247 0.321979 0.127123 0.00978999 0.0389892 
0.00550352 0.236576 0.0273349 0.00133266 0.00360554 0.266588 0.00544348 0.273062 0.01569 0.0350394 0.0497357 0.0800885 
0.286226 0.0174536 0.00420862 0.0216501 0.0389002 0.231196 0.243955 0.0125376 0.00502174 0.0744234 0.029192 0.0352353 
0.0807855 0.0178316 0.185384 0.0143471 0.153811 0.371824 0.0154803 0.018737 0.0737955 0.00870773 0.000764916 0.0585309 
0.0378553 0.0194939 0.156707 4.91322e-005 0.0404975 0.136508 0.0144421 0.000491027 0.0794217 0.0465343 0.22684 0.24116 
0.0598648 0.00401547 0.10507 0.152686 0.021648 0.0234095 0.11217 0.0249371 0.00675721 0.033735 0.365523 0.0901844 
0.0172822 0.169222 0.0953313 0.030985 0.0116385 0.11231 0.285985 0.0383699 0.0042062 0.168337 0.0562308 0.0101026 
0.0444127 0.439774 0.172399 0.0268403 0.0065169 0.0444582 0.0180678 0.0101006 0.0176366 0.115097 0.0394601 0.0652364 
0.0280233 0.0649273 0.049558 0.186662 0.0875964 0.00816377 0.107718 0.028527 0.225365 0.0130689 0.00314613 0.197244 
0.0179119 0.0882311 0.00165088 0.0297338 0.175743 0.195052 0.0152885 0.191944 0.0030961 0.0567098 0.16612 0.0585184 
0.00401604 0.096505 0.00533166 0.00423862 0.220203 0.0106257 0.112323 0.164187 0.009693 0.154402 0.0215198 0.196956 
0.180936 0.022435 0.344584 0.00727342 0.0245438 0.166983 0.0501053 0.0175356 0.0887497 0.0200091 0.00411121 0.0727339 
0.390658 0.0129789 0.171277 0.0215381 0.0183709 0.0209705 0.0158358 0.279811 0.0284721 0.0180609 0.0159798 0.0060461 
0.093055 0.330817 0.0134948 0.00132604 0.185504 0.0207924 0.0214831 0.0889629 0.0423704 0.125814 0.00179494 0.0745853 
0.0517314 0.161034 0.0104483 0.0391904 0.224989 0.0223294 0.248278 0.00821996 0.0103394 0.0176689 0.183693 0.0220793 
0.0328017 0.0660235 0.120203 0.0104645 0.0145712 0.128842 0.0354892 0.198018 0.012055 0.151123 0.0644452 0.165963 
0.00175162 0.0325691 0.0255078 0.00207255 0.0428829 0.0772488 0.0530163 0.0473865 0.0838831 0.221399 0.0124922 0.39979 
0.0183485 0.0283863 0.00735102 0.0527823 0.00504806 0.234902 0.0636925 0.0448448 0.0466335 0.0190135 0.454233 0.0247642 
0.0323713 0.000319793 0.0148647 0.143908 0.38569 0.0779045 0.0508749 0.00172812 0.0241246 0.00439449 0.236884 0.026936 
0.0246518 0.261181 0.386538 0.0128709 0.0280961 0.0282104 0.0563616 0.00382038 0.044039 0.0390523 0.0215499 0.0936287 
0.210288 0.012758 0.103742 0.10507 0.0439842 0.0145587 0.336668 0.0503212 0.000959756 0.0350558 0.00425173 0.0823416 
0.182285 0.013059 0.00110575 0.14517 0.133421 0.0266095 0.126049 0.0310452 0.184728 0.121005 0.00581488 0.0297067 
0.0829209 0.00527951 0.0606005 0.0131963 0.247662 0.245831 0.24612 0.0442471 0.0224012 0.0132362 0.0134594 0.00504659 
0.0236304 0.00488288 0.138427 0.00461839 0.093197 0.208442 0.0452399 0.335343 0.0911924 0.00777115 0.0430368 0.00422003 
0.164823 0.222822 0.0448013 0.0836856 0.0097418 0.0302938 0.022048 0.165693 0.00713714 0.036992 0.194306 0.0176565 
0.0525701 0.201515 0.202821 0.0174138 0.15723 0.0158047 0.128692 0.158945 0.038671 0.0161952 0.00173337 0.00840925 
0.248617 0.0136313 0.0136107 0.24064 0.022524 0.0140867 0.0294571 0.222557 0.0686893 0.0612655 0.0172499 0.0476725 
0.00245724 0.0374994 0.152799 0.0148118 0.255581 0.14627 0.0368465 0.0269324 0.230611 0.00388269 0.0867968 0.00551076 
0.0521033 0.0164169 0.0775167 0.357259 0.0682227 0.00386385 0.0119962 0.0166036 0.228493 0.0406145 0.0829108 0.0439999 
0.00382694 0.0221168 0.189243 0.0156808 0.0847845 0.00598031 0.23497 0.151237 0.00599457 0.0232823 0.130416 0.132467 
0.203107 0.144469 0.246086 0.00438277 0.0151856 0.0254332 0.0192354 0.053016 0.00613251 0.065631 0.147583 0.0697385 
0.0478829 0.00773157 0.0448637 0.247189 0.0012277 0.0992545 0.0477391 0.0167879 0.0492745 0.104988 0.000832654 0.332229 
0.0122816 0.137745 0.0448825 0.0820282 0.00069407 0.333598 0.11199 0.000367466 0.188022 0.0203988 0.0346828 0.0333094 
0.00489058 0.00556113 0.416715 0.0331724 0.0272811 0.0394043 0.0689379 0.191687 0.0153944 0.0301237 0.0857351 0.0810972 
0.16095 0.0804217 0.0171197 0.0565554 0.0141446 0.227323 0.0207768 0.00257017 0.0119166 0.243764 0.0534325 0.111026 
0.0153745 0.140566 0.16591 0.0202442 0.0145921 0.0105326 0.0556152 0.0130623 0.185762 0.170254 0.181931 0.0261567 
0.271437 0.00164123 0.0358786 0.0920416 0.030632 0.000693629 0.21204 0.0591734 0.0972758 0.0048699 0.187302 0.00701485 
0.150669 0.157552 0.0486323 0.176889 0.161558 0.109606 0.00134906 0.102636 0.0647911 0.00776194 0.00562386 0.0129306 
0.00422447 0.0293147 0.00903982 0.0613556 0.197793 0.00381064 0.00934562 0.121534 0.124189 0.345051 0.0150286 0.0793129 
0.0320182 0.144853 0.0183121 0.0160573 0.278065 0.0530424 0.0174337 0.0120528 0.0583592 0.0289621 0.0290741 0.311771 
0.00615893 0.208692 0.0101879 0.0457043 0.0468749 0.0142204 0.295599 0.0289343 0.228 0.101233 0.00432875 0.0100668 
0.0339763 0.0569074 0.0325984 0.151018 0.303575 0.022378 0.206254 0.0268267 0.00165329 0.105825 0.0061171 0.0528714 
0.0068966 0.16102 0.100671 0.0143404 0.0141826 0.0466823 0.0445354 0.381359 0.161995 0.0121681 0.00133074 0.0548185 
0.000263985 0.0272555 0.0354217 0.0626092 0.0386563 0.134127 0.235022 0.00722403 0.0108355 0.0422502 0.205971 0.200364 
0.0219362 0.129199 0.00281956 0.0650827 0.0233864 0.0119651 0.00491073 0.128357 0.107645 0.0882992 0.268202 0.148196 
0.00123487 0.0732849 0.0157688 0.200728 0.342294 0.0171746 0.0047183 0.0167589 0.0574091 0.258227 0.0080599 0.00434185 
0.0078363 0.0214465 0.0203112 0.0319749 0.228715 0.155094 0.00358701 0.0628298 0.1496 0.0157291 0.295334 0.00754161 
0.00610092 0.000707933 0.0151875 0.0664206 0.189804 0.0582278 0.0419359 0.135597 0.385298 0.00201954 0.0528541 0.0458464 
0.0382842 0.320726 0.0677855 0.169867 0.000770746 0.00764728 0.0441878 0.0269264 0.0910719 0.0191126 0.0167693 0.196852 
0.192565 0.113798 0.00554593 0.0133923 0.17952 0.0826115 0.212376 0.0591041 0.0322784 0.0109111 0.0003818 0.0975157 
0.0240469 0.191681 0.0116189 0.00201758 0.062589 0.0667027 0.274894 0.284509 0.0348091 0.0221697 0.00042685 0.0245351 
0.292305 0.107069 0.00451816 0.0648607 0.000448901 0.0501789 0.0095312 0.188599 0.0427682 0.203923 0.0292505 0.00654744 
0.00431936 0.0162932 0.112842 0.00700842 0.341462 0.17249 0.0604001 0.214849 0.0286553 0.0229615 0.0145093 0.00420995 
0.288925 0.0734924 0.0100226 0.000448255 0.126875 0.0315916 0.0410809 0.228591 0.0074161 0.0204911 0.137828 0.0332381 
0.0979152 0.00914753 0.0408496 0.358392 0.024191 0.129161 0.108118 0.0472097 0.00910575 0.137896 0.0347492 0.00326546 
0.434264 0.0611305 0.067342 0.0265289 0.00589868 0.00568115 0.167459 0.000156553 0.0407255 0.00768226 0.0137532 0.169379 
0.00435734 0.101584 0.0368744 0.121594 0.166691 0.0206892 0.11821 0.155489 0.130262 0.0121451 0.111167 0.0209387 
0.192257 0.0721918 0.00425719 0.0144011 0.100271 0.189216 0.00946226 0.214904 0.118768 0.00167254 0.0122495 0.07035 
0.173888 0.0848106 0.107798 0.0269021 0.0087872 0.0219568 0.0089706 0.00385138 0.0694549 0.467 0.0121444 0.0144356 
0.0123845 0.0662667 0.154757 0.0328138 0.121294 0.0179559 0.432575 0.0440286 0.0346696 0.000287728 0.0372774 0.0456903 
0.0594276 0.0295527 0.160446 0.282437 0.233696 0.023759 0.00726363 0.0757207 0.0122414 0.00772252 0.0400446 0.0676891 
0.0505329 0.00832491 0.155122 0.241429 0.0689447 0.0672108 0.172222 0.0351543 0.117376 1.25533e-005 0.0821055 0.00156463 
0.166155 0.00709476 0.28024 0.0992866 0.0175102 0.00817873 0.0718039 0.247504 0.0232848 0.0600453 0.0167784 0.00211832 
0.0775503 0.192026 0.166859 0.0221769 0.00946114 0.0103195 0.188199 0.0194689 0.139247 0.0421218 0.0143309 0.11824 
0.446292 0.0715424 0.0883121 0.0875287 0.00295021 0.0123872 0.0510841 0.00416772 0.180449 0.0137628 0.0399171 0.00160698 
0.0105886 0.218282 0.0131585 0.193131 0.011884 0.0919756 0.173151 0.0588843 0.0048408 0.0651798 0.103031 0.0558938 
0.0113397 0.181906 0.00279022 0.00748514 0.0301478 0.0136604 0.138113 0.267166 0.00326126 0.201783 0.0754864 0.0668602 
0.000318689 0.0757619 0.0165934 0.0287227 0.0266421 0.218917 0.00787885 0.0703987 0.103592 0.171191 0.214159 0.0658239 
0.0141508 0.0146106 0.0206036 0.0526201 0.0622676 0.00273851 0.0179686 0.188726 0.116574 0.0454846 0.0263233 0.437932 
0.00485239 0.0348826 0.0334081 0.125549 0.00382036 0.333276 0.0799394 0.135341 0.0100145 0.0131815 0.138804 0.0869304 
0.161266 0.00173548 0.000643675 0.00520321 0.176086 0.0451489 0.0163312 0.0192426 0.0274209 0.229943 0.138869 0.178111 
0.0390393 0.0595735 0.378019 0.261736 0.0177748 0.00269482 0.115313 0.0223813 0.0114193 0.0525749 0.0263014 0.0131724 
0.131115 0.00245517 0.0491965 0.189035 0.00675636 0.0668628 0.0100399 0.0326803 0.135568 0.136555 0.220005 0.0197302 
0.0150354 0.00738526 0.0862472 0.0140922 0.00731098 0.0151902 0.374313 0.159427 0.00992283 0.167071 0.0670054 0.0769994 
0.0433873 0.0223213 0.034675 0.0228066 0.00651929 0.0776695 0.0785844 0.291607 0.00162556 0.0598189 0.28868 0.0723053 
0.189833 0.0213837 0.133257 0.0783698 0.0287051 0.151521 0.103894 0.0939849 0.00656381 0.0871809 0.0573396 0.0479673 
0.121044 0.122918 0.00618828 0.0875222 0.0308294 0.0658446 0.0179744 0.00870822 0.356038 0.141097 0.0340078 0.00782736 
0.0305193 0.0233917 0.358734 0.117918 0.00627502 0.00656596 0.0348059 0.0213365 0.0764409 0.0242879 0.235614 0.0641112 
0.0142347 0.18374 0.105699 0.00622315 0.0181619 0.00417434 0.069196 0.223419 0.0295677 0.0296628 0.0290332 0.286888 
0.0304698 0.0332388 0.120848 0.00985596 0.125217 0.00128744 0.104596 0.0155729 0.115748 0.167725 0.061451 0.213991 
0.0933451 0.0327101 0.200891 0.00505248 0.00619106 0.0169425 0.0146155 0.18103 0.13213 0.0345241 0.155328 0.12724 
0.0215963 0.0602726 0.0122082 0.447491 0.0290778 0.00436733 0.118113 0.0264702 0.0128524 0.0225847 0.148425 0.0965412 
0.0621163 0.00116003 0.119716 0.019569 0.0835325 0.0120247 0.0917652 0.357693 0.0600696 0.142601 0.0119256 0.0378267 
0.0234688 0.016343 0.040713 0.0321965 0.524777 0.0459396 0.13063 0.02264 0.09102 0.012295 0.0510227 0.00895462 
0.0262281 0.279584 0.0409326 0.0319779 0.0569619 0.0229028 0.0405006 0.0013201 0.225299 0.159712 0.041971 0.07261 
0.0587256 0.0681735 0.0482521 0.0025536 0.351056 0.00797154 0.0167422 0.000256974 0.207531 0.0751197 0.0342126 0.129406 
0.00840837 0.208884 0.0165629 0.0271229 0.0663004 0.040145 0.042831 0.00780555 0.00593797 0.432463 0.0486166 0.0949223 
0.133826 0.143919 0.0190382 0.0462747 0.0149148 0.156912 0.0335939 0.0195029 0.00614978 0.114285 0.00520344 0.30638 
0.219912 0.00110697 0.0269405 0.00234741 0.0363013 0.0386512 0.310407 0.00204837 0.228198 0.0511588 0.0375416 0.0453866 
0.0714775 0.0106031 0.0133922 0.00801164 0.190792 0.00528503 0.146807 0.0478276 0.13528 0.0383105 0.204013 0.128201 
0.0537949 0.0193076 0.0010241 0.180148 0.0133641 0.212928 0.204986 0.0186068 0.141752 0.0974522 0.0523608 0.00427609 
0.00298038 0.0297696 0.110816 0.0189006 0.148105 0.0657806 0.0122866 0.0267913 0.00952703 0.173541 0.282697 0.118804 
0.00762016 0.0747256 0.0190561 0.0652931 0.21725 0.0471325 0.176317 0.0101956 0.271646 0.0928008 0.00790545 0.0100574 
0.0272773 0.0285088 0.0150335 0.0319415 0.119981 0.154054 0.163455 0.181951 0.0324982 0.207856 0.0155427 0.0219006 
0.453448 0.0038529 0.20313 0.0123173 0.0176398 0.0112224 0.00258056 0.0108881 0.00298484 0.0911545 0.045425 0.145356 
0.12019 0.0170462 0.00025914 0.0832193 0.00614392 0.00180157 0.145903 0.00572263 0.0703861 0.269602 0.175696 0.10403 
0.0623583 0.265368 0.212864 0.180793 0.0164626 0.0168839 0.0820025 0.0117112 0.0553616 0.0287691 0.0456807 0.0217447 
0.197171 0.129384 0.0084068 0.0337198 0.107396 0.0820086 0.0672751 0.0118763 0.0797385 0.0389824 0.242357 0.00168388 
0.0420928 0.235512 0.113449 0.0296792 0.0708728 0.00586931 0.0396396 0.0637724 0.00258433 0.103124 0.123142 0.170263 
0.260999 0.149515 0.151857 0.0300264 0.0368136 0.0963233 0.0139177 0.00895117 0.0181226 0.0116 0.0168846 0.204989 
0.214443 0.104334 0.0016277 0.0469921 0.139155 0.022736 0.0134253 0.0124207 0.0136572 2.1561e-005 0.152942 0.278245 
0.0765369 0.0552653 0.0601742 0.0443357 0.00330463 0.227625 0.00538195 0.00991386 0.283102 0.104064 0.00923804 0.121059 
0.00180715 0.022064 0.129521 0.0117401 0.0241445 0.331046 0.0388817 0.0217068 0.0411 0.26516 0.00563012 0.107198 
0.0100843 0.0643702 0.0271032 0.225467 0.0423447 0.00665828 0.388216 0.143647 0.0786787 0.00822711 0.00250436 0.00269896 
0.0224368 0.0965971 0.00194543 0.0843221 0.168743 0.414172 0.0205747 0.0540069 0.000151089 0.0678572 0.000837244 0.0683565 
0.0049861 0.0383072 0.0944236 0.229133 0.0559791 0.181434 0.054386 0.251975 0.0192179 0.0237109 0.0402011 0.00624731 
0.148646 0.00831637 0.0493445 0.0158811 0.0531148 0.311212 0.0903475 0.0145124 0.0106177 0.00216844 0.0116856 0.284154 
0.236086 0.159777 0.0779361 0.0600523 0.0165941 0.00144261 0.166455 0.0149748 0.00111584 0.106736 0.121076 0.0377539 
0.0070526 0.0638786 0.0524241 0.0237021 0.0435848 0.00928669 0.0134199 0.00671298 0.223928 0.504149 0.0169119 0.0349493 
0.147652 0.0791591 0.00361495 0.0148238 0.0120208 0.121771 0.00783293 0.0290905 0.000604128 0.0763828 0.380945 0.126103 
0.256993 0.030014 0.0117855 0.0107146 0.00402526 0.376353 0.0273637 0.144655 0.0034892 0.07657 0.00981415 0.0482234 
0.217551 0.123557 0.103018 0.0109626 0.0922218 0.0874376 0.00725917 0.0300149 0.192359 0.102095 0.0246022 0.00892036 
0.0219816 0.00602251 0.12237 0.0346497 0.14182 0.138481 0.189893 0.0737785 0.0459511 0.0273263 0.196718 0.00100841 
0.076416 0.0579158 0.203459 0.0845464 0.00547604 0.294376 0.0085628 0.156729 0.0258184 0.0459147 0.0258708 0.0149156 
0.357515 0.00510669 0.0632983 0.00832569 0.0733906 0.125723 0.0765825 0.0487138 0.0373014 0.185907 0.00897172 0.00916396 
0.0237459 0.0786162 0.0833278 0.166058 0.00335782 0.00815336 0.149896 0.0858825 0.253741 0.131027 0.0086138 0.0075806 
0.0789465 0.0324888 0.0149587 0.241108 0.193575 0.0440834 0.0338847 0.0130438 0.00201797 0.191708 0.0220638 0.132121 
0.0834843 0.00450687 0.0674716 0.00757021 0.0386404 0.106077 0.00610149 0.071029 0.161858 0.304373 0.0937844 0.0551034 
0.157853 0.0160557 0.194001 0.0185572 0.0122732 0.0125744 0.202117 0.000145045 0.0110422 0.056926 0.017101 0.301354 
0.169698 0.092171 0.00553511 0.134446 0.132109 0.0027831 0.0244767 0.355464 6.39255e-005 0.0206581 0.0607611 0.00183404 
0.0605753 0.0103325 0.0846839 0.206187 0.180427 0.0405401 0.0833653 0.0140225 0.0489315 0.0342581 0.233434 0.00324247 
0.00010005 0.0409725 0.0808305 0.220195 0.0187356 0.0400707 0.00542947 0.138714 0.0405562 0.149344 0.128258 0.136793 
0.0322955 0.0999129 0.332635 8.70125e-005 0.134538 0.0273771 0.0457339 0.0463432 0.218756 0.0110547 0.00676204 0.0445044 
0.0198034 0.0275051 0.242267 0.00375403 0.214487 0.00241656 0.03948 0.129089 0.0912538 0.0780589 0.00669811 0.145186 
0.104851 0.148093 0.0783149 0.00155913 0.131642 0.0536358 0.0297076 0.054296 0.000571144 0.246501 0.120829 0.0299998 
0.0912384 0.240405 0.0402349 0.0487323 0.0517467 0.00325976 0.107306 0.177705 0.109992 0.00115013 0.0349939 0.093236 
0.0805747 0.00484849 0.00976608 0.00377572 0.0563148 0.253877 0.302879 0.00986111 0.00932928 0.0406959 0.0465508 0.181527 
0.0774688 0.00476817 0.158422 0.101449 0.00534465 0.00189522 0.322764 0.00376116 0.0130631 0.0626603 0.178329 0.0700746 
0.0172606 0.0109392 0.123941 0.471732 0.0827852 0.174151 0.0114148 0.0295383 0.00207022 0.0129393 0.00381266 0.0594156 
0.000282216 0.0178775 0.105065 0.0153909 0.0893259 0.361841 0.00922539 0.140936 0.219834 0.0174585 0.0118122 0.0109517 
0.0171524 0.0177146 0.123668 0.013445 0.0604352 0.0567961 0.0176118 0.0461979 0.141858 0.104289 0.393417 0.0074154 
0.201884 0.0429273 0.0911324 0.121662 0.00330648 0.00180298 0.024963 0.107121 0.00769547 0.0050204 0.0179366 0.374549 
0.0273972 0.00760526 0.180047 0.0102163 0.0156979 0.0245902 0.239708 0.192925 0.179782 0.0393287 0.0175247 0.065178 
0.00138224 0.129375 0.00223458 0.0130069 0.103688 0.00755313 0.161342 0.00109324 0.0732546 0.101953 0.390654 0.0144627 
0.00502434 0.0366471 0.0393463 0.11999 0.0365542 0.0595097 0.0420324 0.214842 0.183344 0.0872835 0.0112799 0.164147 
0.0201148 0.061622 0.0794872 0.0250911 0.318995 0.000769758 0.00303011 0.099891 0.0459753 0.0248573 0.144235 0.175932 
0.046585 0.128996 0.00324762 0.0156296 0.246741 0.0334227 0.111962 0.324916 0.0071563 0.0373803 0.0265317 0.0174313 
0.00167764 0.120686 0.0455934 0.0213677 0.0294646 0.23683 0.282223 0.100357 0.0385968 0.00796376 0.112232 0.00300775 
0.146314 0.0917683 0.00551588 0.00710291 0.0849528 0.123693 0.160841 0.0859178 0.23209 0.00568477 0.0400188 0.0161007 
0.0360537 0.391033 0.032287 0.21505 0.0296521 0.0223474 0.0468091 0.0463247 0.0219623 0.0366566 0.114673 0.00715109 
0.00984314 0.0301124 0.00546714 0.328363 0.0208569 0.073739 0.113793 0.148866 0.125958 0.0343486 0.00311834 0.105535 
0.209521 0.196382 0.00921922 0.172645 0.018378 0.0370821 0.0301289 0.0554271 0.057615 0.0299414 0.0392114 0.144449 
0.294058 0.0302975 0.00319008 0.0441692 0.0649459 0.00338349 0.0259892 0.184772 0.260296 0.0584258 0.0129541 0.0175189 
0.0923814 0.00509129 0.00987807 0.127737 0.224115 0.0356631 0.00229384 0.186873 0.029109 0.00382639 0.239247 0.043785 
0.148919 0.207332 0.0261909 0.00687781 0.131368 0.071762 0.0209478 0.0512903 0.123601 0.00691962 0.00284661 0.201946 
0.00283063 0.149306 0.173903 0.0401612 0.263816 0.0979768 0.048201 0.0258298 0.0164787 0.0296999 0.122029 0.0297673 
0.0720134 0.0587921 0.232523 0.217504 0.0193041 0.0374515 0.100936 0.0253624 0.0268575 0.0316348 0.000266432 0.177355 
0.127201 0.0340504 0.120668 0.0107926 0.185142 0.0234432 0.00813033 0.0177826 0.143161 0.128015 0.175746 0.025867 
0.00811206 0.0169469 0.135493 0.104214 0.0389013 0.148204 0.033423 0.0328853 0.0127154 0.00492803 0.096131 0.368046 
0.0174121 0.140118 0.116835 0.0123074 0.0189407 0.00650406 0.00755187 0.0576608 0.395907 0.00896429 0.154268 0.0635322 
0.105347 0.00174186 0.10188 0.0184092 0.340568 0.0176768 0.0194532 0.0405262 0.0685545 0.20596 0.0188444 0.0610385 
0.00504346 0.0307587 0.00419696 0.153835 0.186969 0.198547 0.10474 0.0402562 0.0994702 0.0380959 0.0886667 0.0494219 
0.122443 0.180141 0.10169 0.0177653 0.309216 0.027358 0.0162164 0.129861 0.0547446 0.0175573 0.00192119 0.021087 
0.17525 0.0603528 0.053555 0.138877 2.45159e-005 0.028744 0.208887 0.1183 0.0090346 0.185366 0.00419428 0.0174146 
0.0146132 0.106641 0.0263538 0.132826 0.0319443 0.00176472 0.00995543 0.143385 0.0204615 0.110263 0.399341 0.00245093 
0.149835 0.0254965 0.291609 0.140502 0.160665 0.0328335 0.00866458 0.100317 0.0195147 0.00514449 0.0261211 0.0392961 
0.00670194 0.05174 0.0394801 0.178114 0.0501036 0.00236798 0.170708 0.0397243 0.0597354 0.00352709 0.0793605 0.318437 
0.0108924 0.178245 0.0492292 0.18074 0.250881 0.000104587 0.023748 0.109889 0.00243103 0.0503852 0.0426203 0.100834 
0.00826998 0.224194 0.169213 0.0108083 0.0316922 0.137133 0.0690516 0.0568268 0.0767969 0.0502455 0.163598 0.00217158 
0.0357915 0.438985 0.00467405 0.0430723 0.0248862 0.0129887 0.094744 0.0322396 0.207794 0.0122282 0.0162136 0.0763824 
0.0484787 0.2976 0.0875436 0.177788 0.0204527 0.0696528 0.0416708 0.00329219 0.225852 0.0129732 0.0114966 0.0031993 
0.0431326 0.0605529 0.115929 0.0332453 0.00739947 0.0884665 0.125074 0.108174 0.00750514 0.16908 0.207325 0.0341156 
0.00565734 0.0295591 0.178233 0.213395 0.0869512 0.120493 0.010119 0.114904 0.176576 0.000654079 0.00534955 0.0581089 
0.0385532 0.0925828 0.0123729 0.377929 0.0893646 0.110063 0.0045388 0.00206198 0.000810926 0.0184952 0.00387438 0.249353 
0.0634726 0.0161105 0.00147182 0.0512431 0.0579332 0.405426 0.165775 0.0176514 0.052521 0.107191 0.0392012 0.0220029 
0.0252605 0.0450661 0.261895 0.271113 0.01281 0.134636 0.00637381 0.0035688 0.0246488 0.0211649 0.149295 0.0441675 
0.0304202 0.19706 0.00135711 0.0125809 0.289639 0.0210938 0.0513269 0.000387175 0.0173465 0.0479822 0.227429 0.103377 
0.077306 0.127333 0.00847381 0.00350668 0.0461264 0.184251 0.066958 0.154272 0.001299 0.0144089 0.308828 0.00723791 
0.00020931 0.107307 0.0113606 0.0418559 0.000540572 0.170349 0.0387396 0.294048 0.217747 0.115208 0.00195442 0.000680636 
0.100815 0.148395 0.0102621 0.131354 0.0147334 0.209885 0.0539682 0.112644 0.0575355 0.0349919 0.000363707 0.125052 
0.362236 0.0181272 0.0334888 0.0128158 0.161842 0.0235364 0.16585 0.0356463 0.00949344 0.0551925 0.0790414 0.0427294 
0.0633325 0.0225067 0.165007 0.0562612 0.160026 0.171234 0.0170824 0.00700713 0.0582157 0.0537284 0.0280871 0.197512 
0.412093 0.0656372 0.156534 0.0547167 0.162358 0.0328001 0.0118485 0.00558522 0.0308039 0.0414944 0.00493585 0.0211936 
0.118891 0.0711045 0.20195 0.003292 0.0211641 0.214787 0.00645494 0.0199504 0.000239852 0.16153 0.149513 0.0311237 
0.00793469 0.00187096 0.147451 0.155184 0.0673967 0.0387936 0.0960246 0.198446 0.0276668 0.0477553 0.187897 0.0235797 
0.185901 0.00203353 0.251306 0.00133588 0.101591 0.0260029 0.140522 0.13643 0.00276992 0.0096046 0.0274033 0.1151 
0.208572 0.0358429 0.0369917 0.0153558 0.454121 0.0340777 0.0355533 0.043603 0.10651 0.0101048 0.0150343 0.00423303 
0.216501 0.131808 0.00887523 0.323579 0.00972416 0.0690124 0.0168342 0.0139503 0.0898539 0.0939031 0.0135316 0.0124259 
0.0590927 0.11912 0.0214585 0.0681071 0.0284032 0.0399425 0.126996 0.0715567 0.0906327 0.298176 0.0103982 0.0661157 
0.0101245 0.0785398 0.0641762 0.000541273 0.0877013 0.00494972 0.242043 0.0112845 0.13634 0.143575 0.174659 0.0460652 
0.259151 0.129133 0.176096 0.00427707 0.0834732 0.00300359 0.0418954 0.172969 0.0786318 0.01309 0.02925 0.00903034 
0.0267274 0.0293678 0.385328 0.0215747 0.0176415 0.0587688 0.142582 0.0485738 0.0419704 0.157912 0.0078109 0.061743 
0.0638587 0.0233365 0.0245644 0.0447177 0.0324459 0.190672 0.0051857 0.0965181 0.236463 0.01734 0.198912 0.0659862 
0.000995853 0.288527 0.00724324 0.0424749 0.0507267 0.221354 0.0176083 0.0599947 0.177767 0.00683392 0.0707372 0.0557373 
0.0611203 0.200183 0.0163748 0.109708 0.0117031 0.065471 0.0506715 0.00674442 0.0110738 0.203754 0.226322 0.0368738 
0.309183 0.00516496 0.213678 0.0652544 0.0126694 0.0656094 0.0105114 0.0103592 0.0117295 0.00421619 0.229421 0.0622036 
0.112669 0.0648269 0.0221116 0.00152082 0.149811 0.170282 0.0221058 0.0393616 0.0261888 0.0497687 0.166205 0.175149 
0.0643878 0.0969995 0.270818 0.0038742 0.061259 0.159126 0.119446 0.114071 0.0062901 0.0410692 0.0527903 0.00986882 
0.149743 0.00255966 0.089415 0.052527 0.113667 0.0545236 0.0095008 0.130555 0.114756 0.103233 0.035527 0.143993 
0.0602363 0.0219746 0.0319575 0.0302817 0.17491 0.0253824 0.157361 0.0140112 0.00615889 0.0189349 0.0308767 0.427915 
0.0289213 0.121055 0.0301007 0.234329 0.0628165 0.0204056 0.00351522 0.0535924 0.167066 0.00594748 0.201983 0.0702681 
0.396043 0.0426124 0.0221117 0.187327 0.00697149 0.00449589 0.0562581 0.0252609 0.0104538 0.0773125 0.0259638 0.145189 
0.00165915 0.0577817 0.178478 0.00272984 0.0689279 0.0256082 0.158465 0.00962584 0.256791 0.0372642 0.00569499 0.196974 
0.00722839 0.136626 0.0349383 0.0785269 0.00839587 0.00185968 0.0594923 0.0171481 0.231669 0.108983 0.139446 0.175686 
0.0209876 0.0908285 0.0568304 0.0113911 0.126103 0.0156727 0.0226342 0.016422 0.0341539 0.0291037 0.336367 0.239505 
0.148283 0.0886216 0.262499 0.0905393 0.0268306 0.0208982 0.130904 0.0172104 0.102325 0.0725682 0.0357464 0.00357424 
0.116537 0.0123483 0.208799 0.221509 0.0337798 0.01884 0.0131871 0.0502692 0.0188096 0.152197 0.11045 0.043273 
0.0449008 0.00417869 0.000455199 0.190702 0.161507 0.00386068 0.046359 0.0109998 0.172757 0.156832 0.133991 0.0734573 
0.0291899 0.201618 0.00011117 0.0332342 0.0192178 0.0613517 0.190094 0.0286478 0.0842196 0.0327555 0.183587 0.135973 
0.199493 0.0256656 0.0190065 0.279457 0.0126011 0.183133 0.00430015 0.108992 0.0374858 0.00265697 0.0490392 0.0781701 
0.0966503 0.0274486 0.0856471 0.0025677 0.205219 0.031276 0.00194282 0.00994749 0.319285 0.175521 0.00795134 0.0365441 
0.176509 0.0621085 0.0350777 0.286431 0.00884188 0.0352994 0.242517 0.00523828 0.041677 0.0797262 0.00768826 0.0188871 
0.279651 0.0809271 0.026233 0.112405 0.00680267 0.00787326 0.0201415 0.0457681 0.15412 0.0545333 0.15576 0.0557841 
0.101184 0.0708997 0.0972709 0.0224456 0.0271895 0.0283388 0.00344308 0.00664222 0.0265497 0.135884 0.122679 0.357474 
0.131412 0.293815 0.0780052 0.00404404 0.0603459 0.0442624 0.157481 0.0376423 0.0106008 0.143315 0.0219568 0.0171192 
0.0456811 0.0144713 0.0013549 0.0434318 0.0029312 0.10947 0.316321 0.0904979 0.147213 0.160536 0.0203388 0.0477523 
0.00228967 0.0096371 0.0260722 0.00307655 0.0280266 0.133344 0.176854 0.0435554 0.208734 0.00915828 0.105153 0.254098 
0.142594 0.0781978 0.118783 0.0313257 0.0271757 0.0263204 0.0491014 0.293891 0.0545839 0.000418858 0.020052 0.157557 
0.0309168 0.173714 0.00971408 0.0597856 0.268721 0.239333 0.000397875 0.00473449 0.0131053 0.0234398 0.140259 0.0358793 
0.0827482 0.0543198 0.286455 0.00352623 0.00429427 0.00594399 0.0606323 0.0132833 0.198583 0.213705 0.00377187 0.0727367 
0.00856677 0.07709 0.000213546 0.0260795 0.126678 0.140414 0.0136658 0.0834782 0.123514 0.0906169 0.0196649 0.290019 
0.0340277 0.00968955 0.140187 0.0749902 0.0118501 0.106104 0.188498 0.049788 0.099253 0.0726635 0.0747664 0.138183 
0.01071 0.119531 0.127572 0.112961 0.0415495 0.0231302 0.15632 0.249423 0.0869843 0.0535794 0.0145061 0.00373369 
0.0260385 0.128309 0.0617319 0.10543 0.0601907 0.016134 0.264675 0.118123 0.0400826 0.0156438 0.0183113 0.145329 
0.0112379 0.0560169 0.0471617 0.264272 0.115471 0.202942 0.0288455 0.00943037 0.0198419 0.214702 0.0022409 0.0278383 
0.0747009 0.0220494 0.222263 0.088238 0.206705 0.0571065 0.0233771 0.026718 0.0113188 0.248047 0.00436066 0.0151153 
0.00114287 0.0658334 0.0101666 0.0711532 0.231887 0.11448 0.153891 0.0133694 0.0581761 0.235911 0.0368327 0.00715714 
0.00880484 0.0778964 0.0399081 0.136169 0.0175622 0.181175 0.0589086 0.0322277 0.0154223 0.150577 0.079031 0.202318 
0.415899 0.052749 0.00881 0.0924322 0.0121902 0.12005 0.00613981 0.182995 0.017904 0.0102879 0.0443229 0.0362203 
0.0622545 0.0621527 0.00625637 0.0420931 0.0136446 0.00263837 0.143495 0.146228 0.0118201 0.0119849 0.200813 0.296619 
0.00356279 0.0121548 0.03835 0.0092115 0.108144 0.279699 0.0659444 0.26602 0.0506044 0.00697316 0.000780744 0.158555 
0.014824 0.132062 0.0684083 0.0288711 0.156329 0.035423 0.00970319 0.202723 0.22913 0.0547817 0.00168686 0.0660586 
0.0230318 0.0147923 0.0691455 0.11454 0.137307 0.0484519 0.0750269 0.187901 0.0314814 0.0247264 0.0184677 0.255128 
0.101714 0.0241447 0.234552 0.00131255 0.140241 0.00471712 0.030947 0.00250554 0.00619941 0.218941 0.228646 0.0060794 
0.00420551 0.046345 0.134639 0.0342707 0.161349 0.0618738 0.00987384 0.0200889 0.102227 0.00995832 0.00518961 0.409979 
0.050594 0.0318753 0.0079902 0.0110924 0.0345261 0.254594 0.0195287 0.171461 0.114507 0.24406 0.0274167 0.0323537 
0.0263467 0.291969 0.00490293 0.00252845 0.0272594 0.11766 0.00908274 0.138176 0.0595521 0.0358401 0.21699 0.0696925 
0.284138 0.00452936 0.310719 0.0684988 0.0358701 0.018791 0.0325067 0.0122764 0.0100359 0.135522 0.0655521 0.0215603 
0.106405 0.115956 0.00499079 0.02228 0.00113065 0.205618 0.0926916 0.261564 0.0395987 0.0010596 0.12121 0.0274957 
0.346393 0.0232177 0.0658471 0.0141769 0.0845987 0.114786 0.000612842 0.0748654 0.123033 0.0269341 0.0336057 0.0919292 
0.174011 0.0182778 0.0274122 0.0421218 0.310534 0.0251522 0.00869959 0.0683801 0.0179229 0.0228498 0.026386 0.258252 
0.216085 0.0166402 0.0153904 0.00420745 0.0254271 0.0249683 0.0348094 0.152017 0.0125752 0.230272 0.0968471 0.17076 
0.14605 0.126405 0.0975022 0.0387391 0.0315908 0.176813 0.245732 0.00618402 0.030841 0.00674128 0.0112364 0.0821665 
0.085063 0.00557604 0.170514 0.127925 0.241973 0.098569 0.120068 0.0789866 0.000514876 0.00660685 0.0632218 0.000982323 
0.0521654 0.0407071 0.166249 0.0974782 0.00733259 0.104025 0.0123386 0.00706795 0.196333 0.0929341 0.103174 0.120195 
0.00978294 0.215524 0.179481 0.101331 0.0389017 0.00129064 0.0241968 0.044371 0.0453831 0.302677 0.00814231 0.0289187 
0.0106898 0.234435 0.171515 0.0207459 0.0574182 0.210126 0.0329776 0.0393252 0.00446245 0.182767 0.0169691 0.0185683 
0.278691 0.0130347 0.00198159 0.0457689 0.0135546 0.0181437 0.0406914 0.0251019 0.0834245 0.00712717 0.323224 0.149257 
0.0351653 0.0141227 0.0596542 0.0596442 0.0102152 0.0743844 0.0368428 0.0984239 0.324418 0.0522968 0.00147944 0.233353 
0.150298 0.252731 0.115684 0.00240601 0.150496 0.00588966 0.0323667 0.0220345 0.0930173 0.0735778 0.0994594 0.00204014 
0.173155 0.395293 0.0293684 0.0109227 0.000173503 0.235926 0.0103337 0.0130946 0.075958 0.00196154 0.0268693 0.0269447 
0.00734576 0.000148999 0.108632 0.0284239 0.0745729 0.103971 0.0680603 0.0307276 0.492047 0.0115064 0.00358653 0.0709774 
0.00542669 0.0491679 0.0431888 0.120783 0.00235431 0.139573 0.00215036 0.0695049 0.00172773 0.0401768 0.290375 0.235571 
0.0255191 0.00203622 0.130665 0.0543806 0.0144122 0.334544 0.0175865 0.0256382 0.080928 0.106169 0.130429 0.0776915 
0.00819099 0.0964485 0.0350222 0.0343691 0.0669654 0.0900546 0.0523219 0.23924 0.024056 0.00410482 0.16005 0.189176 
0.119343 0.0013925 0.0270445 0.0357003 0.0499377 0.286276 0.218519 0.155375 0.00312351 0.0176834 0.0129177 0.0726866 
0.00341217 0.0183621 0.0599296 0.159256 0.1662 0.117741 0.0311418 0.176918 0.0487668 0.118701 0.00642238 0.0931495 
0.136388 0.0363748 0.0233422 0.145557 0.0122392 0.0878895 0.141693 0.00771969 0.307755 0.0001871 0.00432665 0.0965278 
0.021055 0.0365518 0.102094 0.0420632 0.258164 9.00158e-006 0.218789 0.0416678 0.134525 0.0284465 0.0251582 0.091477 
0.010326 0.110263 0.171629 0.361274 0.0101038 0.0632662 0.0578671 0.0731263 0.0201157 0.0376877 0.0399189 0.0444227 
0.0319678 0.17727 0.200905 0.0853266 0.216632 0.00405044 0.227806 0.000587813 0.0124274 0.0164578 0.0254022 0.00116636 
0.123728 0.0063268 0.137001 0.171764 0.00303922 0.0596257 0.000790155 0.0534358 0.0423011 0.0303502 0.123941 0.247697 
0.000300451 0.0136783 0.23212 0.12793 0.0875978 0.00942034 0.00998637 0.231228 0.0301427 0.0879144 0.0550274 0.114653 
0.164713 0.00268641 0.0745865 0.133568 0.087915 0.18757 0.0442669 0.0358281 0.194806 0.0569621 0.0104179 0.00668025 
0.289478 0.0881042 0.040723 0.165181 0.056978 0.0689565 0.0341404 0.0205723 0.00541464 0.145622 0.0709098 0.0139207 
0.174877 0.0444886 0.0523352 0.111195 0.0195646 0.00874937 0.0379162 0.33074 0.158359 0.0315435 0.020948 0.00928434 
0.0246752 0.0354322 0.0208598 0.259555 0.016081 0.0158622 0.0456809 0.00640351 0.196004 0.25263 0.0114516 0.115365 
0.039528 0.223959 0.23355 0.027225 0.0135965 0.0585365 0.00275773 0.0415786 0.18162 0.133593 0.0213801 0.0226753 
0.0374284 0.0571706 0.0439962 0.0756979 0.0118973 0.0552628 0.111687 0.131808 0.175032 0.0128302 0.287046 0.000143595 
0.00556117 0.0607331 0.00477544 0.0892981 0.00556713 0.00746304 0.0632837 0.144732 0.0909749 0.187353 0.0678135 0.272445 
0.110414 0.0408571 0.273235 0.0200409 0.00310663 0.00594829 0.0837753 0.03069 0.147851 0.0274787 0.0498579 0.206745 
0.0998725 0.00657593 0.00701737 0.100144 0.0282178 0.100639 0.000329096 0.0407915 0.186481 0.0615678 0.105536 0.262828 
0.140337 0.162355 0.0737033 0.110127 0.0286038 0.00241381 0.00890054 0.0214584 0.0975044 0.00340273 0.202253 0.148941 
0.00643006 0.0398767 0.129362 0.000941431 0.276123 0.0234978 0.116774 0.2291 0.00944018 0.0148465 0.0331946 0.120413 
0.106349 0.102138 0.103879 0.0159826 0.0504226 0.00368851 0.105139 0.0231301 0.253499 0.221431 0.00843996 0.00590152 
0.0153957 0.222188 0.0167184 0.0215944 0.139603 0.139973 0.125665 0.000359327 0.122038 0.139966 0.0397693 0.0167292 
0.186758 0.0162622 0.106194 0.0192856 0.0430197 0.0685867 0.0470912 0.00893568 0.0259529 0.177664 0.203239 0.0970108 
0.0258729 0.0286009 0.0158935 0.229502 0.168318 0.00600823 0.233715 0.147107 0.0147073 0.057612 0.0370795 0.0355826 
0.00458552 0.0415165 0.094195 0.114564 0.338963 0.181168 0.0468153 0.0338705 0.0565033 0.0491882 0.0114847 0.0271453 
0.227938 0.000100427 0.00553407 0.0816911 0.104669 0.106177 0.138904 0.0224699 0.0445087 0.0382858 0.0251545 0.204567 
0.0118915 0.337569 0.000413056 0.0158806 0.00994202 0.0495118 0.053713 0.307735 0.00940447 0.112394 0.0675517 0.0239942 
0.0815485 0.133578 0.138312 0.0932885 0.0587892 0.0189599 0.0283615 0.028952 0.298083 0.0156305 0.0103348 0.0941628 
0.0779997 0.0915782 0.0221411 0.0122382 0.25127 0.000939233 0.00441076 0.152652 0.141027 0.12448 0.0981634 0.0231008 
0.180005 0.0041695 0.195061 0.0159232 0.0245417 0.0776214 0.240087 0.00767605 0.033702 0.146229 0.064584 0.0104003 
0.360624 0.0177599 0.111594 0.0126404 0.00828241 0.0544576 0.274927 0.00107694 0.00579874 0.131063 0.0100715 0.0117048 
0.00405391 0.0175526 0.18648 0.119093 0.0226922 0.0831609 0.0414561 0.0529481 0.00302801 0.235756 0.0478079 0.185971 
0.0143817 0.369573 0.166991 0.0187356 0.143041 0.0475234 0.00571838 0.0627826 0.0937482 0.0253921 0.0457089 0.00640476 
0.0628093 0.0157719 0.00730166 0.0413206 0.389771 0.00573012 0.151271 0.039218 0.0384781 0.037483 0.0633166 0.147528 
0.0195373 0.0398907 0.0269087 0.0109188 0.037093 0.0948813 0.170496 0.322127 0.109804 0.0411467 0.062034 0.065163 
0.171111 0.110931 0.0291211 0.234054 0.0222492 0.000122638 0.0858052 0.0690341 0.230427 0.0355878 0.00316802 0.00838989 
0.119085 0.0154219 0.270878 0.0153595 0.0329475 0.0507517 0.00245238 0.0153605 0.0788467 0.325021 0.0707075 0.00316932 
0.0259912 0.00247282 0.0283131 0.0286245 0.00953024 0.0859078 0.13456 0.316151 0.0234302 0.293728 0.0490801 0.00221063 
0.135136 0.122232 0.199871 0.152599 0.0219076 0.0161641 0.0103271 0.152375 0.0508885 0.0415598 0.0137946 0.0831454 
0.00301785 0.00624473 0.26746 0.0584668 0.0634877 0.10047 0.161926 0.0231526 0.0175809 0.0366828 0.0158214 0.24569 
0.0258257 0.110416 0.115393 0.0352868 0.14177 0.235964 0.00439964 0.0366768 0.165958 0.0676776 0.00783977 0.0527927 
0.0364482 0.0960518 0.0147587 0.174528 0.0969894 0.0111691 0.335077 0.00903126 0.0834005 0.132983 0.00159403 0.00796822 
0.172187 0.213682 0.0495655 0.109528 0.0557874 0.135403 0.028081 0.00705962 0.0687523 0.138317 0.0177456 0.00389273 
0.105902 0.00871437 0.223118 0.0108601 0.00402895 0.178634 0.0436919 0.0778312 0.103248 0.00954292 0.16642 0.0680076 
0.179609 0.00329963 0.0222827 0.224878 0.204563 0.0058762 0.118673 0.0109399 0.00884951 0.0619959 0.0837633 0.0752709 
0.0895502 0.00973256 0.130209 0.00341381 0.140626 0.126591 0.249223 0.0206902 0.116379 0.073091 0.0121686 0.0283259 
0.10392 0.0856221 0.0925671 0.00628218 0.118475 0.0326069 0.216652 0.00561211 0.0159261 0.169473 0.0436732 0.109191 
0.0265369 0.0485554 0.183113 0.00792102 0.0291606 0.0269922 0.213678 0.0041267 0.0359957 0.328845 0.0929364 0.0021392 
0.127985 0.00872799 0.0728464 0.0860498 0.25949 0.132398 0.126501 0.00251024 0.00675994 0.00952633 0.0130588 0.154147 
0.103702 0.0432685 0.0259945 0.00570815 0.00345774 0.0527126 0.382456 0.195461 0.0123779 0.00121954 0.0870816 0.0865606 
0.109366 0.00242531 0.0300661 0.190462 0.0900998 0.0731206 0.018629 0.204589 0.13736 0.00577778 0.0878759 0.0502286 
0.0564553 0.0474827 0.0752097 0.178458 0.0204332 0.136509 0.229304 0.0127034 0.00586092 0.0128818 0.00901056 0.215692 
0.00573434 0.13504 0.00407669 0.0185727 0.0955389 0.00503744 0.24399 0.0151642 0.181544 0.0783605 0.0392447 0.177697 
0.114551 0.142013 0.0267904 0.079066 0.135304 0.0481174 0.020378 0.187859 0.00249258 0.0884156 0.0665466 0.0884653 
0.113635 0.173077 0.0852819 0.0176479 0.0438914 0.00400715 0.0387404 0.0658331 0.0556516 0.0308041 0.370428 0.00100286 
0.0123434 0.214608 0.0926176 0.0371582 0.0109153 0.117207 0.0698702 0.073782 0.0931777 0.00586479 0.023622 0.248834 
0.240226 0.150985 0.00795956 0.0422683 0.0114442 0.0460155 0.144192 0.196404 0.0854874 0.0121325 0.0473086 0.0155767 
0.121309 0.0259138 0.011297 0.0286315 0.0922057 0.0712009 0.225236 0.189382 0.010146 0.0153895 0.202194 0.00709489 
0.0773467 0.00395998 0.0440961 0.16233 0.488718 0.0391993 0.0234363 0.0604896 0.0106877 0.0030258 0.0322133 0.0544982 
0.0367386 0.197886 0.0187121 0.00439201 0.0479012 0.304564 0.115646 0.132193 0.0274329 0.0196365 0.0815263 0.013371 
0.00268111 0.00355714 0.029578 0.0119954 0.132645 0.0142209 0.292314 0.137358 0.152686 0.0343386 0.0932755 0.0953504 
0.0266321 0.136272 0.0522133 0.042688 0.00262538 0.495243 0.0110334 0.100524 0.0714109 0.0424757 0.0109911 0.00789068 
0.0327003 0.0490792 0.0440129 0.0213022 0.160794 0.133077 0.0091617 0.0190437 0.03019 0.00384465 0.43862 0.0581746 
0.171707 0.0643706 0.142886 0.195381 0.0511279 0.058129 0.018002 0.0217967 0.127478 0.0119379 0.111215 0.025969 
0.0285563 0.00695175 0.00522355 0.0123537 0.0302837 0.23689 0.0436312 0.187169 0.00685315 0.172704 0.00406768 0.265315 
0.0758941 0.0250752 0.0325315 0.0384516 0.166705 0.120812 0.0104385 0.0066853 0.258873 0.0183183 0.00962703 0.236589 
0.235818 0.00192448 0.153939 0.0241195 0.00913917 0.130207 0.0408879 0.0605466 0.0026417 0.291748 0.0473182 0.00171112 
0.0372687 0.182456 0.13076 0.136065 0.121779 0.0693674 0.00693825 0.02595 0.0943666 0.00210816 0.0731821 0.119758 
0.0516387 0.0232609 0.00838731 0.13545 0.0752218 0.15176 0.0221808 0.39132 0.0212488 0.0523065 0.023818 0.0434075 
0.0695509 0.0190533 0.0105294 0.0194606 0.128876 0.141029 0.0498075 0.0749934 0.239078 0.124432 0.0627903 0.0604004 
0.142087 0.100598 0.0458949 0.039088 0.170594 0.281773 0.0947811 0.0128115 0.00711177 0.0128648 0.0871016 0.00529428 
0.00850734 0.0648365 0.159864 0.136465 0.028957 0.0111373 0.00537364 0.0136754 0.146543 0.0994923 0.0500403 0.275108 
0.0378286 0.369225 0.0573519 0.0655838 0.0626605 0.00344629 0.138936 0.0283539 0.00198042 0.0112382 0.128921 0.0944738 
0.082318 0.0269676 0.00160491 0.130692 0.00426422 0.00484075 0.181485 0.286679 0.0491479 0.139869 0.0544215 0.037709 
0.0801964 0.0807658 0.0351026 0.0213958 0.0211995 0.0633259 0.440006 0.0603141 0.135792 0.0101 0.0156495 0.0361528 
0.0135446 0.0483316 0.0104956 0.0177089 0.200619 0.0624369 0.440556 0.0014543 0.0440254 0.103176 0.0248191 0.0328327 
0.0479423 0.10357 0.0137239 0.00970382 0.154804 0.00646551 0.0652482 0.1501 0.0648048 0.091594 0.26503 0.0270141 
0.168308 0.279982 0.108516 0.0205875 0.115468 0.00368707 0.0136305 0.204532 0.0100068 0.00285073 0.0665578 0.00587424 
0.118185 0.0558987 0.0113709 0.0567616 0.00882185 0.0315375 0.0774838 0.00298048 0.0919896 0.16431 0.35923 0.0214312 
0.0343624 0.0870691 0.0590711 0.1832 0.0345013 0.0420811 0.0152617 0.0111594 0.382739 0.00623406 0.11397 0.0303506 
0.108616 0.14331 0.0186749 0.00349536 0.0256349 0.0146191 0.00647008 0.177244 0.128414 0.106434 0.0614568 0.205631 
0.0175423 0.0232407 0.139412 0.00745771 0.182684 0.221952 0.102291 0.134318 0.0540336 0.0035966 0.0633519 0.0501209 
0.204349 0.0141347 0.115374 0.0273007 0.00383764 0.0136335 0.136238 0.0220106 0.172428 0.127517 0.0448902 0.118288 
0.030693 0.11687 0.170328 0.206467 0.00148839 0.0190881 0.0371423 0.287448 0.0157904 0.00323973 0.10653 0.00491472 
0.0883502 0.000575974 0.308269 0.0433672 0.217759 0.00442914 0.0177016 0.00571986 0.0879015 0.124259 0.0906561 0.0110105 
0.00197391 0.100417 0.32075 0.0661711 0.0462529 0.0255934 0.178204 0.0283309 0.00642511 0.0266058 0.118748 0.0805272 
0.00767906 0.0970981 0.0882184 0.00635616 0.020295 0.228634 0.117288 0.0310533 0.0443154 0.00686995 0.220649 0.131544 
0.0125907 0.174011 0.0305313 0.0275136 0.341984 0.0573271 0.0279663 0.0136851 0.0255714 0.164426 0.11336 0.0110337 
0.0918081 0.343086 0.0227292 0.0753348 0.0540591 0.129099 0.0226775 0.0239125 0.0334519 0.0812143 0.0100432 0.112584 
0.151323 0.0353715 0.0145233 0.0933289 0.130076 0.0133194 0.0635775 0.00615722 0.0241212 0.403835 0.0558385 0.00852864 
0.0551959 0.192317 0.0196076 0.21591 0.00800629 0.0723193 0.0461159 0.0624468 0.0202408 0.17131 0.00593905 0.130591 
0.146403 0.00021364 0.00876192 0.0910528 0.169366 0.0140944 0.187074 0.130782 0.0363613 0.112106 0.0332838 0.0705011 
0.0428223 0.195283 0.0140758 0.265186 0.0198665 0.0256655 0.16688 0.0163638 0.152156 0.000832273 0.0510297 0.0498395 
0.143445 0.0529183 0.175232 0.331251 0.0969113 0.00426203 0.00813891 0.0060583 0.0048357 0.00994998 0.139861 0.0271372 
0.0391748 0.00466451 0.0301761 0.0095389 0.0312311 0.269442 0.119301 0.0174981 0.149832 0.187917 0.0781395 0.063085 
0.027782 0.00108459 0.103653 0.0795417 0.0950325 0.0265961 0.0287804 0.227024 0.0551834 0.252034 0.0683252 0.0349631 
0.073953 0.0113789 0.0011337 0.0602249 0.00706028 0.00311738 0.0893634 0.0126979 0.00325024 0.423488 0.089176 0.225156 
0.0767791 0.119736 0.0267523 0.0912172 0.0234096 0.0078077 0.0312249 0.0555914 0.00294727 0.20852 0.163019 0.192996 
0.189091 0.0231117 0.0111204 0.0472417 0.00623267 0.00259046 0.0305765 0.0314262 0.375892 0.0845128 0.157672 0.040533 
0.329568 0.0753978 0.0641329 0.0423199 0.012662 0.0173842 0.043996 0.0139427 0.0197452 0.0488547 0.136086 0.195911 
0.124137 0.213153 0.074842 0.0523912 0.0267985 0.201282 0.0129263 0.180169 0.00263189 0.0793616 0.02895 0.00335667 
0.013108 0.0133914 0.102421 0.0161319 0.13472 0.0138138 0.0670621 0.298795 0.0614129 0.0184318 0.189667 0.0710438 
0.351716 0.0229748 0.0518429 0.0784787 0.0529018 0.136027 0.101216 0.00679897 0.0487606 0.00444771 0.128715 0.0161201 
0.113575 0.219757 0.020107 0.117398 0.127295 0.0455717 0.193198 0.0593233 0.0321712 0.0333716 0.0381605 7.2643e-005 
0.0354518 0.0120679 0.152617 0.0239023 0.0273751 0.153525 0.421678 0.0979116 0.00806975 0.0619669 0.00243391 0.00300013 
0.0975085 0.0243963 0.0460968 0.022722 0.185904 0.0212779 0.00248908 0.0171348 0.0657117 0.146311 0.0261166 0.344332 
0.322965 0.0555954 0.0160736 0.0352173 0.207524 0.00371401 0.0394008 0.0543282 0.0159193 0.013594 0.0541329 0.181535 
0.0965499 0.0905267 0.109632 0.122504 0.297924 0.0153877 0.00635597 0.0065694 0.0732509 0.012321 0.0335422 0.135436 
0.0406503 0.0328372 0.0434689 0.035983 0.0950937 0.178124 0.00697321 0.0213416 0.00294352 0.422601 0.0845045 0.0354792 
0.0709826 0.0809397 0.000860989 0.150195 0.183694 0.0055823 0.0116859 0.021625 0.131126 0.0345025 0.00497177 0.303834 
0.237715 0.0190791 0.0522773 0.213587 0.0331615 0.011997 0.0100607 0.136334 0.048237 0.00515133 0.203373 0.0290268 
0.134594 0.00591637 0.0283669 0.29791 0.0838944 0.0265082 0.142314 0.0167832 0.109879 0.01024 0.0225585 0.121035 
0.0963493 0.125812 0.042012 0.236036 0.0324024 0.0906421 0.0118688 0.148311 0.00741962 0.0296578 0.122393 0.0570952 
0.0186554 0.0398981 0.00643924 0.010565 0.211227 0.0525986 0.229986 0.128128 0.0120166 0.0265591 0.0840081 0.179919 
0.0100038 0.0735497 0.110024 0.182435 0.166141 0.000175676 0.067155 0.0365342 0.235709 0.0386424 0.0688081 0.0108217 
0.000355176 0.00562854 0.00547576 0.0240001 0.0698793 0.0809907 0.259384 0.124135 0.00261106 0.202807 0.195675 0.029058 
0.193185 0.31352 0.110305 0.0578067 0.0242493 0.000397539 0.0250896 0.0292048 0.0682768 0.000883115 0.0489984 0.128083 
0.126848 0.0435243 0.0337276 0.0424079 0.00330471 0.0101255 0.165484 0.167278 0.270487 0.032395 0.0084683 0.0959497 
0.0230777 0.33989 0.0195213 0.0517479 0.00101575 0.18414 0.103035 0.00160294 0.0142759 0.069799 0.164282 0.0276137 
0.0497422 0.0960562 0.00891473 0.0307708 0.00198087 0.13262 0.0141625 0.00636543 0.550524 0.0783226 0.00519481 0.0253449 
0.169348 0.038125 0.00241563 0.0866355 0.0102344 0.156052 0.0192893 0.133688 0.0930728 0.13711 0.122129 0.0318994 
0.0467316 0.00645623 0.250292 0.0928659 0.112605 0.0691074 0.136817 0.00315264 0.188268 0.0017833 0.0845954 0.00732614 
0.0480315 0.157979 0.289429 0.0861318 0.00908936 0.146243 0.0536022 0.00484227 0.00187954 0.0431479 0.00908264 0.150542 
0.0152048 0.0293011 0.0972699 0.0928535 0.0934512 0.190371 0.142785 0.0086509 0.2252 0.0200372 0.0487275 0.0361488 
0.00707212 0.0496207 0.425821 0.138647 0.0227914 0.0284348 0.0397775 0.00890297 0.0995674 0.0033404 0.0301884 0.145837 
0.0534163 0.134681 0.0304507 0.0383922 0.0266894 0.3121 0.0157029 0.000243082 0.13061 0.0248426 0.184876 0.0479947 
0.0187652 0.0322258 0.00134678 0.0873591 0.24303 0.118987 0.0204338 0.0307639 0.0792539 0.161814 0.144688 0.0613322 
0.0501064 0.146843 0.0276783 0.126245 0.0108708 0.258026 0.114123 0.00438487 0.0168425 0.188028 0.00199551 0.0548567 
0.141166 0.11944 0.110224 0.0108843 0.0180918 0.0514774 0.115797 0.0537732 0.190131 0.0143525 0.157948 0.0167152 
0.0171957 0.011114 0.23252 0.106266 0.0888814 0.0192403 0.00202016 0.130105 0.172484 0.0873921 0.10021 0.0325712 
0.0275654 0.0605619 0.0446129 0.00954155 0.057378 0.0735712 0.400983 0.00595198 0.0408203 0.0243153 0.213717 0.0409809 
0.125795 0.526178 0.0439742 0.0366293 0.056465 0.00646295 0.00592438 0.0337991 0.0367258 0.0689922 0.0416982 0.017356 
0.00583068 0.243674 0.121613 0.119557 0.0107987 0.27244 0.0633028 0.0727689 0.0169723 0.039754 0.0123467 0.0209418 
0.0129422 0.334705 0.0799086 0.0110758 0.0426572 0.146416 0.0482322 0.201143 0.0520196 0.00160273 0.0296246 0.0396727 
0.254895 0.0926874 0.141537 0.0126465 0.0274541 8.63494e-005 0.0207361 0.101398 0.0430583 0.201228 0.0214075 0.0828667 
0.00744367 0.15008 0.341481 0.0736806 0.0128402 0.0597907 0.0124408 0.117516 0.0572774 0.00698602 0.0872759 0.0731872 
0.05836 0.15314 0.125217 0.0145411 0.00140857 0.0359879 0.00551514 0.0133221 0.0445659 0.352749 0.17097 0.0242236 
0.0118505 0.0224235 0.014719 0.0137395 0.116265 0.0144554 0.237709 0.0342757 0.051419 0.175559 0.0271597 0.280425 
0.038796 0.0711414 0.216407 0.00479107 0.0223009 0.0664849 0.0124115 0.443352 0.0148843 0.0158884 0.020832 0.072711 
0.00307409 0.0251023 0.0744008 0.0634705 0.079206 0.00329371 0.00821835 0.156986 0.220264 0.0815742 0.211231 0.0731787 
0.0738355 0.0364244 0.0345306 0.0966554 0.00213099 0.0907001 0.000413261 0.109897 0.00378402 0.000524297 0.48635 0.0647548 
0.153316 0.121553 0.180949 0.0452522 0.180115 0.0830131 0.0231213 0.0276159 6.78816e-005 0.103116 0.0774833 0.00439697 
0.168769 0.0510886 0.0786449 0.00405326 0.0172613 0.179596 0.0235247 0.134424 0.0640506 0.0169377 0.0959473 0.165703 
0.11492 0.173328 0.0374375 0.0010083 0.00730311 0.213863 0.0899393 0.0272789 0.155439 0.00253971 0.0118375 0.165106 
0.127414 0.15652 0.0252086 0.111176 0.0283148 0.00819205 0.0021351 0.089882 0.00122143 0.357617 0.0569701 0.035349 
0.023538 0.154838 0.00883321 0.0794194 0.17029 0.00562885 0.0223864 0.0118518 0.278991 0.00682366 0.21995 0.0174488 
0.0392019 0.0205582 0.0841848 0.066718 0.0579321 0.056795 0.0166259 0.256729 0.382631 0.00599142 0.00588581 0.0067474 
0.00294292 0.0589078 0.0281885 0.106809 0.0244094 0.00890791 0.0373763 0.00621295 0.16656 0.28831 0.0260792 0.245296 
0.147562 0.0183847 0.0635734 0.199082 0.117334 0.0278409 0.0994447 0.00891137 0.0296444 0.224748 0.0604087 0.00306582 
0.0966001 0.0409689 0.0370026 0.212946 0.0475874 0.183783 0.0113675 0.0155704 0.0704849 0.0116876 0.166601 0.105401 
0.032346 0.0014908 0.201875 0.0710585 0.244657 0.00492551 0.0238161 0.0419832 0.154657 0.0115829 0.197325 0.0142836 
0.0128594 0.115448 0.251524 0.00306818 0.0331652 0.360959 0.0632026 0.0490192 0.0653936 0.00706649 0.0318646 0.0064296 
0.0578637 0.0524561 0.0265053 0.0205726 0.289221 0.0331488 0.131651 0.167226 0.023687 0.0427663 0.134315 0.0205864 
0.135059 0.0769431 0.190301 0.0511703 0.00323453 0.179932 0.0895218 0.00257597 0.167173 0.0169087 0.0174797 0.0697008 
0.0294593 0.0168546 0.0183099 0.160895 0.0268572 0.00227253 0.106028 0.356497 0.00588171 0.0158371 0.210584 0.0505244 
0.00253181 0.106837 0.008994 0.0503543 0.034279 0.01986 0.0409454 0.150246 0.334 0.0794615 0.0825713 0.0899194 
0.0103059 0.120023 0.0265759 0.327054 0.0243348 0.183796 0.0148143 0.0104772 0.111879 0.0727919 0.0608954 0.0370544 
0.08524 0.00137222 0.0383561 0.109912 0.0624685 0.00309031 0.196186 0.088259 0.190463 0.017716 0.161225 0.0457125 
0.0183923 0.137197 0.113819 0.0488439 0.0468828 0.156896 0.103165 0.0182828 0.00458658 0.311044 0.0373541 0.00353709 
0.0835278 0.0542419 0.271417 0.00749551 0.138605 0.0111993 0.00807231 0.0432757 0.0507288 0.00191127 0.108051 0.221474 
0.00817125 0.00552194 0.180318 0.0650439 0.0352521 0.00190644 0.0879755 0.059983 0.248463 0.00174155 0.187561 0.118062 
0.00534993 0.167018 0.149028 0.12294 0.0929865 0.0167891 0.178535 0.0202201 0.0646655 0.127637 0.0510867 0.003745 
0.241947 0.0784288 0.00778548 0.150984 0.00343801 0.00374956 0.0775244 0.0205168 0.0278256 0.0482368 0.315488 0.024075 
0.0130458 0.0121053 0.00377315 0.0160332 0.036184 0.183792 0.168389 0.169098 0.00465291 0.041197 0.144526 0.207204 
0.031817 0.088622 0.111077 0.0716389 0.143411 0.0184308 0.0102393 0.0103654 0.159611 0.301098 0.0420654 0.0116237 
0.114674 0.144861 0.0212462 0.0422794 0.00410661 0.156221 0.156533 0.0651121 0.0309245 0.132153 0.119425 0.0124635 
0.0546202 0.0205504 0.0812925 0.0763174 0.120346 0.126725 0.000364615 0.110107 0.0174026 0.0453609 0.28943 0.0574835 
0.000904076 0.0065968 0.0130009 0.0329848 0.0673891 0.0164423 0.0956958 0.084783 0.045516 0.139541 0.295454 0.201692 
0.00592711 0.00538819 0.15501 0.0320356 0.0787493 0.00965395 0.159564 0.149806 0.0595072 0.193743 0.0220049 0.12861 
0.128775 0.024876 0.0127083 0.0052081 0.19904 0.152303 0.108271 0.0522901 0.0563908 0.0836462 0.15706 0.0194317 
0.0256841 0.00448598 0.125634 0.124994 0.0211185 0.0312547 0.185621 0.231681 0.0343233 0.0427048 0.0262716 0.146227 
0.00088573 0.200927 0.13843 0.0566997 0.00941524 0.0724636 0.000198199 0.190306 0.100446 0.118787 0.111162 0.000278602 
0.0163559 0.167568 0.0320458 0.0421788 0.000435279 0.164967 0.229396 0.0199544 0.118569 0.0789559 0.0122707 0.117304 
0.00888432 0.00998518 0.435357 0.0620632 0.138707 0.072411 0.0026743 0.0270844 0.127298 0.0635186 6.76214e-005 0.0519488 
