0.0321264 0.0743886 0.0479423 0.0709365 0.0365857 0.0323252 0.0912651 0.0392134 0.0134397 0.0774925 0.0235692 0.0606898 0.0372168 0.321055 0.0417532 
0.0412356 0.0119756 0.00137189 0.00177125 0.0391292 0.0299911 0.018018 0.63264 0.07967 0.0137989 0.0154226 0.0153325 0.0313011 0.0405213 0.027821 
0.0085351 0.0122659 0.0490475 0.0457646 0.538667 0.0141111 0.0570119 0.042655 0.0991293 0.040668 0.00961282 0.00248832 0.0436918 0.0260731 0.0102784 
0.00469414 0.0133122 0.0424748 0.133184 0.0119855 0.021657 0.0184447 0.057461 0.0511459 0.000852341 0.0236641 0.101527 0.0080072 0.00439115 0.507199 
0.0047068 0.0023752 0.00716609 0.0167608 0.0511215 0.205955 0.0195019 0.0670096 0.468433 0.0199437 0.0437104 0.038078 0.00184682 0.0451644 0.00822667 
0.0322357 0.0295832 0.0156616 0.0989872 0.0622646 0.00704306 0.0260056 0.0995806 0.0283366 0.0561946 0.492121 0.00268186 0.0125762 0.00658354 0.0301447 
0.488754 0.0341202 0.0822531 0.00445831 0.0322497 0.0260667 0.0348811 0.1299 0.0352579 0.0163721 0.00322453 0.0368638 0.0356132 0.0321245 0.00786036 
0.015062 0.0641311 0.0583402 0.0502168 0.00347066 0.00278644 0.0608929 0.0223189 0.110489 0.0341192 0.011889 0.502684 0.0033504 0.0117537 0.0484959 
0.00681136 0.00197801 0.430082 0.0436971 0.16196 0.0623544 0.00235193 0.000225522 0.00595881 0.00111381 0.122718 0.0214723 0.112038 0.00120534 0.0260341 
0.0205181 0.0401632 0.087593 0.0165603 0.00842471 0.0452207 0.0540856 0.128141 0.00575477 0.00092285 0.0215561 0.137514 0.418218 0.00211401 0.0132141 
0.0603104 0.0455832 0.027303 0.00224174 0.0382001 0.370298 0.0400794 0.24009 0.0186679 0.0109962 0.0137958 0.0193405 0.00785473 0.00818229 0.0970562 
0.0379745 0.0259587 0.0172536 0.0110155 0.0152931 0.00112125 0.232376 0.0273509 0.0532429 0.447971 0.00853948 0.0391133 0.0254665 0.00839322 0.048931 
0.128733 0.44824 0.0544994 0.030637 0.0444835 0.0231928 0.025057 0.0257588 0.0852513 0.000702651 0.0405911 0.0422443 0.010864 0.0175574 0.0221876 
0.0390057 0.00220465 0.0456914 0.449107 0.0174717 0.0630817 0.029163 0.043569 0.0754524 0.0402736 0.0170436 0.00762218 0.035678 0.0202291 0.114407 
0.00267088 0.113609 0.0302291 0.00437123 0.0707576 0.0406285 0.458882 0.106174 0.00528847 0.043223 0.0246528 0.0644036 0.0226097 0.00150725 0.0109924 
0.000375917 0.0366203 0.157334 0.00864642 0.121279 0.0172454 0.0492046 0.286357 0.00311986 0.0857287 0.154919 0.006755 0.00889515 0.0554368 0.00808288 
0.140239 0.0172322 0.00625832 0.155078 0.00314702 0.0090508 0.00336891 0.00129921 0.257921 0.0916665 0.0160976 0.00294062 0.211068 0.0503636 0.0342692 
0.146466 0.00187943 0.0101429 0.0213674 0.199509 0.158103 0.0576733 0.00110306 0.0499308 0.027324 0.0457861 0.214012 0.0172086 0.0379666 0.0115281 
0.00265855 0.0437132 0.0360297 0.00431982 0.0412252 0.122708 0.0107068 0.0299999 0.0523622 0.0244516 0.173972 0.0375205 0.169391 0.0269134 0.224027 
0.00408907 0.122115 0.26631 0.00625352 0.0277038 0.131947 0.0416982 0.0106548 0.0361608 0.257983 0.00418452 0.0406188 4.40156e-005 0.0172859 0.0329516 
0.001085 0.200978 0.00197154 0.192486 0.185482 0.00986484 0.0179538 0.0267937 0.0354413 0.133604 0.0167963 0.0081671 0.0765156 0.0120179 0.0808442 
0.0220931 0.0191857 0.31278 0.0294433 5.13767e-006 0.0339897 0.0651936 0.0181845 0.00965411 0.0768437 0.0157992 0.00749293 0.0344025 0.0384806 0.316452 
0.0421051 0.0550537 0.0180694 0.0351078 0.0195058 0.00301826 0.00672803 0.323076 0.0606523 0.036532 0.00151752 0.00460404 0.00185961 0.120168 0.272003 
0.00625393 0.016296 0.0497521 0.122912 0.0274165 0.0415321 0.190068 0.168982 0.218886 0.00750411 0.0599017 0.0760309 0.00445445 0.00357101 0.00643883 
0.0420843 0.0197022 0.0612297 0.0138298 0.301603 0.0143184 0.0215085 0.0558987 0.0366923 0.0190347 0.0116549 0.0819097 0.0292328 0.0192016 0.272099 
0.182134 0.0462634 0.202498 0.00973794 0.0821141 0.00624274 0.0740713 0.00136067 0.00965173 0.00128856 0.266998 0.0443219 0.00629112 0.0149972 0.0520293 
0.0358203 0.248978 0.00697264 0.011408 0.0939236 0.0320722 0.00471873 0.0171354 0.0153445 0.010461 0.00473982 0.257099 0.17033 0.0703631 0.0206335 
0.00530404 0.0998144 0.33518 0.321402 0.0446756 0.00751102 0.00274512 0.0517328 0.00726702 0.0240823 0.012935 0.047342 0.00462671 0.00630668 0.0290744 
0.224899 0.0230195 0.0161173 0.0303321 0.00492046 0.12451 0.00265329 0.091343 0.00273757 0.221885 0.00544535 0.00766153 0.15407 0.0614089 0.028998 
0.00225293 0.0373563 0.0420845 0.0150049 0.0225727 0.0218568 0.00872256 0.0190112 0.0648406 0.267872 0.0290824 0.143404 0.0181178 0.000282169 0.307539 
0.250205 0.0136227 0.0179801 0.213249 0.00320821 0.00375748 0.013856 0.102272 0.0464058 0.0271951 0.127171 0.111903 0.0171899 0.0401623 0.0118221 
0.254375 0.0928219 0.0262367 0.00828782 0.00235329 0.0106608 0.253271 0.0605533 0.0169783 0.0180925 0.00670512 0.0558841 0.0590717 0.0113941 0.123315 
0.0411944 0.00439021 0.157456 0.0123135 0.157984 0.00578522 0.226967 0.00719631 0.0308659 0.134996 0.0298511 0.000345486 0.110727 0.0754846 0.00444262 
0.0601236 0.0149292 0.000793795 0.0100429 0.00260016 0.205696 0.00653838 0.0191227 0.208699 0.0196144 0.295273 0.108144 0.0154473 0.0192385 0.0137371 
0.0676466 0.148645 0.0448028 0.0232735 0.0107329 0.00483649 0.0451579 0.0257427 0.229452 0.0422839 0.0197549 0.00823779 0.00396332 0.110199 0.215272 
0.0120762 0.0519345 0.0815833 0.211102 0.0317907 0.353984 0.0195123 0.00426612 0.0844431 0.0191421 0.0524483 0.0106642 0.00274095 0.0575972 0.0067153 
0.106379 0.00560822 0.253884 0.0055236 0.0101031 0.114385 0.0107518 0.0469074 0.234091 0.0400313 0.0419904 0.0295016 0.0618846 0.0239044 0.0150543 
0.0197119 0.0412207 0.0407454 0.00166915 0.00775997 0.242431 0.256358 0.00196606 0.0135686 0.00435129 0.109377 0.0255041 0.129631 0.0599436 0.0457615 
0.0702685 0.00464851 0.0344621 0.0476134 0.0299749 0.0635429 0.00255193 0.0263005 0.0129708 0.347991 0.0609877 0.242708 0.0390698 0.00529713 0.0116131 
0.0671159 0.283099 0.0414104 0.0176581 0.0585044 0.00586484 0.000302159 0.365187 0.0167297 0.0324954 0.0119385 0.00128766 0.0219856 0.0705814 0.00583985 
0.0690511 0.0023938 0.163792 0.0247773 0.042343 0.00384988 7.9529e-005 0.189553 0.0198243 0.025396 0.0128753 0.302628 0.115692 0.0154428 0.0123029 
0.0829707 0.00785053 0.0587797 0.0168644 0.0404927 0.0382894 0.0559376 0.00665096 0.15716 0.233422 0.17216 0.00754605 0.0103911 0.103356 0.00812911 
0.0472587 0.276597 0.0626396 0.205514 0.0339534 0.0126749 0.249664 0.00321225 0.00391522 0.0153721 0.00376004 0.0309364 0.0248872 0.0121395 0.0174751 
0.0222684 0.0369445 0.0225157 0.00173457 0.265402 0.0642786 0.00898226 0.0192789 0.160552 0.0298826 0.093874 0.0304279 0.192852 0.0207554 0.0302512 
0.293299 0.00481747 0.00274392 0.021108 0.0139403 0.286236 0.0139114 0.0335398 0.0147663 0.00667893 0.0766603 0.0167641 0.0185335 0.119136 0.0778647 
0.00805751 0.0987283 0.0287198 0.189815 0.0106877 0.0103973 0.0922427 0.0422511 0.056186 0.021644 0.199857 0.0310391 0.208454 0.000567332 0.00135312 
0.00493498 0.00303369 0.0341566 0.0269489 0.0150699 0.145638 0.065124 9.23701e-005 0.00126882 0.0101527 0.302984 0.0271071 0.0112452 0.292098 0.0601457 
0.248715 0.0058788 0.000891004 0.0361469 0.0014958 0.0350874 0.000217176 0.278375 0.00525679 0.0234738 0.0592075 0.0153896 0.0978269 0.190261 0.00177635 
0.245847 0.0207402 0.00648417 0.0135066 0.00512688 0.0503097 0.0906657 0.0079517 0.0283718 0.0221336 0.0981803 0.0039973 0.339551 0.0406775 0.0264563 
0.297825 0.00320563 0.000648879 0.0162293 0.0582716 0.0342483 0.0176561 0.0568663 0.00348493 0.0127528 0.00284037 0.25299 0.0389757 0.00630715 0.197698 
0.116492 0.0290928 0.0306674 0.0118282 0.0626035 0.0324831 0.0286701 0.000698479 0.340305 0.0160078 0.0265251 0.227205 0.0363505 0.00528792 0.0357833 
0.00854841 0.0831092 0.0427495 0.00974361 0.0308474 0.0142972 0.00960208 0.0402765 0.0107835 0.369204 0.0240406 0.00418173 0.215556 0.0134661 0.123594 
0.00512565 0.000633779 0.00298313 0.0261458 0.0577718 0.0166751 0.010066 0.212351 0.110038 0.134856 0.0466199 0.0540451 0.207128 0.0743734 0.041188 
0.136847 0.0451641 0.169696 0.107266 0.0675371 0.00535203 0.0101776 0.0434618 0.0263383 0.00159809 0.0046996 0.0130987 0.134834 0.102052 0.131878 
0.0813738 0.0180675 0.0221922 0.169381 0.289562 0.0504254 0.00391289 0.00906697 0.00608388 0.0310818 0.00520793 0.0375774 0.00977803 0.192017 0.0742727 
0.0411533 0.255658 0.0107244 0.00478352 0.0120807 0.221051 0.000479994 0.00447059 0.00875127 0.157467 0.0419998 0.144954 0.0210686 0.0558336 0.0195239 
0.0530679 0.0179492 0.00879856 0.00243704 0.231581 0.252021 0.042038 0.0286528 0.00812931 0.0257743 0.231771 0.0178085 0.00483442 0.00685621 0.0682803 
0.135254 0.186409 0.00435733 0.0143336 0.0592141 0.105428 0.081836 0.0858717 0.103241 0.00387736 0.147179 0.016367 0.030552 0.0108344 0.0152464 
0.093483 0.0257306 0.001438 0.189063 0.000664394 0.0252065 0.0168323 0.0143578 0.109275 0.0795242 0.000231653 0.277956 0.12836 0.0329188 0.00495881 
0.0193427 0.187947 0.184949 0.00697552 0.00027593 0.0143474 0.0812533 0.0818559 0.0152256 3.39913e-005 0.110603 0.172655 0.0393479 0.000674406 0.0845138 
0.0297795 0.00524822 0.0171147 0.0617853 0.018485 0.0639983 0.19955 0.0605469 0.0535635 0.0278566 0.0336389 0.107776 0.000441207 0.0409609 0.279255 
0.00842871 0.259345 0.0164839 0.0205419 0.0533656 0.00932544 0.00191103 0.117047 0.0065156 0.0620027 0.152152 0.000627783 0.0242791 0.029946 0.238027 
0.311151 0.0459328 0.00665709 0.0115203 0.247662 0.0381155 0.0681349 0.00883022 0.100633 0.084358 0.0211948 0.0133588 0.0364855 0.00403046 0.00193543 
0.00616357 0.0688797 0.00860367 0.0875704 0.136685 0.00248991 0.220418 0.0228167 0.0209682 0.00543331 0.00499689 0.189731 0.160319 0.0296651 0.0352595 
0.00365086 0.207863 0.0528766 0.111574 0.00710874 0.00851535 0.0218739 0.0525199 0.00352124 0.0817199 0.231036 0.00491872 0.032059 0.172403 0.0083603 
0.030275 0.00141089 0.0086203 0.261785 0.0313626 0.0157754 0.349974 0.0200993 0.126249 0.0727488 0.0142913 0.000556958 0.0228315 0.0387773 0.00524196 
0.0110515 0.004074 0.0163095 0.160078 0.0637095 0.143092 0.00560053 0.256231 0.0578024 0.0142896 0.0197594 0.127897 0.00960728 0.0695304 0.0409669 
0.0105443 0.0907304 0.0142256 0.00332507 0.0134684 0.0206337 0.00227124 0.0623687 0.390696 0.229768 0.00172465 0.00149618 0.022257 0.0231238 0.113367 
0.0792876 0.153482 0.27185 0.0207609 0.234835 0.0216192 0.0106944 0.0552567 0.00813486 0.0548539 0.0146791 0.00608938 0.00410805 0.0165217 0.0478277 
0.00407651 0.0192159 0.059736 0.0290352 0.310976 0.0332721 0.203339 0.161844 0.0796103 0.0213936 0.0326754 0.0164721 0.00666907 0.0190273 0.0026583 
0.00160594 0.032399 0.0300853 0.0190118 0.108567 0.081462 0.0354588 0.0676122 0.21744 0.0031713 0.120619 0.00778701 0.0235279 0.213083 0.0381695 
0.0261144 0.0983059 0.0200712 0.0101251 0.105484 0.0260713 0.00285786 0.0353535 0.0988074 0.0356946 0.0051807 0.265431 0.00148055 0.0830161 0.186007 
0.0205025 0.0581834 0.0168248 0.0155745 0.00160563 0.217511 0.101806 0.116694 0.0588263 0.210519 0.0152504 0.00550997 0.0331738 0.0253797 0.102639 
0.179743 0.00230468 0.224175 0.00178545 0.00561598 0.0018641 0.0135499 0.00864115 0.0431215 0.138155 0.0682785 0.201863 0.0270203 0.0579562 0.0259269 
0.00524028 0.0405371 0.0160092 0.217159 0.0041371 0.0677793 0.00248767 0.0905717 0.192401 0.0260042 0.142657 0.0166524 0.00761679 0.0154954 0.155252 
0.00281893 0.00111328 0.0212583 0.266988 0.191184 0.0279296 0.00510556 0.00682846 0.0224469 0.0754631 0.204611 0.0144524 0.03427 0.0626507 0.0628808 
0.0367055 0.0102993 0.0210298 0.080073 0.172933 0.0388917 0.0260624 0.046144 0.0213122 0.272984 0.00396665 0.0109452 0.0216054 0.104993 0.132056 
0.00477012 0.0700409 0.0179727 0.024271 0.0936814 0.00787052 0.232348 0.00239059 0.0188744 0.0105752 0.240648 0.0204766 0.0736063 0.0163162 0.166158 
0.0212385 0.0122838 0.199299 0.0252768 0.0111694 0.22632 0.044891 0.0114887 0.00841924 0.035908 0.12325 0.118078 0.113417 0.00117914 0.0477818 
0.00570053 0.0523916 0.0348905 0.0109982 0.081624 0.0542707 0.0187654 0.0298617 0.0171141 0.00224811 0.0382884 0.0552676 0.291169 0.281511 0.0258993 
0.0928885 0.0125438 0.0598041 0.189456 0.181549 0.0325394 0.0186624 4.42168e-005 0.209005 0.057019 0.00957498 0.065248 0.0170673 0.0290877 0.0255114 
0.137171 0.218225 0.0322406 0.0338081 0.00679409 0.0105938 0.0292568 0.00418166 0.0319381 0.0804872 0.0137213 0.00216457 0.235665 0.01396 0.149793 
0.0138964 0.000896156 0.204918 0.166319 0.0720656 0.0541677 0.00360246 0.169544 0.00694838 0.19333 0.00495446 0.00224825 0.00788137 0.081111 0.0181175 
0.01864 0.0127421 0.0757411 0.226144 0.0111673 0.0268597 0.0201507 0.00571522 0.00473906 0.127913 0.0217046 0.0142913 0.286684 0.0385365 0.108972 
0.0021182 0.00624875 0.0479189 0.0677941 0.0210852 0.0537473 0.0634253 0.0702943 0.0064863 0.0741059 0.245633 0.20139 0.0794941 0.0476696 0.012589 
0.0167631 0.0204336 0.013645 0.0355318 0.0211997 0.0117102 0.0634011 0.112377 0.197929 0.181896 0.00751035 0.20831 0.00533533 0.0759674 0.0279907 
0.139396 0.00101673 0.00644986 0.000642265 0.0155444 0.0179114 0.00280621 0.0136586 0.0506575 0.193746 0.000617337 0.0268415 0.364785 0.00244743 0.16348 
0.148263 0.0287025 0.0283547 0.0306357 0.0228551 0.0141165 0.0620681 0.0491201 0.00429116 0.077495 0.0253487 0.00890255 0.151594 0.00235071 0.345902 
0.201398 0.00851516 0.0404888 0.0344585 0.00725313 0.0567196 0.00716851 0.030248 0.00315155 0.0039275 0.138634 0.0239716 0.0309613 0.178358 0.234747 
0.0377779 0.0690024 0.0101582 0.0204551 0.0361273 0.0028789 0.0119577 0.019083 0.0031238 0.0289235 0.231992 0.0246349 0.407948 0.0459778 0.0499592 
0.0235232 0.263002 0.135974 0.0314221 0.00825254 0.00746806 0.0119567 0.0163769 0.00359897 0.00795028 0.00606894 0.0535673 0.206244 0.193282 0.0313122 
0.00341402 0.017204 0.0273992 0.0936147 0.0232273 0.184606 0.0023539 0.0191013 0.0835566 0.00362092 0.0167837 0.0257312 0.0819928 0.231062 0.186332 
0.0072681 0.186757 0.0799966 0.00902705 0.198744 0.143981 0.0397145 0.065022 0.0470296 0.0106534 0.0338255 0.00489435 0.00449368 0.164645 0.00394789 
0.0301331 0.304774 0.0356026 0.0354818 0.0460464 0.0129934 0.00443413 0.0717586 0.0533547 0.248273 0.0741658 0.0271089 0.0114636 0.0312308 0.0131785 
0.00109707 0.104791 0.0546347 0.0147886 0.026163 0.0104616 0.190985 0.400678 0.00661247 0.0267102 0.0358688 0.0132249 0.0539307 0.0255481 0.0345062 
0.11352 0.0562572 0.00307729 0.158972 0.00568636 0.0091305 0.0118225 0.098567 0.36896 0.00259039 0.0910084 0.0237918 0.011344 0.0450578 0.000215046 
0.110891 0.0148586 0.0458706 0.234774 0.0196974 0.0367305 0.0314738 0.0162683 0.0563171 0.272947 0.0051666 0.0343396 0.0734029 0.0288737 0.0183892 
0.0171496 0.0475625 0.0031291 0.00816586 0.0588087 0.00646233 0.023567 0.0370941 0.103848 0.0158277 0.0126898 0.00712118 0.00853444 0.526044 0.123995 
0.0938678 0.000133715 0.0123556 0.0107749 0.116493 0.0307279 0.044255 0.157642 0.0552039 0.0277956 0.155903 0.118373 0.0134624 0.00604508 0.156968 
0.0297266 0.157968 0.0944425 0.0195627 0.0253797 0.00142641 0.264862 0.0019098 0.254805 0.0143015 0.0584946 0.00441944 0.0102919 0.0128202 0.0495905 
0.0147147 0.171994 0.231162 0.0498858 0.0157117 0.0533218 0.0250974 0.148183 0.0265696 0.0439072 0.00312472 0.0395975 0.000597474 0.160794 0.0153382 
0.0465916 0.0449283 0.276197 0.0124687 0.0111434 0.0335407 0.0750779 0.000196681 0.0156988 0.0193612 0.145184 0.000524667 0.0156046 0.172959 0.130522 
0.265702 0.0266064 0.0230652 0.0168627 0.0438411 0.0155403 0.0819929 0.00887781 0.0867502 0.0265456 0.0318378 0.167553 0.146023 0.0582383 0.000563518 
0.0956924 0.0356953 0.0431271 0.16567 0.0292196 0.190954 0.0414785 0.0736127 0.00573312 0.00357012 0.00163489 0.0628179 0.177856 0.00120958 0.0717297 
0.023507 0.00823477 0.00594579 0.327752 0.0591186 0.0750274 0.0687772 0.0180204 0.00510087 0.0188863 0.0876318 0.175256 0.0221445 0.100526 0.00407055 
0.052322 0.114074 0.326253 0.0684467 0.0241794 0.268669 0.00388673 0.0372669 0.0638658 0.0133055 0.00172524 0.0103123 0.00877939 0.000313987 0.00659949 
0.0170305 0.086091 0.00790193 0.044186 0.219211 0.0215508 0.0760876 0.0019253 0.000241367 0.0203259 0.0447376 0.0137544 0.386853 0.0286146 0.0314896 
0.317583 0.042525 0.196503 0.095029 0.0181147 0.0652497 0.00406824 0.0205535 0.126311 0.00666864 0.0230702 0.021338 0.0217513 0.00647722 0.0347571 
0.173068 0.0243309 0.000643799 0.0199086 0.0558377 0.154264 0.123273 0.182174 0.00200269 0.069358 0.0196155 0.117792 0.0522299 0.00245813 0.00304412 
0.0772273 0.0179242 0.033119 0.0613799 0.0016286 0.0194492 0.212566 0.0598496 0.128036 0.0236439 0.0599993 0.00130256 0.182357 0.0607085 0.0608098 
0.00801784 0.0518324 0.00980804 0.00321971 0.100731 0.439388 0.118566 0.0523192 0.0153658 0.0102698 0.00668086 0.0129919 0.0871161 0.083464 0.000230159 
0.0136113 0.14822 0.0474947 0.0064699 0.00929632 0.172037 0.016637 0.281523 0.146513 3.95695e-005 0.02073 0.0259042 0.0432378 0.00297619 0.0653111 
0.0915071 0.0708356 0.0232121 0.00748578 0.0221121 0.00366493 0.0582878 0.205471 0.00736452 0.247831 0.0974931 0.0357893 0.00641903 0.0398928 0.0826343 
0.0489764 0.00807399 0.0495937 0.00113744 0.0289235 0.206767 0.0691652 0.129496 0.0192721 0.0527263 0.10663 0.0544387 0.0237014 0.193005 0.00809423 
0.0270777 0.10654 0.0607559 0.046199 0.214152 0.015933 0.0357105 0.000347451 0.0439077 0.145134 0.197918 0.0462828 0.0530454 0.00368264 0.00331525 
0.041669 0.0529591 0.00864478 0.00951777 0.016003 0.27705 0.0153938 0.0523332 0.208798 0.0196149 0.0793052 0.0146745 0.101087 0.0942585 0.00869062 
0.0270948 0.0396877 0.0328974 0.238411 0.00465083 0.165172 0.232035 0.12651 0.00268131 0.0122757 0.0636908 0.011634 0.00517022 0.0290333 0.00905566 
0.0187161 0.0449284 0.222966 0.154736 0.0818156 0.0954101 0.170486 0.000712838 0.0771823 0.0544564 0.01625 0.0531066 0.00201665 0.0012312 0.00598638 
0.00232652 0.146998 0.0023816 0.0211582 0.348047 0.00138667 0.0147383 0.136205 0.177502 0.00209537 0.0403601 0.00979827 0.00674592 0.0217596 0.0684979 
0.21389 0.00638429 0.00691752 0.0145854 0.0681219 0.0476694 0.0059941 0.0703252 0.00593232 0.0113054 0.280002 0.0777946 0.0300824 0.145635 0.0153617 
0.00572618 0.190393 0.183551 0.0632143 0.0668101 0.0110678 0.015851 0.000937967 0.263972 0.0127545 0.0170033 0.0152179 0.0914171 0.0241249 0.0379594 
0.299018 0.0308779 0.0059142 0.0219399 0.0474599 0.00874105 0.0621674 0.172488 0.180102 0.0167432 0.0542689 0.0066579 0.00643526 0.0394297 0.0477559 
0.00970178 0.018357 0.0127227 0.0248839 0.0745106 0.0119214 0.067763 0.28177 0.0847279 0.148318 0.0113103 0.0154007 0.0114811 0.217271 0.00986133 
0.150407 0.0231522 0.0554465 0.217216 0.00645182 0.0117976 0.0963945 0.110995 0.0523779 0.0213716 0.00499447 9.00918e-005 0.0198744 0.0103435 0.219087 
0.0172989 0.132893 0.267341 0.0260318 0.0378455 0.0329461 0.0128016 0.00979123 0.0212785 0.105885 0.0340718 0.0389157 0.198548 0.0115995 0.0527529 
0.0916315 0.0168966 0.00170797 0.131608 0.21582 0.1907 0.132499 0.00801492 0.00356307 0.0609358 0.043705 0.0103448 0.0746269 0.00410232 0.0138444 
0.00728119 0.331453 0.0191431 0.173313 0.00752582 0.00469254 0.0514959 0.0697482 0.0108498 0.0295002 0.0115997 0.0163817 0.000278286 0.113919 0.152818 
0.0211756 0.0684358 0.0223679 0.0130158 0.00593082 0.371724 0.0149456 0.0556382 0.00314552 0.077762 0.0250701 0.0333939 0.0124479 0.0108833 0.264063 
0.280744 0.000170836 0.0371896 0.0151584 0.162465 0.01969 0.0177882 0.101494 0.0151498 0.0182009 0.0119509 0.017858 0.116032 0.0113061 0.174803 
0.112839 0.00430291 0.0833793 0.0479752 0.03598 0.0409225 0.00863384 0.368071 0.0629098 0.00798542 0.0626539 0.0173135 0.125684 0.0113917 0.00995774 
0.159539 0.21013 0.00388005 0.189349 0.0143662 0.0161416 0.0242641 0.0159031 0.0539944 0.068786 0.0374043 0.127376 0.00500587 0.00648126 0.0673793 
0.0415449 0.00909568 0.301236 0.0916507 0.0234971 0.000321547 0.0952569 0.199895 0.00483444 0.0295213 0.0224787 0.00346352 0.00597045 0.0155109 0.155722 
0.0956483 0.000868762 0.0734016 0.0223394 0.00956036 0.00566412 0.00573192 0.0515563 0.151905 0.0812064 0.266381 0.0369363 0.148214 0.00706952 0.0435174 
0.356597 0.00850864 0.0959213 0.0323883 0.0457704 0.0340081 0.0548003 0.0103091 0.0137574 0.182347 0.0458139 0.0971418 0.00548527 0.00232545 0.014826 
0.0105579 0.0240138 0.00153525 0.00614339 0.061652 0.135038 0.21058 0.00276082 0.0181162 0.0751838 0.0158958 0.219213 0.0449275 0.159487 0.0148952 
0.0249646 0.00735539 0.0356215 0.0143348 0.0568468 0.0190508 0.0332034 0.00334305 0.00104353 0.231346 0.00176259 0.193709 0.119984 0.244799 0.0126357 
0.182624 0.153513 0.029835 0.0188168 0.0155283 0.0778494 0.00453298 0.139293 0.0309231 0.0189489 0.0074922 0.0757683 0.0158045 0.0690838 0.159987 
0.15439 0.0570843 0.0246047 0.0112908 0.000673803 0.198635 0.0372342 0.000424977 0.000812497 0.0164753 0.0560943 0.0255382 0.222796 0.169363 0.0245826 
0.0438968 0.00339956 0.0207701 0.188642 0.0800289 0.000387809 0.0215238 0.0203537 0.0207646 0.178328 0.11263 0.137473 0.0034492 0.0119952 0.156358 
0.103266 0.0577973 0.0928498 0.0742648 0.0105649 0.188016 0.0536478 0.0111683 0.13497 0.0323738 0.0139225 0.0240884 0.0162622 0.0271962 0.159612 
0.0351349 0.0643094 0.135154 0.0253643 0.155779 0.0222352 0.0159668 0.0292801 0.0166183 0.00392053 0.0994131 0.195844 0.168939 0.028338 0.00370346 
0.152932 0.13977 0.059313 0.00838074 0.0641691 0.0599397 0.162893 0.0407026 0.0403953 0.160192 0.00437176 0.0347138 0.00168386 0.0579571 0.0125861 
0.0117979 0.0621305 0.0949835 0.169203 0.0970257 0.190643 0.00371681 0.0112464 0.017041 0.162073 0.124023 0.0147778 0.0320865 0.00244767 0.00680337 
0.0114653 0.0448168 0.0196439 0.00736409 0.0364589 0.0105405 0.0224024 0.485604 0.00290617 0.00875942 0.000489621 0.197945 0.0095013 0.0718442 0.0702574 
0.0106536 0.0362835 0.114342 0.0142457 0.116519 0.00955231 0.00308084 0.0874212 0.0611668 0.0304891 0.0193561 0.046693 0.020088 0.176811 0.253298 
0.0103805 0.0453991 0.127813 0.282193 0.246083 0.00824381 0.001859 0.101712 0.00135551 0.072939 0.00325808 0.0312986 0.00365502 0.054085 0.00972583 
0.0170752 0.137077 0.0179629 0.132462 0.012831 0.0648425 0.0411307 0.181516 0.0057179 0.0011818 0.0628718 0.00865997 0.0932178 0.14206 0.0813929 
0.0363193 0.0370042 0.31444 0.141579 0.00323185 0.0293164 0.0300039 0.0223581 0.0472286 0.00181924 0.204754 0.0661048 0.051732 0.00210098 0.0120074 
0.116076 0.0915404 0.00914885 0.0422848 0.00545659 0.372207 0.0624866 0.026459 0.0146717 0.0540602 0.138156 0.0355552 0.0018238 0.00135083 0.0287232 
0.00336425 0.00115152 0.150736 0.179917 0.0109036 0.00396383 0.142728 0.00429213 0.015485 0.0643677 0.0375878 0.0652939 0.0147351 0.131634 0.17384 
0.145356 0.326503 0.0855119 0.000252212 0.00336826 0.026762 0.00451048 0.0236305 0.00616947 0.0776003 0.00648267 0.253534 0.00916871 0.0123439 0.0188079 
0.0114929 0.0119796 0.102191 0.197061 0.00700533 0.120844 1.71714e-005 0.00373136 0.120086 0.143802 0.00766282 0.0484789 0.0269474 0.171164 0.0275366 
0.0210656 0.0525492 0.144135 0.023714 0.161611 0.207479 0.0353181 0.21539 0.0404298 0.0222015 0.0103804 0.00211785 0.0226197 0.0375982 0.00339193 
0.00715039 0.0185318 0.00671004 0.026272 0.0092382 0.018662 0.31691 0.0432106 0.0101445 0.241797 0.00673324 0.101444 0.0423774 0.0981708 0.0526485 
0.0219977 0.0603768 0.00812687 0.00723301 0.0222451 0.0672586 0.0261989 0.0946117 0.0251342 0.0378861 0.00759181 0.22145 0.233362 0.0453093 0.121218 
0.10152 0.170017 0.0962512 0.00802417 0.0071797 0.0036681 0.0187641 0.0382201 0.148996 0.0203211 0.0180151 0.113948 0.0480999 0.179293 0.027683 
0.0762859 0.235617 0.0542993 0.168463 0.0358959 0.232029 0.000254073 0.0407117 0.0187151 0.0214323 0.00267615 0.00300448 0.0381014 0.0534495 0.0190654 
0.201177 0.00789155 0.150624 0.277775 0.00689669 0.00440384 0.01953 0.0138891 0.00278373 0.0630465 0.0130355 0.0872418 0.139397 0.00196432 0.0103448 
0.065547 0.0313275 0.000345671 0.0503745 0.0826606 0.073598 0.0578705 0.00828672 0.0274754 0.221282 0.132713 0.0230511 0.203395 0.00515933 0.0169127 
0.00945893 0.103627 0.00682906 0.00707134 0.122636 0.0385088 0.159848 0.165009 0.00783014 0.0259975 0.178325 0.0146761 0.00706367 0.130956 0.0221641 
0.0267383 0.0153839 0.0390218 0.0240726 0.179486 0.104255 0.0203072 0.00531 0.00555336 0.0181603 0.382261 0.00896979 0.122388 0.00997542 0.0381182 
0.000519608 0.0957836 0.135251 0.00274385 0.0797162 0.0224629 0.00645695 0.173903 0.011637 0.0179897 0.112756 0.0299386 0.184992 0.0203351 0.105514 
0.0518685 0.0400316 0.0749712 0.00899738 0.0321656 0.0166179 0.00574378 0.0618885 0.112032 0.080775 0.162901 0.00280908 0.00273152 0.0129059 0.333561 
0.0296386 0.0854366 0.0461643 0.0499558 0.0186614 0.175243 0.0068308 0.136503 0.0332564 0.0018215 0.0479751 0.3073 0.0351049 0.0141095 0.0119991 
0.0629504 0.0486653 0.0540629 0.0377484 0.0709196 0.00435629 0.0193218 0.177912 0.0326556 0.01487 0.0376865 0.205893 0.023544 0.18685 0.0225644 
0.0554777 0.0849776 0.0647972 0.0388636 0.0951148 0.0133159 0.112485 0.0421193 0.0358164 0.100334 0.047389 0.281208 0.00958369 0.0116346 0.00688445 
0.0151635 0.0162269 0.0186328 0.0322503 0.012061 0.00466524 0.0202027 0.012734 0.00861424 0.227904 0.0156929 0.343576 0.0359938 0.0657061 0.170576 
0.0741799 0.0032176 0.0298485 0.187951 0.00681426 0.091521 0.0538282 0.128408 0.0383646 0.0344601 0.206498 0.00427493 0.0112877 0.119355 0.00999207 
0.214711 0.199623 0.217972 0.0674998 0.0336623 0.0277273 0.0342416 0.00296807 0.00354887 0.0894449 0.0584661 0.0130851 0.010412 0.00267483 0.0239625 
0.177439 0.018244 0.0375696 0.147462 0.00165573 0.0242894 0.25053 0.00158487 0.0198658 0.00269608 0.0168907 0.19653 0.0226032 0.0369744 0.0456654 
0.0576603 0.09145 0.00128098 0.0464984 0.363471 0.0680921 0.00852191 0.0594063 0.0207518 0.137039 0.0286014 0.0459185 0.00600835 0.0295648 0.0357357 
0.0283818 0.00917871 0.00635463 0.0145185 0.119326 0.0787194 0.0114837 0.0062127 0.177893 0.0024231 0.0378697 0.190101 0.150894 0.112082 0.0545622 
0.00791217 0.00055514 0.00337445 0.0362274 0.01132 0.109789 0.0732115 0.0224557 0.000726738 0.375405 0.102101 0.0159334 0.0424713 0.0189087 0.179608 
0.0316547 0.143352 0.0326551 0.148252 0.000145066 0.0204043 0.348893 0.0547992 0.00570394 0.000548867 0.163261 0.0232709 0.0053432 0.0194318 0.00228577 
0.00197149 0.0168356 0.157453 0.01629 0.00420862 0.0794652 0.164331 0.0117962 0.0892492 0.015929 0.0177526 0.0126548 0.353668 0.0529894 0.00540649 
0.0588029 0.0444175 0.0226253 0.00407365 0.174422 0.182429 0.139193 0.0156847 0.20131 0.0252719 0.00261038 0.00175668 0.0900594 0.0046711 0.0326728 
0.0209558 0.141014 0.00127345 0.000988371 0.0174019 0.00706651 0.036736 0.0142329 0.0678123 0.137918 0.128252 0.150023 0.0779764 0.0774387 0.12091 
0.00589312 0.158286 0.0229244 0.0768145 0.0310449 0.247494 0.152778 0.0107401 0.113964 0.00121983 0.0109012 0.049466 0.0022376 0.115821 0.000416518 
0.0298501 0.0620328 0.153682 0.00139015 0.0271769 0.0630746 0.13303 0.00984745 0.0316826 0.0102247 0.237037 0.0217671 0.15384 0.0630603 0.00230409 
0.0224921 0.00667712 0.186697 0.00635192 0.128801 0.0076654 0.0534106 0.133322 0.107025 0.123942 0.0382924 0.107431 0.0133271 0.059707 0.00485856 
0.0769908 0.186945 0.00860321 0.0232325 0.269245 0.0177883 0.00302652 0.0674593 0.0162376 0.0211362 0.01032 0.11206 0.150551 0.03449 0.00191426 
0.217244 0.0236081 0.0118657 0.0113214 0.082028 0.10885 0.026205 0.0807029 0.00993695 0.0177488 0.0193041 0.0586852 0.0634864 0.259844 0.00916886 
0.0145849 0.16869 0.00433862 0.0121501 0.00577923 0.00801799 0.0273469 0.0985166 0.480044 0.0521898 0.0482166 0.0310391 0.0249017 0.0203373 0.00384738 
0.124245 0.0181133 0.0633676 0.0164307 0.158705 0.0498326 0.125151 0.0100656 0.0109468 0.118767 0.100257 0.0050154 0.00296718 0.00792716 0.188209 
0.0242732 0.163438 0.041828 0.0124791 0.0266547 0.0785632 0.0459422 0.0435715 0.166898 0.0345362 0.0106277 0.0384661 0.217141 0.073637 0.0219437 
0.159653 0.114012 0.208071 0.0156898 0.00431324 0.00640487 0.00583673 0.253421 0.0293436 0.0883463 0.00744042 0.017447 0.0539654 0.034706 0.00134906 
0.0458647 0.00691691 0.166973 0.0738569 0.0153079 0.0835863 0.0279993 0.0570785 0.00665903 0.149167 0.0121456 0.139264 0.070606 0.00724078 0.137334 
0.00749094 0.0221133 0.0177376 0.0890145 0.192836 0.0224212 0.0175977 0.190736 0.172294 0.0536954 0.134851 0.00559397 0.0034778 0.035123 0.0350178 
0.117391 0.00278481 0.174255 0.00480534 0.0352223 0.109525 0.153958 0.00207567 0.111105 0.0469945 0.00607565 0.0577892 0.00811415 0.142422 0.027482 
0.0632003 0.0128409 0.394626 0.0162545 0.0029168 0.0150629 0.0611342 0.0192613 0.145147 0.0696638 0.000463862 0.146922 0.0270391 0.0104732 0.0149935 
0.0617954 0.295949 0.0643701 0.03719 0.219828 0.0137238 0.00902436 0.159994 0.00763557 0.0152261 0.0049902 0.0135132 0.00240454 0.0473116 0.0470443 
0.183614 0.0244865 0.0255726 0.0641236 0.0154599 0.0284398 0.00702504 0.00830469 0.0679274 0.105343 0.141431 0.0155421 0.150306 0.157727 0.00469676 
0.0526339 0.0146957 0.0331862 0.00410605 0.00664171 0.00485281 0.00596722 0.171492 0.0225553 0.20355 0.113612 0.329045 0.000475348 0.00602738 0.0311596 
0.18991 0.0855755 0.0757509 0.0832138 0.01749 0.028779 0.0291331 0.156598 0.00109766 0.0262565 0.120967 0.0262923 0.144355 0.000280688 0.0143005 
0.0807308 0.0492094 0.0241758 0.293279 0.0634091 0.000651188 0.0461533 0.232471 0.0216107 0.00334634 0.0391481 0.0263275 0.0231721 0.0793076 0.0170077 
0.0374252 0.0121094 0.0785711 0.00554295 0.0349568 0.0274457 0.0251799 0.202885 0.386873 0.00496345 0.0306881 0.0192482 0.0108735 0.0398982 0.0833395 
0.0020815 0.101562 0.026657 0.0355633 0.0361694 0.0239934 0.0918293 0.00384041 0.0218792 0.445608 0.00723778 0.00544294 0.0166765 0.173279 0.0081808 
0.0295858 0.016921 0.0287448 0.190348 0.255454 0.0192157 0.132897 0.0178511 0.0510057 0.0233018 0.00492977 0.172565 0.0133554 0.0305492 0.0132751 
0.0223482 0.0736818 0.490711 0.0235293 0.0186693 0.032946 0.0373913 7.52372e-005 6.26676e-005 0.00560033 0.0423781 0.0679041 0.0244347 0.104428 0.0558399 
0.0611707 0.184582 0.0482192 0.0269965 0.106188 0.128214 0.113884 0.0381303 0.0027076 0.00177556 0.0056697 0.142722 0.00287683 0.0061931 0.130671 
0.0109828 0.0299389 0.024888 0.0959896 0.0135042 0.0653371 0.221965 0.0318434 0.0889246 0.111921 0.187023 0.00300163 0.00945428 0.081086 0.0241408 
0.178965 0.0891918 0.0181551 0.00282906 0.00440368 0.135155 0.0114545 0.00268424 0.0350388 0.141856 0.0380505 0.203628 0.0300151 0.0789958 0.0295771 
0.0999582 0.0145346 0.107605 0.00270435 0.188101 0.186009 0.00549107 0.0193778 0.0424859 0.0211423 0.0220404 0.00795581 0.118159 0.131097 0.0333394 
0.010149 0.00724509 0.0387449 0.00104256 0.00240811 0.00388622 0.117123 0.0383824 0.190276 0.0336136 0.0433482 0.119411 0.0194246 0.221749 0.153197 
0.00858835 0.106398 0.0228348 0.0134128 0.0644887 0.0281395 0.00218805 0.190878 0.0114442 0.00238331 0.0327617 0.0177472 0.178838 0.00813073 0.311767 
0.269806 0.0467104 0.0181689 0.189992 0.00472542 0.0206371 0.013313 0.0128179 0.0328177 0.154142 0.00628066 0.0393346 0.0338419 0.0148624 0.14255 
0.0868178 0.0188272 0.144374 0.117077 0.186581 0.0269895 0.0650271 0.0101692 0.0510502 0.015271 0.14436 0.00833547 0.000716278 0.100238 0.0241655 
0.0324182 0.00320768 0.00914863 0.271539 0.0127358 0.229195 0.0146229 0.00914514 0.00430671 0.0471891 0.177924 0.0158641 0.0336352 0.0261797 0.112889 
0.0141968 0.00248272 0.019085 0.03881 0.121613 0.0496178 7.85648e-006 0.025073 0.0167167 0.000582743 0.169639 0.129984 0.121921 0.24748 0.0427907 
0.0299031 0.00330666 0.0963407 0.00665148 0.0422337 0.304783 0.0819148 0.0751321 0.112813 0.0108415 0.0179683 0.143779 0.00934302 0.0370824 0.0279079 
0.0363001 0.000266076 0.0126423 0.131017 0.02577 0.0140819 0.125938 0.278025 0.026399 0.0561354 0.1288 0.032961 0.00547365 0.00459547 0.121596 
0.051631 0.0762016 0.015957 0.0121744 0.201452 0.0150499 0.00644337 0.013281 0.199244 0.162287 0.0626973 0.0173756 0.0388566 0.0235065 0.103842 
0.0263836 4.36997e-005 0.180727 0.0205055 0.00776276 0.0192691 0.0576903 0.153442 0.0889883 0.0283573 0.279594 0.0409923 0.0132516 0.0627354 0.0202571 
0.0987978 0.0115528 0.00455586 0.0212855 0.183791 0.0220377 0.014161 0.166703 0.0124394 0.00993387 0.00738765 0.0817368 0.267229 0.0757186 0.0226705 
0.00857503 0.0731414 0.1712 0.0216993 0.0671153 0.0164405 0.119211 0.0212581 0.0191542 0.0151199 0.00970833 0.022693 0.228916 0.00255496 0.203213 
0.0172093 0.048133 0.061353 0.403845 0.0417783 0.0183036 0.0363024 0.0200418 0.00160181 0.18395 0.0209832 0.119276 0.0100039 0.0105568 0.00666242 
0.0926353 0.000390709 0.019038 0.017691 0.387659 0.0183172 0.150147 0.0217775 0.00513757 0.00237985 0.0509516 0.040806 0.0911655 0.0244145 0.0774895 
0.036127 0.12819 0.00359487 0.251967 0.0890486 0.0594974 0.0362411 0.0223353 0.0077765 0.0427357 0.0072337 0.0137531 0.173141 0.121396 0.00696348 
0.0339131 0.0358388 0.0200175 0.038848 0.0388073 0.00582661 0.174046 0.0957857 0.181665 0.14433 0.000594028 0.0182394 0.0425836 0.151128 0.0183772 
0.0377386 0.0768474 0.0288929 0.00369285 0.0260731 0.0173298 0.126567 0.0416184 0.0130132 0.188723 0.0282794 0.0284859 0.0256241 0.18061 0.176504 
0.0184426 0.00693738 0.00503398 0.0117072 0.16601 0.121917 0.0801661 0.00797665 0.0164488 0.0588679 0.00967552 0.0714978 0.147746 0.078669 0.198905 
0.184959 0.0192639 0.0144646 0.00789864 0.0174699 0.0613657 0.0385999 0.0474926 0.150174 0.166069 0.0354571 0.00516023 0.011931 0.0940996 0.145594 
0.0126641 0.319119 0.0125562 0.119169 0.00901711 0.0348966 0.0838849 0.0301107 0.158671 0.0840749 0.0607058 0.00737674 0.026536 0.00690735 0.0343101 
0.00125422 0.00510243 0.205428 0.00732333 0.148279 0.0387969 0.165147 0.000888358 0.0104106 0.0281548 0.00279501 0.183684 0.0756013 0.109686 0.0174493 
0.0899089 0.182248 0.00770671 0.0251446 0.129401 0.00104992 0.0578519 0.0295553 0.180778 0.0574794 0.0405219 0.148285 0.0340454 0.0123099 0.0037134 
0.0616047 0.0204361 0.012075 0.230723 0.174693 0.00468015 0.00504624 0.0512901 0.00692615 0.0344209 0.0599736 0.0159468 0.0503726 0.0363548 0.235457 
0.214987 0.0844445 0.0321498 0.019116 0.0835078 0.0059949 0.0011216 0.0341276 0.00768534 0.161988 0.18066 0.067257 0.0119872 0.03404 0.0609332 
0.0250639 0.033403 0.0253457 0.00743668 0.133277 0.0153575 0.0259055 0.00652588 0.0140527 0.0422985 0.294209 0.0663542 0.0333161 0.0465893 0.230865 
0.00637026 0.0647542 0.0200535 0.0821381 0.0200545 0.0369903 0.17533 0.227555 0.0593245 0.0183006 0.00561262 0.0930036 0.141662 0.0455169 0.00333408 
0.022845 0.045891 0.0044957 0.222568 0.0138582 0.0164006 0.0907897 0.00706181 0.208415 0.0398784 0.0957585 0.00426088 0.0947173 0.120585 0.0124743 
0.0653175 0.00724808 0.0114137 0.0281097 0.0355057 0.00710696 0.0587616 0.0984288 0.204674 0.0111635 0.0043394 0.0201865 0.280563 0.0168714 0.15031 
0.181488 0.00333882 0.0135946 0.0721331 0.214761 0.058252 0.0201045 0.0152735 0.0159584 0.114871 0.039359 0.00869495 0.177078 0.0553789 0.00971532 
0.0135686 0.0172785 0.0105498 0.335516 0.0658258 0.0421244 0.00371446 0.130753 0.227462 0.0198459 0.00811552 0.0109949 0.0141536 0.064788 0.0353093 
0.00143595 0.0251863 0.0153106 0.177102 0.0581272 0.166623 0.0315009 0.00999162 0.295819 0.121343 0.0015167 0.0752943 0.00749435 0.00448348 0.00877145 
0.0544351 0.0468655 0.0030974 0.00668265 0.017653 0.196365 0.00206783 0.0147163 0.0635774 0.0323346 0.00630112 0.0382942 0.124062 0.024236 0.369312 
0.0333189 0.00902104 0.136744 0.0159007 0.0200829 0.0245714 0.0814603 0.166991 0.0868856 0.00452257 0.0835917 0.0156832 0.0329716 0.203148 0.0851075 
0.0037258 0.0370995 0.204161 0.0278463 0.000248832 0.0200035 0.00249751 0.31111 0.0139584 0.112136 0.0101939 0.103146 0.0284643 0.00529854 0.120111 
0.0347191 0.203044 0.00479406 0.00531854 0.00138403 0.100518 0.00150907 0.00885745 0.00399885 0.0141722 0.0591758 0.0671515 0.345585 0.122102 0.0276704 
0.0203779 0.0332018 0.050855 0.00111278 0.0490527 0.146482 0.00859512 0.272513 0.035724 0.0192324 0.187333 0.000611574 0.0223182 0.0160856 0.136505 
0.217822 0.0286387 0.257736 0.01009 0.00719195 0.183381 0.0249892 0.0689176 0.00817329 0.051239 0.00961868 0.0329041 0.0296539 0.0498834 0.0197618 
0.0162163 0.0800183 0.181019 0.0448922 0.0159945 0.153471 0.0128415 0.0187319 0.0728586 0.00712065 0.108878 0.0104276 0.00270757 0.264311 0.010512 
0.0971603 0.0162016 0.034693 0.0186965 0.0390983 0.0504276 0.369795 0.0106794 0.14395 0.0172792 0.0668507 0.0190236 0.0150978 0.0532437 0.0478039 
0.0147869 0.0136089 0.0062991 0.0299623 0.01603 0.0142602 0.0406426 0.00162476 0.0188154 0.259771 0.198796 0.0418361 0.0646105 0.251131 0.0278259 
0.0777027 0.0283307 0.0221115 0.0125342 0.2412 0.00684907 0.0230365 0.0528935 0.321315 0.0207271 0.0172261 0.0851396 0.0272205 0.0558708 0.00784199 
0.021633 0.230827 0.0542263 0.0399863 0.067405 0.00702807 0.00412346 0.136414 0.00331945 0.101539 0.000662018 0.027825 0.242938 0.0434874 0.0185857 
0.0481351 0.199808 0.00654544 0.150799 0.0197475 0.0124441 0.0333892 0.0233696 0.0307432 0.113523 0.00377149 0.0126547 0.0309016 0.0287727 0.285397 
0.192349 0.0124411 0.0120625 0.0310575 0.0413079 0.0987856 0.0249877 0.00628504 0.202701 0.00938192 0.168097 0.013635 0.0463849 0.0500148 0.090509 
0.0554277 0.0375206 0.00699783 0.0462947 0.0142337 0.0625039 0.0338047 0.0278711 0.381045 0.0155631 0.0173492 0.0174406 0.0746306 0.0211934 0.188124 
0.101712 0.00597361 0.107206 0.0236066 0.017984 0.0150159 0.146364 0.0586395 0.0275002 0.14223 0.0531021 0.120151 0.156579 0.0201129 0.0038239 
0.207203 0.00242758 0.016162 0.104299 0.0597202 0.000926541 0.047652 0.151049 0.0604724 0.190936 0.0116946 0.103449 0.0105626 0.0203714 0.0130746 
0.0575058 0.0418908 0.129833 0.00114714 0.0460921 0.0814002 0.0325294 0.0346055 0.00959979 0.140656 0.364056 0.00137435 2.22451e-005 0.0247374 0.0345494 
0.00994541 0.0615035 0.0259067 0.0670339 0.0165276 0.182753 0.0020852 0.0187449 0.000316706 0.0987497 0.136182 0.137426 0.0131125 0.0752499 0.154462 
0.0960454 0.00151596 0.307426 0.017525 0.0615368 0.00160102 0.0231715 0.0379292 0.0249386 0.213025 0.0581823 0.0011385 0.0556429 0.0461229 0.0541988 
0.00138744 0.0447393 0.114008 0.0269103 0.107997 0.0167953 0.266818 0.191024 0.0483884 0.0610026 0.0482573 0.0575083 0.000969165 0.00168785 0.0125057 
0.0242405 0.120188 0.0248337 0.0196898 0.0214809 0.000402916 0.0852024 0.14699 0.168428 0.306622 0.0120424 0.0248961 0.00958955 0.0346473 0.000746213 
0.0144697 0.00204044 0.14285 0.18833 0.0327696 0.0598027 0.0518586 0.0591588 0.0342802 0.0280851 0.0350714 0.158126 0.126782 0.0580286 0.00834669 
0.021823 0.0718188 0.0779101 0.0113751 0.00890104 0.175825 0.00953188 0.0963794 0.274256 0.00612869 0.022773 0.165401 0.0238693 0.0144784 0.0195285 
0.0368993 0.0131868 0.182261 0.0136345 0.0158517 0.0427887 0.0930812 0.0122769 0.00370431 0.373841 0.0907408 0.0154561 0.0332046 0.0274938 0.0455795 
0.0527542 0.0835115 0.0306798 0.0849659 0.140981 0.107663 0.000537887 0.127344 0.0609308 0.0924156 0.00901269 0.10195 0.0850349 0.010493 0.0117261 
0.150804 0.247208 0.0408023 0.0284055 0.0170806 0.000464847 0.197499 0.0100285 0.0322843 0.0368563 0.0323379 0.156823 0.00962737 0.00534035 0.0344388 
0.176689 0.00615305 0.0336487 0.00229481 0.143811 0.0398584 0.136967 0.0290046 0.101516 0.00723612 0.155841 0.0989643 0.0300498 0.0346728 0.00329358 
0.0392056 0.00183783 0.195259 0.0228844 0.146864 0.0121249 0.000455798 0.187008 0.000533089 0.0177641 0.021568 0.0631576 0.0399164 0.00203232 0.249389 
0.00644792 0.105787 0.013832 0.0156332 0.0150948 0.277774 0.0114727 0.140704 0.0284088 0.0370966 0.0202733 0.026233 0.216796 0.00534124 0.0791052 
0.0510405 0.0183251 0.00506717 0.00421044 0.164318 0.0308802 0.263296 0.0126056 0.07532 0.0744578 0.0801193 0.00324901 0.0159365 0.181778 0.0193966 
0.0340998 0.226037 0.00868271 0.131031 0.0231095 0.00494834 0.0134026 0.259661 0.141244 0.00459067 0.0444835 0.000812327 0.0597959 0.00658606 0.0415166 
0.0198972 0.211974 0.0947321 0.00135525 0.0500424 0.023358 0.0703355 0.00215836 0.104226 0.0324857 0.255678 0.0872325 0.0140825 0.0168243 0.0156185 
0.0745375 0.0917783 0.109279 0.0230438 0.00152868 0.0632079 0.0122613 0.0139962 0.00384955 0.0024149 0.0264991 0.155448 0.0371483 0.226288 0.158719 
0.0464147 0.087713 0.111717 0.0755259 0.0224115 0.00952077 0.010682 0.0234138 0.166518 0.158558 0.0566002 0.0497514 0.106163 0.0203341 0.0546764 
0.0478418 0.0908002 0.0346939 0.00365572 0.014217 0.0100318 0.11662 0.00558429 0.0180043 0.0313771 0.00190323 0.0152175 0.055078 0.125471 0.429505 
0.172367 0.00610413 0.0858556 0.00112885 0.0420732 0.0984378 0.0227439 0.0490547 0.0467855 0.029545 0.0581337 0.110416 0.00401605 0.00471509 0.268623 
0.216957 0.103697 0.00511793 0.107295 0.0116789 0.132713 0.0152255 0.0107161 0.0167342 0.033685 0.241848 0.0144721 0.0335566 0.00611352 0.050189 
0.0449716 0.118589 0.107496 0.29593 0.000467757 0.104687 0.00853542 0.0583934 0.0478871 0.0726184 0.0332809 0.037251 0.000417691 0.0328442 0.0366306 
0.0363386 0.265146 0.00352577 0.0109475 0.0405308 0.189765 0.0375292 0.132382 0.0305818 0.000427751 0.0395114 0.00896959 0.0246548 0.0130125 0.166677 
0.0217121 0.167829 0.0204624 0.0178167 0.0449102 0.0687282 0.00844332 0.0256325 0.0335791 0.00961428 0.204912 0.270504 0.0237634 0.0173693 0.0647227 
0.329009 0.0769885 0.0682965 0.0107279 0.0421675 0.0116374 0.0450089 0.0325229 0.023935 0.038221 0.118134 0.0221595 0.0288668 0.146651 0.00567412 
0.0980652 0.231262 0.113071 0.0371149 0.0032886 0.00962737 0.0143293 0.183416 0.0298163 0.00536807 0.154666 0.00112698 0.00476526 0.0302794 0.083803 
0.0360502 0.332576 0.0409107 0.00538786 0.0249064 0.0255222 0.154312 0.0678447 0.00414999 0.056995 0.0819966 0.0172899 0.00198336 0.0453852 0.10469 
0.020721 0.0115631 0.166612 0.0107075 0.0156175 0.0124255 0.0721158 0.0547749 0.21026 0.0504327 0.0430793 0.187344 0.112584 0.0253643 0.00639731 
0.0239136 0.0378619 0.0362077 0.0303715 0.0136236 0.0431648 0.202725 0.00719348 0.043132 0.128874 0.00682507 0.0251651 0.195423 0.202523 0.00299716 
0.0217755 0.00960736 0.107056 0.011277 0.338423 0.0787342 0.0330522 0.0172712 0.169717 0.0254155 0.0241826 0.0229848 0.0150103 0.0261341 0.0993599 
0.048475 0.0092765 0.0450376 0.126314 0.0781775 0.00169048 0.0258917 0.00918494 0.258369 0.0460874 0.190894 0.0851367 0.0157292 0.0193793 0.0403566 
0.000687588 0.0797716 0.0195926 0.192426 0.109348 0.142775 0.00294526 0.0351135 0.052468 0.00480114 0.0353321 0.198021 0.0178399 0.0242706 0.0846069 
0.288125 0.118022 0.0103121 0.116046 0.125097 0.076732 0.0170576 0.0236584 0.0323922 0.0196336 0.00179669 0.0927938 0.038003 0.00376091 0.0365706 
0.0320718 0.0599952 0.0193134 0.167778 0.105518 0.0232622 0.117601 0.0130148 0.0300183 0.150332 0.0027998 0.078821 0.0296573 0.150726 0.0190902 
0.0119926 0.139026 0.0090159 0.0131715 0.147051 0.0200539 0.181479 0.0619323 0.0339654 0.00649315 0.00525316 0.0510143 0.148137 0.165916 0.00549958 
0.0258295 0.0193186 0.0430666 0.00975448 0.00250412 0.277316 0.0351021 0.0118567 0.119004 0.211321 0.017575 0.0967065 0.00514755 0.120278 0.00521857 
0.0201915 0.0108627 0.114887 0.00282185 0.193452 0.102113 0.0678319 0.000905205 0.0113314 0.207037 0.055598 0.102495 0.0789197 0.0273762 0.00417834 
0.0205804 0.0105861 0.00262917 0.0501451 0.00681144 0.06782 0.139919 0.134663 0.0301698 0.206168 0.0303138 0.0133882 0.00017931 0.00255576 0.284071 
0.0280364 0.00499211 0.251887 0.0435984 0.00977647 0.149705 0.0128054 0.0280687 0.00157703 0.0134678 0.023238 0.00274674 0.135422 0.0968759 0.197804 
0.048748 0.0123369 0.19753 0.0833269 0.0219997 0.0640731 0.0106893 0.0263814 0.00623375 0.0174005 0.0120396 0.0935556 0.168293 0.221665 0.0157272 
0.124312 0.0130845 0.00577281 0.300868 0.0503623 0.0445773 0.078903 0.0175605 0.0610602 0.074153 0.104521 0.0244102 0.0988277 0.00153121 5.64959e-005 
0.0383892 0.0260161 0.0190664 0.0156992 0.00225478 0.0640955 0.111274 0.181813 0.0856316 0.0300038 0.183446 0.0238909 0.127813 0.0478782 0.0427287 
0.131206 0.0211455 0.0249137 0.0051242 0.00610857 0.0772553 0.022501 0.0142206 0.190266 0.123626 0.0136511 0.330126 0.0272675 0.0108871 0.00170036 
0.0253625 0.0203997 0.0292325 0.0952533 0.30492 0.00574106 0.0441318 0.0398207 0.030086 0.0110732 0.169222 0.0190875 0.00623903 0.0526 0.146831 
0.000351995 0.0111852 0.0208526 0.0417515 0.0477215 0.161322 0.0068477 0.0304731 0.049849 0.099475 0.0535664 0.00593856 0.331772 0.137539 0.0013542 
0.0246181 0.0355172 0.0366947 0.081592 0.0555183 0.00246442 0.00746487 0.289841 0.191284 0.0147847 0.0247109 0.071229 0.0488645 0.0849366 0.0304795 
0.0588814 0.00363645 0.0662358 0.222908 0.00434853 0.0382777 0.0086127 0.0713938 0.039663 0.0290573 0.0114581 0.0140651 0.0825599 0.228037 0.120866 
0.0329316 0.25341 0.00409662 0.0733233 0.0702715 0.00494326 0.0923377 0.0145093 0.0685369 0.0109744 0.0472204 0.0487459 0.010088 0.24325 0.0253614 
0.346635 0.044398 0.00296657 0.00555984 0.00791371 0.131058 0.0140104 0.0230065 0.129217 0.0272736 0.0384071 0.0461603 0.0531434 0.0447954 0.0854553 
0.0975208 0.0534638 0.0119497 0.00372824 0.0117218 0.0278219 0.0153642 0.123188 0.0149822 0.0108284 0.0766385 0.00884733 0.00852055 0.377787 0.157638 
0.0252462 0.0944256 0.0363471 0.162859 0.0137715 0.0190625 0.00847461 0.159391 0.000300734 0.172439 0.0984333 0.0849885 0.0046376 0.105757 0.0138663 
0.0368217 0.0508464 0.00605105 0.0257352 0.0193505 0.0543888 0.267403 0.000302317 0.0665526 0.0246998 0.0380227 0.0221826 0.0206595 0.187743 0.179241 
0.0454277 0.0128249 0.216634 0.109641 0.0137136 0.00140035 0.0134029 0.207819 0.0981374 0.0225059 0.00284146 0.0854818 0.118112 0.0165064 0.0355506 
0.00838885 0.0119878 0.0556137 0.00380857 0.034175 0.0284154 0.00376472 0.262694 0.179563 0.162971 0.0917688 0.000178838 0.0488161 0.00403556 0.103819 
0.182788 0.04399 0.0805186 0.0344654 0.173147 0.132647 0.00732096 0.0612177 0.14822 0.0246337 0.050467 0.013735 0.00389635 0.0235063 0.0194472 
0.021333 0.00993723 0.243977 0.0201569 0.0230944 0.145971 0.0900559 0.172529 0.0142886 0.148647 0.0554314 0.00333998 0.0307589 0.0138115 0.0066677 
0.192732 0.00445518 0.00887757 0.133149 0.03813 0.126331 0.0193845 0.147987 0.08982 0.000588771 0.0295751 0.0700833 0.0352865 0.00484332 0.0987571 
0.169508 0.0951517 0.00273624 0.000495626 0.0255262 0.0147953 0.145183 0.00454312 0.256779 0.00520254 0.0705179 0.0307321 0.154893 0.000955482 0.0229814 
0.0253958 0.236949 0.0321567 0.00882087 0.150575 0.00337397 0.00047066 0.0092742 0.0374673 0.00802724 0.112375 0.0468356 0.227051 0.0219745 0.0792518 
0.0464368 0.00149942 0.122235 0.00710484 0.0262841 0.00215438 0.0213371 0.00995556 0.153727 0.0770604 0.167819 0.108883 0.00493414 0.108559 0.14201 
0.128306 0.111103 0.0400601 0.0109924 0.106725 0.272804 0.0676825 0.0313525 0.0271727 0.0086969 0.00393415 0.0184055 0.0865126 0.0113064 0.0749469 
0.177138 0.101457 0.00215416 0.00931488 0.0410268 0.00428906 0.129133 0.242298 0.0326518 0.0692968 0.0654952 0.0154454 0.0326122 0.00884993 0.0688378 
0.0101219 0.00296524 0.218352 0.0199834 0.197497 0.0617871 0.0699483 0.0701894 0.0556863 0.0121052 0.0120475 0.0119128 0.0236642 0.121993 0.111747 
0.0257793 0.179861 0.0147229 0.0110311 0.19906 0.0746144 0.00830272 0.00326877 0.0250581 0.173658 0.00561362 0.0663611 0.0673493 0.0910303 0.0542888 
0.026823 0.108862 0.0519069 0.015452 0.028172 0.00176003 0.151605 0.108879 0.11089 0.105143 0.0721389 0.0463786 0.00750933 0.0276738 0.136807 
0.000867975 0.0141044 0.109868 0.113945 0.0353865 0.0192206 0.2252 0.00776452 0.172355 0.000965264 0.0350104 0.0446381 0.000248398 0.150936 0.0694891 
0.0293399 0.124294 0.234405 0.165389 0.137053 0.000784572 0.000644673 0.0322286 0.107916 0.0100332 0.0437238 0.0299078 0.0308603 0.00363702 0.0497831 
0.019959 0.0387458 0.0287256 0.11994 0.142925 0.0162413 0.0295642 0.376201 0.0202071 0.0359776 0.0599916 0.0180522 0.00145622 0.0571938 0.0348193 
0.0196502 0.267972 0.017321 0.0263132 0.058591 0.000983694 0.0348441 0.00607633 0.0873011 0.038252 0.0336706 0.139564 0.00188157 0.0666942 0.200885 
0.01922 0.294812 0.0156878 0.0658558 0.14753 0.0158406 0.00702763 0.0028724 0.0455704 0.0988889 0.0305765 0.236988 0.00166935 0.00345855 0.0140015 
0.115019 0.121721 0.0289021 0.151607 0.010283 0.107865 0.0203319 0.0199135 0.0529592 0.0055815 0.0927256 0.0560622 0.0384687 0.17197 0.00659189 
0.0917562 0.0209411 0.0324211 0.135025 0.0190198 0.0226617 0.0260584 0.00154024 0.0617131 0.0828384 0.223807 0.00829231 0.0370552 0.0661855 0.170685 
0.00824288 0.0161704 0.00166178 0.123994 0.0169296 0.0478887 0.0485266 0.0280644 0.089771 0.141469 0.0203004 0.0781747 0.114297 0.015584 0.248926 
0.0169561 0.040706 0.0512144 0.02621 0.0589623 0.0523956 0.000732494 0.101013 0.0429355 0.279844 0.0192477 0.0358983 0.13168 0.129229 0.0129762 
0.0354959 0.00454707 0.0408306 0.0207814 0.0202734 0.0521646 0.0455906 0.00566784 0.0327392 0.0556642 0.0121117 0.0297781 0.347964 0.0116828 0.284709 
0.0129597 0.0117131 0.000318909 0.1218 0.405482 0.0802761 0.00670124 0.00667691 0.00379332 0.0402035 0.0228657 0.0174495 0.15051 0.0552624 0.0639875 
0.0112719 0.0087741 0.0207937 0.103055 0.179973 0.0273009 0.152149 0.0924752 0.00243351 0.154999 0.0702355 0.00999518 0.0770768 0.00843231 0.0810352 
0.0560046 0.00493863 0.00872037 0.0432421 0.0361586 0.0193788 0.294917 0.0842803 0.121264 0.0120539 0.00725607 0.24057 0.0267556 0.0157869 0.0286728 
0.0891032 0.114207 0.0229565 0.018458 0.0322263 0.121513 0.0215782 0.00578332 0.150133 0.272914 0.0378255 0.0447569 0.0120178 0.000814924 0.0557116 
0.156749 0.038249 0.0244878 0.0231962 0.224143 0.00900182 0.0476849 0.0368867 0.102846 0.00785038 0.00632662 0.0407215 0.011448 0.151947 0.118461 
0.00944546 0.00283572 0.0489448 0.0343136 0.176175 0.0644369 0.0232082 0.0721231 0.0100945 0.151191 0.145583 0.04578 0.0312727 0.162645 0.0219516 
0.00734668 0.0130377 0.00962626 0.188057 0.0506432 0.24718 0.0787974 0.150876 0.033925 0.100751 0.0232778 0.00147226 0.0492386 0.0335233 0.0122475 
0.00333938 0.00792533 0.113787 0.0785995 0.0131685 0.164431 0.0557128 0.150128 0.201691 0.0303371 0.0241928 0.00862711 0.0423674 0.0703477 0.0353456 
0.0230704 0.00584789 0.0117501 0.0184758 0.0402144 0.066375 0.00708082 0.432973 0.0176043 0.016101 0.0796733 0.00325948 0.0818731 0.172788 0.0229134 
0.132478 0.0011265 0.186455 0.0800946 0.00578859 0.0951734 0.00474359 0.0724554 0.0201819 0.0175166 0.158024 0.0240715 0.0836942 0.0947249 0.0234719 
0.112557 0.00714454 0.0164059 0.0554943 0.0468551 0.0363505 0.0344594 0.310148 0.0241247 0.0426148 0.0314581 0.210135 0.0221032 0.00832054 0.0418284 
0.283397 0.053376 0.0650771 0.0341215 0.0103511 0.0297243 0.00470238 0.0776572 0.00800201 0.239984 0.00836353 0.0077332 0.00339781 0.161677 0.0124345 
0.0465695 0.0011636 0.0360996 0.0172575 0.118824 0.17537 0.0107136 0.0156444 0.0600673 0.172556 0.00198337 0.28807 0.0277803 0.0116834 0.0162173 
0.0209244 0.0388096 0.237447 0.0176257 0.0940162 0.00618044 0.0101435 0.0141493 0.012908 0.060343 0.223417 0.14999 0.0131995 0.0699281 0.0309176 
0.00412675 0.350112 0.0326624 0.0412174 0.172275 0.0232951 0.00503974 0.0489429 0.0530328 0.00443924 0.142813 0.0799889 0.00398611 0.0197735 0.0182952 
0.0494582 0.0815863 0.151966 0.0029666 0.11384 0.0235727 0.149723 0.00604978 0.098015 0.00883728 0.0115674 0.0741725 0.184194 0.0198932 0.0241589 
0.137659 0.0326019 0.00176645 0.206973 0.0244748 0.00453778 0.0498255 0.0164261 0.0207798 0.0252516 0.0374005 0.240899 0.0174287 0.0425138 0.141462 
0.0222206 0.0186444 0.0718017 0.00362938 0.0712856 0.0429622 0.0479857 0.16622 0.24335 0.00478681 0.0565721 0.0578995 0.184208 1.89761e-005 0.00841483 
0.00642202 0.0618049 0.00798144 0.0146172 0.0269975 0.0524618 0.102365 0.0272543 0.23035 0.196648 0.00805909 0.00383194 0.0465903 0.0125729 0.202044 
0.0258964 0.12558 0.0801015 0.00842847 0.0139924 0.013726 0.0376684 0.00610409 0.0151642 0.023088 0.478064 0.0113224 0.131093 0.0174779 0.0122928 
0.00694158 0.165769 0.0357646 0.179958 0.00577946 0.00142116 0.144732 0.031647 0.00397266 0.0268249 0.0172903 0.0269506 0.217128 0.0365017 0.0993185 
0.0283299 0.157049 0.00447155 0.263942 0.0321278 0.0843196 0.151281 0.0178714 0.090534 0.00143271 0.0742248 0.0102556 0.00882627 6.27785e-006 0.0753279 
0.00485884 0.071926 0.0377517 0.0874521 0.0137697 0.0777528 0.0124167 0.166853 0.00810353 0.00323257 0.325839 0.0495628 0.0626122 0.0422244 0.0356445 
0.00110915 0.197823 0.189437 0.141055 0.0307795 0.0267426 0.023887 0.00944988 0.0535179 0.0375461 0.182802 0.00787165 0.0640737 0.0309022 0.00300348 
0.0124116 0.366312 0.0136326 0.0880411 0.0124971 0.107028 0.00714479 0.0751935 0.004941 0.0589148 0.0959054 0.0521735 0.0878128 0.0127488 0.00524317 
0.0213803 0.00412379 0.0275032 0.0217186 0.128366 0.335943 0.0170212 0.0162769 0.00313983 0.0810744 0.0868504 0.115554 0.0362621 0.0976175 0.00716915 
0.137252 0.0454811 0.0603581 0.0109082 0.00329102 0.0108066 0.057812 0.167573 0.191005 0.024047 0.158166 0.0204092 0.00936832 0.102894 0.000629768 
0.0255456 0.116949 0.0160397 0.107479 0.00378725 0.0364488 0.0129154 0.027051 0.0779707 0.005328 0.0325484 0.0345868 0.34719 0.0295013 0.126659 
0.00205704 0.00717866 0.0825448 0.143989 0.0076673 0.0513952 0.139036 0.013264 0.113159 0.0953924 0.0824475 0.149624 0.020032 0.0106429 0.0815701 
0.0669985 0.116622 0.000734969 0.00490921 0.143646 0.0237696 0.266296 0.0583684 0.0437142 0.0519537 0.0852482 0.0212277 0.0427083 0.00169134 0.0721124 
0.0166001 0.142958 0.00168176 0.00424228 0.00753863 0.0360465 0.000752238 0.0735618 0.101812 0.0643348 0.110637 0.00860981 0.00178248 0.223847 0.205595 
0.0823494 0.00305439 0.00620286 0.0511042 0.218109 0.0829408 0.0637325 0.178403 0.0629371 0.00928009 0.00156213 0.0274232 0.078827 0.00700538 0.127069 
0.0562316 0.197094 0.01172 0.0157547 0.0569249 0.00715082 0.00662402 0.010664 0.0443545 0.00565583 0.0110995 0.0315747 0.163383 0.0557063 0.326062 
0.133009 0.0480656 0.228441 0.0207198 0.0690816 0.0561606 0.156866 0.0421611 0.0168375 0.0621786 0.0863821 0.00775518 0.052987 0.0132115 0.00614366 
0.0818057 0.0538822 0.0561047 0.254578 0.0214497 0.0168247 0.00654876 0.00248942 0.00122394 0.0928692 0.262831 0.0646409 0.00945061 0.0538845 0.021417 
0.000531595 0.128449 0.134518 0.00851578 0.0487398 0.221058 0.0206283 0.0203713 0.0782458 0.124411 0.0669565 0.00724941 0.0547672 0.0500017 0.0355566 
0.0524418 0.000750671 0.019924 0.0019084 0.0371883 0.115451 0.120662 0.0883294 0.108898 0.0416694 0.0384577 0.210548 0.062341 0.032128 0.0693022 
0.0120902 0.0633646 0.00810323 0.113749 0.0613704 0.00400486 0.00230617 0.0255988 0.00997014 0.0263044 0.391257 0.146922 0.0101979 0.0919174 0.0328432 
0.139145 0.030542 0.052844 0.0204146 0.188161 0.0283653 0.0147797 0.00764195 0.078806 0.000638841 0.0140288 0.0036285 0.17238 0.239695 0.00892976 
0.038886 0.0338145 0.158632 0.0579716 0.00792542 0.0603704 0.170878 0.011164 0.132108 0.20006 0.0529124 0.017453 0.0137645 0.0141909 0.0298688 
0.0186704 0.0647761 0.0344542 0.297091 0.0139489 0.00249118 0.0168369 0.0312271 0.162757 0.049025 0.114987 0.130113 0.00626514 0.0327559 0.0246016 
0.0294276 0.00602408 0.091294 0.144246 0.151549 0.111005 0.0438528 0.0296242 0.1116 0.0165821 0.0260584 0.0101832 0.0905513 0.00162153 0.136381 
0.0444537 0.00277355 0.0159689 0.00656273 0.20938 0.00236012 0.0870778 0.00248724 0.0211958 0.0105823 0.0905707 0.182534 0.306552 0.00975235 0.00774851 
0.0203313 0.172026 0.00684422 0.0126568 0.0570697 0.0152761 0.0430839 0.0138029 0.18091 0.14046 0.187942 0.00191516 0.0682558 0.000284611 0.0791418 
0.00198371 0.229013 0.115924 0.0511476 0.0144398 0.138144 0.0642929 0.0538186 0.0200087 0.00647267 0.00116858 0.0691355 0.117675 0.0715733 0.0452016 
0.0349078 0.0884571 0.0751917 0.0170594 0.0425616 0.0429341 0.00357981 0.0324373 0.35826 0.019827 0.00762832 0.00845446 0.0386646 0.162272 0.0677649 
0.030524 0.0934935 0.0314052 0.00470361 0.0703247 0.191963 0.189258 0.118149 0.0410097 0.0390542 0.0977351 0.0307965 0.00327668 0.0221128 0.0361939 
0.00582887 0.00709595 0.0473684 0.138503 0.0133885 0.102851 0.0869814 0.149528 0.0850307 0.00873874 0.00738784 0.0205325 0.0295914 0.11513 0.182043 
0.0604174 0.328187 0.0484147 0.0211127 0.136119 0.0434947 0.0180266 0.012703 0.0151646 0.128714 0.00103671 0.00811828 0.0481703 0.0086555 0.121666 
0.0743747 0.0417992 0.0129289 0.221315 0.00676645 0.0171996 0.243793 0.0285788 0.0293499 0.0194602 0.0647457 0.0481146 0.122833 0.00327087 0.065469 
0.0809801 0.0136191 0.244024 0.0025071 0.0145327 0.0379485 0.0475167 0.147746 0.0156236 0.00953914 0.00454225 0.177234 0.0392394 0.0438899 0.121058 
0.0723553 0.0323815 0.0314304 0.0253896 0.000821091 0.212407 0.000896722 0.0868575 0.00661227 0.0372926 0.238114 0.0564029 0.109711 0.0826205 0.00670701 
0.00150875 0.0226165 0.043052 0.0387906 0.0119512 0.0269196 0.0277001 0.125483 0.0499663 0.121212 0.0931266 0.207958 0.00286053 0.0192259 0.207629 
0.0259802 0.0865936 0.0684028 0.0154126 0.0243031 0.0271144 0.0148109 0.0172156 0.14369 0.0204533 0.316825 0.0226234 0.0306377 0.139685 0.0462519 
0.109533 0.0908336 0.0473888 0.0127228 0.000612382 0.00498313 0.235038 0.0861561 0.0167917 0.0293469 0.0252978 0.160461 0.0204024 0.127772 0.0326615 
0.0278128 0.0720041 0.0354366 0.0918159 0.259942 0.168301 0.047862 0.0246951 0.0180746 0.0180293 0.00164471 0.0196098 0.00409282 0.0105866 0.200093 
0.00411418 0.0322607 0.0429966 0.0266277 0.2816 0.0482988 0.039663 0.0133592 0.0179343 0.0442321 0.0421509 0.1248 0.102357 0.109934 0.0696723 
0.0487253 0.112933 0.00810834 0.0687809 0.0106386 0.322364 0.00624037 0.000987024 0.0120844 0.112925 0.0976915 0.000149003 0.000637469 0.16852 0.0292153 
0.0208305 0.174403 0.0471914 0.026011 0.0307287 0.0302151 0.0131084 0.0831946 0.00146909 0.190335 0.226158 0.0534904 0.0162148 0.034234 0.0524161 
0.0827508 0.126647 0.139737 0.00192662 1.62253e-005 0.019053 0.0246697 0.0615091 0.0351575 0.00583649 0.0525889 0.118489 0.257282 0.0276474 0.0466901 
0.00585456 0.00300445 0.118295 0.125398 0.019733 0.00641384 0.0618002 0.0284501 0.236668 0.0027934 0.029825 0.0609822 0.177897 0.0237477 0.0991383 
0.229657 0.0114513 0.106109 0.145623 0.0211166 0.0733778 0.0223207 0.0103352 0.034213 0.0578906 0.00641951 0.183062 0.0392674 0.0294257 0.0297314 
0.0272821 0.1148 0.226872 0.00134811 0.117715 0.00334276 0.120106 0.0226501 4.57498e-005 0.0368526 0.0679408 0.028428 0.00463057 0.0455022 0.182484 
0.0158931 0.222456 0.114371 0.186279 0.00567921 0.00294616 0.0663897 0.0979857 0.0195931 0.0872862 0.00422449 0.0494169 0.0651031 0.00857145 0.0538042 
0.364561 0.0231895 0.0294395 0.100358 0.0397477 0.0140915 0.0164222 0.0596316 0.000911756 0.0406859 0.0442618 0.00491277 0.175855 0.00456158 0.0813709 
0.00431541 0.0178043 0.115566 0.0313484 0.0714865 0.0534396 0.0269744 0.00629189 0.0356604 0.0170854 0.0688651 0.16538 0.0745354 0.0580216 0.253225 
0.100475 0.0122619 0.0879481 0.00419581 0.0688207 0.119297 0.0643345 0.144035 0.0619344 0.0796014 0.0204969 0.018056 0.0432879 0.0759 0.0993549 
0.0730221 0.10023 0.0240924 0.0409352 0.0424088 0.0364286 0.134049 0.0243083 0.0289377 0.116778 0.0192822 0.0214362 0.286171 0.0323852 0.019535 
0.0142399 0.0143063 0.145634 0.074026 0.139102 0.160029 0.0456084 0.00513818 0.0693005 0.036463 0.0678637 0.167283 0.00899258 0.0462092 0.00580378 
0.102049 0.0697701 0.0720611 0.0244654 0.000864274 0.0178715 0.12108 0.0297363 0.00450005 0.00188061 0.173302 0.0598297 0.0585223 0.0277491 0.236319 
0.00257233 0.038978 0.0123156 0.445189 0.00103228 0.00175088 0.13885 0.00255627 0.0557751 0.00615052 0.154323 0.00463579 0.017428 0.0536845 0.064759 
0.0352297 0.0402994 0.00120919 0.144357 0.0318054 0.121789 0.190076 0.0771346 0.00552561 0.0152837 0.0277778 0.0700822 0.0620121 0.174269 0.00314917 
0.0090291 0.0387872 0.33578 0.0335062 0.0212125 0.0174221 0.00129773 0.0210963 0.0945462 0.0876333 0.00190549 0.0234636 0.124575 0.148681 0.0410641 
0.0914242 0.103151 0.157037 0.167814 0.0142809 0.0140978 0.00683727 0.00049472 0.0235476 0.11129 0.030439 0.108805 0.00742683 0.103336 0.0600194 
0.0834495 0.0264482 0.0703011 0.0214127 0.280917 0.230786 0.000483641 0.0535454 0.0217833 0.0962669 0.0554641 0.00900005 0.00650833 0.0214858 0.0221475 
0.14684 0.038928 0.00165244 0.00451239 0.0789704 0.00553192 0.0862875 0.00254138 0.1734 0.165147 0.0288956 0.130655 0.105958 0.0181295 0.0125508 
0.113235 0.0317776 0.0275077 0.0725881 0.142676 0.0169038 0.00285665 0.0418368 0.0229488 0.110079 0.0280859 0.159187 0.00847622 0.122327 0.0995146 
0.0675283 0.0227275 0.00507427 0.0216864 0.113613 0.0319616 0.188387 0.019803 0.034819 0.283625 0.0786834 0.0134497 0.0423582 0.0541806 0.0221032 
0.0420634 0.218157 0.12021 0.0465216 0.0236502 0.00136148 0.0418608 0.00588366 0.122278 0.0279325 0.0137822 0.257056 0.0087918 0.0458819 0.0245701 
0.0439609 0.0486586 0.0984371 0.0345441 0.0459294 0.149643 0.0144478 0.0533659 0.0063171 0.150082 0.00491051 0.0974302 0.201766 0.0391809 0.0113262 
0.0424181 0.266467 0.117106 0.0100497 0.0298296 0.0269604 0.032867 0.18911 0.0172706 0.0108298 0.0179672 0.127367 0.0328053 0.0632863 0.0156653 
0.00788578 0.0947801 0.105109 0.0808367 0.00788069 0.0183072 0.0001643 0.0519524 0.0199037 0.354289 0.0158066 0.0589821 0.00233915 0.0522418 0.129521 
0.00932435 0.0499947 0.301153 0.0107131 0.128462 0.00937845 0.00820181 0.114872 0.0889324 0.00304611 0.0264193 0.061682 0.14628 0.0388161 0.00272436 
0.00756974 0.00587233 0.0737257 0.142802 0.112506 0.000776862 0.0173614 0.207251 0.00158088 0.0890907 0.0432921 0.261134 0.0260457 0.00892133 0.00207117 
0.0665891 0.00930207 0.0108157 0.17483 0.0335769 0.00442359 0.0231496 0.0224384 0.0328861 0.0491523 0.0629454 0.191379 0.100132 0.184513 0.0338671 
0.0380139 0.0901938 0.0292902 0.030943 0.00914002 0.0375138 0.03852 0.0203962 0.219993 0.0238271 0.0027101 0.0229093 0.0583816 0.312335 0.0658328 
0.0749952 0.113707 0.115113 0.0134976 0.24311 0.0662124 0.134836 0.0207749 0.042485 0.0086216 0.0650616 0.050602 0.0087642 0.019657 0.0225632 
0.0855119 0.138081 0.0274016 0.0101671 0.0288895 0.137643 0.0535903 0.00505466 0.0256656 0.144517 0.0806672 0.00705741 0.0404669 0.0390566 0.17623 
0.259461 0.00481155 0.00921852 0.00553968 0.0159318 0.0274933 0.176047 0.00908184 0.022179 0.0260654 0.0716535 0.00602619 0.0287852 0.168374 0.169331 
0.0123136 0.0145005 0.043916 0.030519 0.0206697 0.133289 0.0117285 0.030222 0.199494 0.108976 0.139511 0.016015 0.0502106 0.0066494 0.181986 
0.0248159 0.00264951 0.0231346 0.165704 0.0994515 0.00642606 0.142104 0.0923965 0.0126614 0.103092 0.252553 0.0136494 0.051644 0.00364359 0.00607481 
0.0223962 0.0206235 0.00530947 0.0177172 0.000601024 0.0963091 0.232621 0.175757 0.0853478 0.182694 0.0107866 0.0475373 0.0562746 0.039118 0.00690769 
0.0132706 0.147649 0.0369023 0.184334 0.197821 0.00159923 0.153382 0.0161996 0.0616143 0.0094702 0.0997523 0.0567433 0.0100261 0.00247088 0.00876465 
0.224249 0.0356578 0.029439 0.046875 0.0669968 0.06219 0.0210707 0.00657452 0.190272 0.00420035 0.00455804 0.00812422 0.161676 0.0308805 0.107236 
0.00978291 0.00341493 0.0402434 0.0383585 0.128291 0.0153606 0.0161213 0.0314995 0.0546514 0.167703 0.022593 0.0485457 0.232302 0.0838276 0.107305 
0.0363579 0.0268648 0.168392 0.0141226 0.0257297 0.0343768 0.112686 0.084867 0.0183876 0.179614 0.190649 0.04304 0.0220713 0.0159693 0.0268726 
0.00550842 0.208326 0.0873674 0.0193229 0.0223169 0.0789054 0.138807 0.0140605 0.122912 0.0406375 0.0880827 0.00253201 0.0309748 0.0978805 0.0423662 
0.0308274 0.133742 0.336002 0.057397 0.0171155 0.0404347 0.0165306 0.0906012 0.0483611 0.0373606 0.079494 0.00366636 0.0384591 0.0199466 0.0500619 
0.0263162 0.140162 0.049556 0.127856 0.00256522 0.0630305 0.06891 0.100084 0.167926 0.0709893 0.0394004 0.10428 0.00251925 0.0304086 0.00599798 
0.154495 0.172574 0.107666 0.000365173 0.0429782 0.0176353 0.105126 0.0240787 0.0483906 0.0337295 0.0470329 0.0203644 0.082563 0.0203179 0.122682 
0.0471471 0.0164189 0.0149156 0.0144013 0.000918854 0.0664136 0.00219823 0.130603 0.00541482 0.132678 0.00182207 0.084244 0.0610548 0.0254819 0.396287 
0.160111 0.0415486 0.0480324 0.077839 0.0018094 0.0232189 0.0344243 0.0579119 0.19563 0.00361271 0.112398 0.179757 0.0221628 0.0115942 0.0299498 
0.164638 0.068452 0.0484584 0.00918062 0.00992297 0.0489999 0.0427979 0.00816982 0.0582079 0.0232655 0.121344 0.176845 0.0207044 0.197571 0.00144285 
0.0258462 0.0994611 0.0113655 0.0359607 0.15069 0.0252753 0.0398389 0.126052 0.0216306 0.0954408 0.0357981 0.0475939 0.0301863 0.0461087 0.208753 
0.233306 0.0364815 0.0154559 0.10802 0.0604801 0.0323037 0.109442 0.0121746 0.025279 0.120921 0.00247274 0.00956918 0.0165944 0.201387 0.0161131 
0.021728 0.136125 0.0546904 0.0291472 0.0923068 0.00906877 0.0809455 0.104049 0.0422378 0.218896 0.0163572 0.134085 0.0375435 0.0197298 0.00309021 
0.0620414 0.0543742 0.0894649 0.0176833 0.0243042 0.0715103 0.0773547 0.000800353 0.135409 0.0117294 0.0469481 0.014203 0.118982 0.139501 0.135694 
0.0508526 0.0430736 0.162429 0.00809382 0.0434979 0.0125107 0.298615 0.00556663 0.0664927 0.0078708 0.132408 0.0139937 0.0211365 0.00666183 0.126797 
0.379651 0.00161154 0.124131 0.0446633 0.0243649 0.00334641 0.0930199 0.0236629 0.0367613 0.0122319 0.0274523 0.078496 0.00786768 0.0189963 0.123744 
0.0272651 0.0457279 0.00500641 0.0664111 0.0318356 0.0280955 0.0434532 0.0338812 0.0051703 0.0996271 0.327482 0.0135253 0.159909 0.0232071 0.0894031 
0.0167186 0.0343815 0.00210112 0.177609 0.0481262 0.0319655 0.0200171 0.000327054 0.0627666 0.0673343 0.2126 0.00291517 0.0284941 0.223364 0.0712791 
0.0902744 0.13572 0.0255523 0.0353747 0.103548 0.0149749 0.0184825 0.0611178 0.00930007 0.00654705 0.158359 0.0844073 0.105975 0.0898066 0.0605603 
0.00276955 0.0528404 0.00596782 0.00491104 0.0323559 0.166146 0.0618349 0.0272795 0.0451209 0.184481 0.149215 0.0653487 0.0900927 0.104371 0.0072657 
0.041421 0.0497369 0.173857 0.0288311 0.00325007 0.0592154 0.193007 0.0461527 0.0207372 0.00883449 0.00362205 0.269569 0.0559057 0.00505616 0.0408047 
0.0347757 0.0213758 0.0682865 0.174853 0.00608946 0.00404859 0.086437 0.122534 0.0690872 0.00618475 0.0119166 0.069557 0.255624 0.0267633 0.042467 
0.0612248 0.00950497 0.0189052 0.0846224 0.0126527 0.131244 0.00487172 0.133496 0.0146185 0.011018 0.102105 0.0222445 0.367839 0.0081853 0.0174672 
0.0427535 0.0306274 0.0129667 0.0836887 0.0531246 0.116748 0.00376676 0.132634 0.12782 0.17485 0.0074757 0.00945879 0.0138823 0.183816 0.00638768 
0.00224068 0.0652246 0.0433834 0.0716088 0.0199859 0.0288933 0.0526945 0.00143198 0.0768477 0.399635 0.17449 0.0370696 4.75124e-005 0.00809065 0.0183566 
0.185815 0.00922962 0.0168683 0.0267712 0.154253 0.00474951 0.247251 0.0133257 0.0918814 0.00332284 0.0510776 0.0264559 0.140931 0.00964359 0.0184241 
0.176838 0.0318114 0.0604946 0.0285206 0.00937547 0.000211997 0.016127 0.162742 0.0250697 0.0276283 0.239468 0.0053054 0.0684279 0.00753462 0.140445 
0.0837457 0.110511 0.0644174 0.00492869 0.0274351 0.132475 0.0088637 0.0327036 0.00144359 0.00917479 0.0453711 0.212712 0.154772 0.106274 0.00517298 
0.220797 0.0165155 0.0644595 0.125049 0.0063074 3.67512e-005 0.280414 0.0375351 0.0200646 0.0325405 0.0481473 0.0167149 0.0475696 0.0788813 0.00496807 
0.0259634 0.062116 0.183397 0.190121 0.0492589 0.00663021 0.111668 0.101033 0.0219804 0.0471567 0.122175 0.00439065 0.00901197 0.0246127 0.0404859 
0.118917 0.221004 0.0356879 0.0160381 0.0542091 0.0433881 0.00258308 0.00296116 0.00694977 0.00436931 0.171562 0.00929995 0.0117099 0.254089 0.047232 
0.00141169 0.0187514 0.00250493 0.0427482 0.183589 0.106568 0.0141042 0.00396868 0.445301 0.0307654 0.0320397 0.0124079 0.00536167 0.0012811 0.0991975 
0.150209 0.0690293 0.0128903 0.0737632 0.0192578 0.107413 0.100591 0.00988159 0.0288254 0.0344902 0.128099 0.01241 0.173257 0.00739581 0.0724869 
0.00837557 0.183815 0.0462879 0.0495939 0.0711797 0.116993 0.00460769 0.0506523 0.150251 0.0157715 0.0292518 0.0577841 0.0656217 0.00438209 0.145433 
0.0660372 0.0318175 0.00175401 0.0437373 0.0241916 0.0857881 0.00940317 0.108014 0.0112304 0.0670645 0.0487963 0.0791528 0.163655 0.207983 0.0513744 
0.202742 0.0781056 0.0119452 0.0185557 0.00503466 0.187753 0.0168205 0.15386 0.016752 0.00507338 0.143861 0.013789 0.0554259 0.015205 0.0750771 
0.124178 0.0487781 0.130779 0.0301745 0.00262724 0.20315 0.0262283 0.00830064 0.14097 0.0066917 0.157186 0.0438722 0.0500086 0.00264909 0.0244055 
0.279044 0.0680187 0.169338 0.0273502 0.119426 0.0220469 0.0245499 0.0994219 0.0144742 0.0618036 0.0105488 0.0137966 0.0633403 0.00673919 0.0201012 
0.142836 0.0170122 0.0423296 0.110151 0.0177622 0.0398791 0.0168135 0.0159621 0.275929 0.166764 0.0107777 0.0207793 0.0148642 0.0708405 0.0372992 
0.0245523 0.0148001 0.0412266 0.0265367 0.0353186 0.207698 0.00784438 0.0203009 0.0165648 0.0711767 0.0351207 0.00263289 0.21337 0.11689 0.165966 
0.0260473 0.169148 0.00107535 0.128667 0.0687245 0.00418397 0.00492455 0.0546078 0.0230828 0.0180735 0.0172628 0.189447 0.00195927 0.27823 0.0145667 
0.06984 0.050698 0.00618868 0.0874171 0.0356124 0.0216233 0.368218 0.000625369 0.015429 0.0337284 0.0252135 0.125135 0.102651 0.00188704 0.0557326 
0.0505716 0.021762 0.0739718 0.025704 0.150383 0.107252 0.309462 0.063803 0.000409995 0.0152157 0.00855999 0.0529096 0.0365217 0.0810184 0.00245552 
0.0760525 0.148749 0.111102 0.107418 0.0113223 0.147842 0.00251027 0.0245011 0.018579 0.013276 0.126476 0.0516665 0.0364636 0.0126212 0.11142 
0.188275 0.0210988 0.000203435 0.130055 0.126279 0.00127311 0.0212364 0.0320007 0.0531694 0.00727251 0.0462546 0.105248 0.0627729 0.0268879 0.177973 
0.107102 0.154509 0.0520546 0.0196144 0.0205746 0.24377 0.0254498 0.066054 0.188338 0.0537055 0.00657465 0.0350703 0.000499534 0.00541882 0.0212639 
0.0451884 0.0172865 0.230077 0.0320762 0.290805 0.0116542 0.00444216 0.00255736 0.0738177 0.00413155 0.0150095 0.0298397 0.128717 0.0251388 0.0892586 
0.208433 0.122722 0.0168623 0.133809 0.0117151 0.0059614 0.0290865 0.0211596 0.0459443 0.0699314 0.000551692 0.00425462 0.141325 0.121026 0.0672191 
0.0212228 0.03023 0.0672835 0.00405084 0.149397 0.00472354 0.0737151 0.0119844 0.0346717 0.00332123 0.261982 0.0382398 0.227074 0.0053056 0.0667977 
0.0350402 0.0265896 0.0107308 0.158628 0.0359459 0.002233 0.0194301 0.179619 0.143333 0.0908155 0.22657 0.0133412 0.025117 0.000421168 0.0321854 
0.0292348 0.00153916 0.0953964 0.00291455 0.0188203 0.133133 0.228264 0.0587719 0.124276 0.0609712 0.0355859 0.0603603 0.0799926 0.0013028 0.0694372 
0.180848 0.0704324 0.0854512 0.0305061 0.192787 0.0152648 0.0141035 0.009846 0.0811232 0.00296867 0.0352282 0.171108 0.0815443 0.00573622 0.0230528 
0.00674633 0.0178874 0.0112 0.0230196 0.0268215 0.0014055 0.0112683 0.168319 0.0350713 0.0642992 0.00358309 0.339336 0.0529772 0.124013 0.114054 
0.0174334 0.109132 0.00572783 0.0721983 0.024426 0.0357143 0.0948203 0.0498845 0.00121214 0.0155009 0.0725522 0.228961 0.0272815 0.154795 0.0903602 
0.087012 0.0200965 0.0535495 0.00146892 0.00355112 0.000720931 0.141321 0.200275 0.0551642 0.137764 0.0119712 0.192525 0.0237344 0.0257583 0.0450874 
0.0837086 0.00713126 0.150543 0.0262099 0.0857423 0.00519975 0.207043 0.12608 0.0194029 0.0271478 0.0039328 0.000523944 0.163811 0.00555688 0.0879671 
0.0515125 0.0728035 0.00407361 0.149566 0.0274101 0.0176169 0.0905465 0.122004 0.0153015 0.00227627 0.0235558 0.141816 0.0806219 0.0139456 0.186951 
0.031438 0.0295895 0.16787 0.000769085 0.0739658 0.095219 0.0212253 0.0638021 0.13283 0.0508833 0.00278407 0.00279802 0.239282 0.0219225 0.0656217 
0.088386 0.0213287 0.0792706 0.0247701 0.00118076 0.0160777 0.00420489 0.0986278 0.138876 0.00959675 0.00998067 0.150677 0.218633 0.124793 0.0135968 
0.00754347 0.0344104 0.228397 0.150858 0.0605173 0.00742238 0.0211006 0.0135307 0.00852808 0.0353887 0.0744404 0.0164399 0.0686939 0.0434321 0.229297 
0.0396878 0.10501 0.132999 0.180948 0.00562918 0.0670653 0.00697769 0.0574823 0.0969063 0.00550478 0.0041528 0.131765 0.00656431 0.0138464 0.14546 
0.0224761 0.00472791 0.0199432 2.16582e-005 0.154295 0.0755285 0.0141843 0.0159088 0.0232835 0.411068 0.0234424 0.00837369 0.0972661 0.0176202 0.111861 
0.182952 0.0270454 0.127757 0.0921018 0.0199707 0.0112072 0.00727981 0.104704 0.0250026 0.0471912 0.00531439 0.120504 0.0558868 0.170934 0.00214912 
0.0290075 0.0163185 0.0278387 0.0383271 0.150688 0.0521609 0.0902705 0.0228818 0.145807 0.0250375 0.27183 0.0573617 0.0198401 0.0429951 0.00963586 
0.0132282 0.0246486 0.0200776 0.0348276 0.00270473 0.116106 0.165204 0.0366287 0.0476859 0.0458745 0.0382287 0.374915 0.0131933 0.039956 0.0267207 
0.057686 0.0283681 0.00291295 0.0417251 0.120324 0.0116338 0.115753 0.0441707 0.195996 0.0135625 0.0180638 0.0809705 0.0924964 0.0510056 0.125332 
0.213079 0.0104184 0.0775842 0.000975737 0.0314697 0.146329 0.061321 0.011726 0.0201221 0.140169 0.0949473 0.0849024 0.000424209 0.00817632 0.0983555 
0.0233936 0.163248 0.0473666 0.0520335 0.0146216 0.0775427 0.102889 0.181557 0.0277407 0.104559 0.0749444 0.0251417 0.0854902 0.0181661 0.00130627 
0.0445398 0.0298139 0.0449745 0.0609913 0.110534 0.167881 0.155493 0.00619168 0.00851362 0.0399923 0.00641224 0.0921996 0.196263 0.00403329 0.0321668 
0.0170007 0.00855513 0.270843 0.0511091 0.0235027 0.191308 0.00868097 0.0257602 0.150879 0.0153351 0.000311711 0.0201657 0.0184234 0.169315 0.0288107 
0.00466884 0.0157946 0.0378859 0.0153191 0.10892 0.00871039 0.122812 0.0345954 0.166267 0.0297647 0.0666791 0.0162455 0.0379068 0.033694 0.300738 
0.0419387 0.0209124 0.0849834 0.0671786 0.0760901 0.0226836 0.00373743 0.0164592 0.101177 0.0135611 0.132424 0.314986 0.00483422 0.0669889 0.0320461 
0.012861 0.159865 0.200289 0.0447217 0.0294517 0.00796299 0.0571283 0.0435494 0.0354333 0.168885 0.087082 0.0340271 0.0170982 0.100486 0.00116046 
0.00607331 0.0981674 0.0441706 0.133718 0.079322 0.00567875 0.00546949 0.128485 0.190395 0.0297239 0.00249006 0.0526421 0.144508 0.0729096 0.00624676 
0.0227486 0.00343554 0.120042 0.045554 0.0641692 0.146133 0.0769989 0.00758529 0.0421029 0.180482 0.0242432 0.0605671 0.00237339 0.140612 0.0629524 
0.0257292 0.107954 0.0385356 0.132016 0.04553 0.148244 0.255162 0.0404776 0.0799149 0.0152491 0.00839804 0.00864081 0.0864137 0.00421499 0.00352012 
0.0546079 0.293822 0.0183149 0.00971692 0.021798 0.0198936 0.0111647 0.120728 0.103537 0.02491 0.0364174 0.0186922 0.139078 0.114937 0.0123818 
0.125868 0.00499206 0.152702 0.0566271 0.206204 0.0397653 0.00301128 0.0219611 0.0932734 0.00423324 0.0155724 0.0850955 0.0206928 0.00919431 0.160808 
0.00948588 0.256701 0.0547423 0.02673 0.0183375 0.000689832 0.311758 0.0861351 0.01882 0.0189672 0.0279353 0.0711379 0.00016029 0.00671577 0.0916838 
0.262495 0.0814106 0.028127 0.0377892 0.0109357 0.107622 0.00319428 0.149099 0.051846 0.0918406 0.0143704 0.0454499 0.0110632 0.0924566 0.0123002 
0.000639557 0.00749681 0.189596 0.00693513 0.0317845 0.0525175 0.00905146 0.00687594 0.0488917 0.00766497 0.142477 0.00339927 0.0150722 0.178343 0.299255 
0.171951 0.00105368 0.313945 0.0041307 0.0953559 0.0138934 0.0416895 0.00919858 0.0411588 0.0563076 0.0237806 0.0794058 0.0674136 0.0117912 0.0689246 
0.0551783 0.00640126 0.034387 0.0595761 0.121763 0.156001 0.0104155 0.00683617 0.281058 0.0128417 0.0522851 0.0511108 0.0642934 0.0734666 0.0143858 
0.00112123 0.00907823 0.212815 0.0643417 0.0196345 0.00466004 0.116749 0.0896572 0.13199 0.0483577 0.00211445 0.0696888 0.0570018 0.0693322 0.103458 
0.0338759 0.0101466 0.00823257 0.0635423 0.129554 0.147256 0.000807275 0.00520883 0.0650617 0.0802328 0.247893 0.0121256 0.00229264 0.0831114 0.110659 
0.016128 0.0393901 0.0958009 0.129259 0.0993493 0.00351789 0.00733047 0.0176933 0.0208556 0.0165821 0.0099499 0.0153154 0.301832 0.135422 0.091574 
0.00928402 0.0206217 0.12097 0.23384 0.000581862 0.0377552 0.0457435 0.0222916 0.215251 0.147622 0.0796985 0.00592584 0.0292899 0.0306916 0.000433153 
0.0426485 0.139821 0.0176064 0.134077 0.00204214 0.119498 0.00289388 0.00742038 0.0314294 0.0454677 0.122508 0.10651 0.186907 0.0333715 0.00779824 
0.0180645 0.00782209 0.064516 0.0863997 0.202131 0.12912 0.0123404 0.0874357 0.121019 0.0330664 0.0503713 0.0404926 0.00603077 0.140543 0.000647123 
0.00400123 0.00720646 0.105587 0.102645 0.0942659 0.00469541 0.028306 0.204018 0.0413138 0.103568 0.036391 0.0655488 0.00642005 0.0836248 0.112409 
0.0254124 0.0173495 0.0189756 0.0148962 0.119556 0.0694785 0.13575 0.00187745 0.0281776 0.177414 0.295421 0.0223215 0.0488615 0.0228563 0.00165229 
0.0189753 0.0275793 0.106833 0.0817863 0.0350668 0.0548856 0.00483668 0.272784 0.00887291 0.0263019 0.00569223 0.0569298 0.235521 0.0203898 0.0435448 
0.00809719 0.0902723 0.200871 0.0299572 0.139906 0.100557 0.0155182 0.0946754 0.100867 0.014763 0.106042 0.0332494 0.00262088 0.0374945 0.0251094 
0.0241422 0.199374 0.0106019 0.0147924 0.016674 0.0107165 0.00403562 0.0534837 0.173519 0.0569206 0.179412 0.0495774 0.0392635 0.159378 0.00810917 
0.140665 0.0591158 0.0474888 0.157629 0.154867 0.0818369 0.00623977 0.0152682 0.012655 0.188728 0.0169686 0.0213536 0.0334997 0.0561968 0.0074883 
0.0909703 0.0224387 0.115467 0.026162 0.0253446 0.0151946 0.165567 0.160428 0.0316047 0.0341631 0.0178695 0.00563431 0.0205494 0.0167655 0.251841 
0.0412561 0.0169151 0.0346501 0.354984 0.00461987 0.16403 0.121426 0.00743414 0.0187152 0.025843 0.0273813 0.0121564 0.105948 0.0219291 0.0427108 
0.00698069 0.0088547 0.107495 0.112184 0.058111 0.0540365 0.0898107 0.0403073 0.0194237 0.00866511 0.159531 0.0772309 0.0863427 0.0687952 0.102231 
0.0825315 0.00592297 0.0221471 0.260104 0.130735 0.0858798 0.0248924 0.106149 0.000918876 0.0687886 0.0477985 0.0480518 0.02361 0.0191029 0.0733679 
0.00692855 0.00601295 0.154105 0.0270919 0.0856503 0.00626185 0.0823972 0.0301462 0.0136575 0.0532891 0.173704 0.0581112 0.0594436 0.226116 0.0170848 
0.301487 0.0326775 0.0854448 0.0301667 0.108947 0.163044 0.00560528 0.0184537 0.0274486 0.00646904 0.118391 0.0148841 0.00863777 0.0473261 0.0310176 
0.120795 0.0503022 0.00326452 0.126143 0.063337 0.0494487 0.0244148 0.257501 0.0239183 0.00351843 0.204544 0.022577 0.0153804 0.019418 0.0154385 
0.197327 0.0148018 0.00717106 0.00874828 0.162605 0.18554 0.0433361 0.100185 0.00713907 0.140102 0.0528385 0.0179607 0.0415313 0.0193357 0.00137927 
0.0163932 0.184428 0.0866204 0.0340119 0.326414 0.0104052 0.0109438 0.0120098 0.0246169 0.0484548 0.117301 0.0897624 0.00692322 0.00466485 0.0270509 
0.00611198 0.167874 0.0333605 0.0618078 0.039556 0.0114809 0.00133333 0.233431 0.0913236 0.0510024 0.0594208 0.00998027 0.00436696 0.212752 0.0161983 
0.0997712 0.117031 0.0530139 0.0674933 0.137225 0.0129928 0.032144 0.264071 0.00194445 0.0140619 0.0583113 0.00155062 0.112341 0.00367203 0.0243766 
0.0194348 0.00250841 0.0966913 0.000421659 0.119447 0.0362441 0.0960532 0.263087 0.0882172 0.0178219 0.0135049 0.122549 0.0703296 0.0401827 0.0135076 
0.0199281 0.0720835 0.129036 0.000183151 0.0141542 0.134455 0.000930341 0.183799 0.0294978 0.043589 0.015396 0.0190326 0.053233 0.270472 0.0142104 
0.0250804 0.0264109 0.00728898 0.234527 0.0973675 0.151216 0.0150436 0.00509353 0.0044742 0.00899985 0.0632302 0.0431794 0.0535295 0.197824 0.066735 
0.236396 0.0172832 0.0449437 0.0214795 0.0027757 0.0102196 0.148606 0.0810561 0.0160869 0.22353 0.0203194 0.00264461 0.0840573 0.0564217 0.0341792 
0.0391456 0.0269256 0.0411376 0.00726145 0.0284885 0.0222438 0.0351372 0.024411 0.181863 0.00316872 0.0516569 0.0966611 0.168868 0.0174968 0.255535 
0.177288 0.109886 0.0652073 0.0191141 0.00906707 0.0766809 0.0220396 0.12622 0.178311 0.00202281 0.0434829 0.0270503 0.104143 0.0333109 0.00617648 
0.0215381 0.00796029 0.0425938 0.0236703 0.189714 0.0179427 0.0325505 0.00158442 0.0247729 0.110114 0.0444177 0.234734 0.0796398 0.0179316 0.150837 
0.052706 0.0192504 0.00523119 0.028816 0.0342549 0.0161703 0.102714 0.0282939 0.00680092 0.0299212 0.134954 0.0389987 0.316405 0.0294146 0.156069 
0.0238484 0.0211281 0.107059 0.0410217 0.125203 0.0232685 0.0781585 0.093088 0.0043242 0.0981482 0.029101 0.00838604 0.154098 0.174317 0.0188499 
0.0931002 0.109274 0.0354983 0.0342622 0.0294921 0.00513402 0.0531284 0.0501235 0.016964 0.187647 0.0603871 0.100087 0.0068611 0.196437 0.0216043 
0.00230199 0.0402156 0.00055364 0.197702 0.0555254 0.0361332 0.0109799 0.00380979 0.112696 0.0877873 0.11121 0.0281765 0.151046 0.0476821 0.114181 
0.0200829 0.112924 0.00926137 0.00426991 0.00684936 0.0555774 0.0318793 0.132637 0.0571342 0.114741 0.0351329 0.262844 0.109255 0.0319673 0.0154443 
0.00659049 0.283899 0.0516484 0.119347 0.019773 0.0648272 0.0628943 0.00458508 0.036763 0.120376 0.00146134 0.00415745 0.173371 0.0166725 0.0336342 
0.000447729 0.00480729 0.0318459 0.219695 0.140876 0.00260449 0.100309 0.0165158 0.306 0.0208452 0.0899226 0.0106682 0.0315164 0.0191634 0.00478336 
0.00732048 0.00539688 0.162086 0.0991578 0.0193373 0.0417492 0.00708107 0.154482 0.00857177 0.0194967 0.168221 0.177639 0.0164203 0.0495591 0.063482 
0.0679729 0.00692633 0.0817993 0.0344063 0.039106 0.0229462 0.00825541 0.0501275 0.00853104 0.0408226 0.0337817 0.0224274 0.147314 0.241495 0.194089 
0.0949481 0.00642193 0.0583063 0.0104777 0.0215221 0.0104736 0.0469246 0.0217446 0.0288706 0.0268002 0.0842973 0.311904 0.195947 0.0306397 0.0507227 
0.0348134 0.15468 0.254264 0.0134631 0.0106383 0.00616626 0.179954 0.0115237 0.0306239 0.0723802 0.0377545 0.10424 0.0186919 0.03502 0.035787 
0.000268325 0.0226952 0.10662 0.0877393 0.0348764 0.192566 0.0243614 0.0999812 0.0299295 0.017765 0.00187381 0.135447 0.062579 0.142285 0.0410129 
0.214162 0.0169565 0.0152018 0.0236916 0.0230124 0.0155981 0.108822 0.178104 0.00168583 0.00148094 0.0564047 0.199169 0.0326947 0.0369654 0.0760499 
0.019681 0.0212019 0.0731599 0.0134379 0.0429117 0.0202693 0.0969683 0.0172194 0.372044 0.015749 0.125492 0.089208 0.0471314 0.0116283 0.0338985 
0.148167 0.040729 0.0710677 0.0136691 0.0590079 0.00539252 0.140519 0.0184223 0.0477396 0.0108807 0.180028 0.0213173 0.00964011 0.131901 0.101518 
0.0218865 0.0519963 0.059714 0.0193916 0.0487555 0.0490782 0.0182908 0.00130341 0.00299966 0.230692 0.0390321 0.0483193 0.351858 0.0506035 0.00607922 
0.0835974 0.0652875 0.134507 0.141422 0.192679 0.0244327 0.019866 0.00419968 0.0591921 0.0279082 0.0621417 0.000478554 0.157424 0.00399161 0.0228729 
0.0449283 0.21032 0.216409 0.0545016 0.0830507 0.0951839 0.00133577 0.0479712 0.0157266 0.080989 0.00380438 0.0276629 0.0108807 0.0173633 0.0898727 
0.0382903 0.00306 0.00743941 0.00465954 0.0754182 0.122308 0.0720004 0.249107 0.236106 0.0310157 0.0251313 0.00666284 0.0244869 0.0195677 0.0847471 
0.0442819 0.0100512 0.0209017 0.0814738 0.0933015 0.154855 0.031498 0.0141698 0.196097 0.00686363 0.094542 0.207265 0.0303829 0.00687558 0.00744108 
0.00609909 0.0150648 0.0615711 0.0203211 0.0137266 0.0483611 0.0183939 0.0865072 0.00066048 0.0226467 0.0777327 0.178263 0.00156121 0.362754 0.0863378 
0.0466137 0.124661 0.0263172 0.0136578 0.0159792 0.0306673 0.0373495 0.0160678 0.209776 0.0569354 0.126087 0.142157 0.00759896 0.00222852 0.143904 
0.0449499 0.0274028 0.0604319 0.0536663 0.167594 0.0935601 0.00582045 0.00155534 0.00312534 0.109379 0.0435757 0.0534563 0.0267748 0.00897826 0.29973 
0.039829 0.0129726 0.0452516 0.0264547 0.222332 0.0296889 0.0294981 0.165439 0.0569925 0.193291 0.0463214 0.0542552 0.0371707 0.00568742 0.0348164 
0.161507 0.0313597 0.015596 0.0167445 0.0400808 0.268801 0.184099 0.076149 0.0805919 0.0496484 0.0150852 0.0276898 0.0205896 0.00937442 0.00268401 
0.0815175 0.00704492 0.0235334 0.165073 0.0285401 0.00439768 0.00270293 0.0211354 0.013763 0.0184651 0.0188198 0.00553345 0.173689 0.0945289 0.341256 
0.00430282 0.00807235 0.0151762 0.0177137 0.0703294 0.175027 0.133329 0.265447 0.0650313 0.00798899 0.0550722 0.026058 0.127995 0.0205861 0.00787067 
0.00720269 0.0742712 0.0114503 0.0260884 0.0245374 0.0159608 0.147768 0.017223 0.0692827 0.160476 0.0022739 0.160091 0.104209 0.11695 0.0622152 
0.000208616 0.000546547 0.1439 0.0747409 0.0214735 0.0895607 0.0140053 0.0136634 0.0414584 0.150766 0.00500115 0.233513 0.0484966 0.126622 0.0360441 
0.0667059 0.0335007 0.0257381 0.0104939 0.101229 0.00959606 0.00128574 0.0363021 0.0213696 0.102031 0.24113 0.00379049 0.136598 0.206322 0.00390675 
0.10597 0.0115278 0.0136335 0.0840092 0.102309 0.132758 0.0294847 0.0289057 0.161584 0.00250593 0.000896971 0.0587739 0.213064 0.0499975 0.00457996 
0.053846 0.0078984 0.0256101 0.146579 0.00357907 0.136781 0.132753 0.0687549 0.161622 0.00249324 0.121226 0.0172266 0.0213868 0.0281769 0.0720671 
0.0990746 0.00869232 0.111799 0.0436738 0.00932388 0.00435286 0.0669327 0.00853568 0.0122488 0.202219 0.0175623 0.0383229 0.149625 0.176817 0.05082 
0.0136398 0.135889 0.0611003 0.0578496 0.00864465 0.0236884 0.27982 0.0490381 0.00614926 0.134284 0.106223 0.0322288 0.0693438 0.00801751 0.0140845 
0.239659 0.0550273 0.0339987 0.0935453 0.0180983 0.0822707 0.0701834 0.0223911 0.0916334 0.00954939 0.00280083 0.00200356 0.0146645 0.105252 0.158923 
0.00231425 0.060176 0.0919498 0.0260526 0.0205302 0.0121256 0.197848 0.0129308 0.0370505 0.0675298 0.289054 0.113234 0.0542684 0.00464903 0.0102876 
0.0043532 0.157515 0.097264 0.0697663 0.138428 0.00612913 0.17271 0.0338257 0.0529796 0.0999441 0.0151301 0.0187416 0.0886814 0.0107062 0.0338257 
0.0729902 0.00395634 0.00338132 0.135413 0.178765 0.0814974 0.177271 0.0515939 0.0202535 0.0376028 0.0205719 0.0216778 0.00348471 0.125827 0.0657146 
0.00471946 0.00509829 0.179964 0.00579456 0.124996 0.0459126 0.0893706 0.00442738 0.130885 0.0441054 0.0398193 0.000932268 0.00716621 0.25416 0.0626489 
0.0206273 0.0193898 0.458127 0.0224171 0.0872235 0.0261874 0.0921508 0.0999936 0.00126659 0.0139219 0.00670466 0.0168931 0.022424 0.000629094 0.112044 
0.0125097 0.12724 0.00880038 0.0500941 0.0954279 0.166666 0.00604591 0.0547991 0.00293508 0.142047 0.0220328 0.0660261 0.0112486 0.181897 0.0522298 
0.130543 0.0422776 0.0283119 0.0257477 0.00446297 0.0130428 0.0611234 0.117643 0.0537219 0.0237642 0.0186064 0.0713109 0.00888235 0.215002 0.185561 
0.015149 0.0537779 0.0355339 0.00430136 0.109255 0.143584 0.0229864 0.0115544 0.152848 0.135235 0.0382929 0.0897016 0.0872839 0.0574082 0.0430876 
0.00586741 0.080966 0.00814335 0.00357325 0.0545915 0.134228 0.0576731 0.0107185 0.243321 0.0159225 0.128045 0.0758555 0.160781 0.0167645 0.00354995 
0.0128892 0.0303032 0.022432 0.120128 0.10196 0.193762 0.142748 0.0177217 0.0601954 0.13519 0.00788546 0.0682762 0.0100289 0.0272592 0.049222 
0.010435 0.0587021 0.0663201 0.00849391 0.0149214 0.185357 0.00334479 0.161072 0.00769984 0.0191894 0.108392 0.146147 0.0669163 0.0420326 0.100976 
0.0427745 0.138031 0.0308985 0.0826063 0.0686987 0.117201 0.119346 0.00910787 0.0227245 0.00857952 0.232827 0.00870571 0.064727 0.0339621 0.0198109 
0.117754 0.0657425 0.104626 0.0662867 0.169653 0.0179209 0.070072 0.125459 0.0214952 0.0607156 0.0238928 0.0358319 0.0327403 0.0836471 0.0041637 
0.199008 0.0057507 0.0287088 0.0288314 0.00147007 0.0342796 0.0282112 0.000136435 0.116678 0.122063 0.192752 0.142132 0.0106435 0.0767013 0.0126334 
0.120226 0.0112518 0.0492376 0.00331225 0.0141273 0.0742123 0.0128398 0.14946 0.00781048 0.10831 0.0961519 0.17993 0.00209749 0.0820532 0.08898 
0.104905 0.000836655 0.059571 0.0149463 0.0274421 0.0337418 0.00674061 0.0419691 0.0372636 0.248851 0.242564 0.111548 0.0203627 0.00461794 0.04464 
0.014946 0.178859 0.114994 0.0679408 0.00572046 0.000833591 0.06644 0.00690351 0.0392015 0.0341206 0.0181958 0.0690753 0.142329 0.0758788 0.164561 
0.055253 0.00358705 0.0181209 0.0350263 0.0600355 0.0939914 0.391446 0.00351115 0.0161177 0.182732 0.0195199 0.0259842 0.00217487 0.00395434 0.0885448 
0.0335227 0.0061323 0.0195039 0.0859188 0.196498 0.130805 0.192086 0.0368506 0.00655067 0.00375166 0.138184 0.106723 0.0183336 0.0203367 0.00480396 
0.0459964 0.240083 0.00531378 0.123168 0.13751 0.0858315 0.0564468 0.0113889 0.0823673 0.0023654 0.000882968 0.00852102 0.0523054 0.0732815 0.074538 
0.0490221 0.108433 0.162519 0.0211923 0.0102341 0.115135 0.128974 0.00334169 0.0496515 0.011088 0.00968912 0.0143676 0.0503372 0.0289291 0.237086 
0.146279 0.0383999 0.0439562 0.0148841 0.0134966 0.0170528 0.000599108 0.0695295 0.138254 0.128861 0.0640287 8.11849e-005 0.221382 0.0493701 0.0538247 
0.204814 0.0749884 0.00158446 0.0482236 0.0950957 0.0435275 0.0261301 0.0287721 0.0118601 0.0329786 0.172818 0.198652 0.00929443 0.00577108 0.0454895 
0.0128188 0.0031279 0.0275672 0.0718513 0.00643597 0.00737419 0.101319 0.0713083 0.0533679 0.32738 0.0109722 0.026394 0.0167578 0.172588 0.0907376 
0.0118396 0.116967 0.081418 0.0547453 0.00365158 0.0623845 0.0159858 0.367113 0.0116607 0.0578182 0.0447116 0.0723483 0.049919 0.030606 0.0188316 
0.0745701 0.0171842 0.115306 0.263533 0.0276006 0.00490339 0.114478 0.0752425 0.00580058 0.101417 0.0120179 0.0819756 0.0536164 0.00801466 0.0443402 
0.0176732 0.0990677 0.0567211 0.186449 0.0101274 0.00961333 0.208261 0.225398 0.0060585 0.0588871 0.00281782 0.0635879 0.006887 0.0379495 0.0105018 
0.011024 0.138772 0.108678 0.130659 0.237634 0.108733 0.0164087 0.0475395 0.01347 0.0120467 0.093357 0.00633448 0.0236588 0.0328936 0.018792 
0.302765 0.0973439 0.00632381 0.0420935 0.0262889 0.0014604 0.00970033 0.0162832 0.0111483 0.102926 0.0313492 0.180616 0.0245399 0.101529 0.0456324 
0.108784 0.0989387 0.0266027 0.0298103 0.0354796 0.14242 0.0387104 0.073775 0.352376 0.00588202 0.042132 0.030737 0.0105935 0.00267955 0.00107903 
0.0200209 0.021064 0.00363758 0.166239 0.0739876 0.0108968 0.183932 0.00291599 0.000974527 0.0212369 0.074686 0.00818096 0.0417384 0.277651 0.0928384 
0.209183 0.113447 0.0694134 0.140081 0.0196298 0.00937612 0.142074 0.0593805 0.0371329 0.0251146 0.00400737 0.091737 0.024383 0.0492751 0.00576551 
0.145723 0.00374976 0.119857 0.00356758 0.00967873 0.0296917 0.170464 0.178122 0.00807263 0.147966 0.0595364 0.024591 0.0246077 0.00165479 0.0727176 
0.0185792 0.00727964 0.0296709 0.134151 0.127787 0.0168301 0.0714418 0.0717558 0.00840814 0.318774 0.101202 0.047858 0.0090818 0.0157243 0.0214563 
