323.9  4177.98  
325.6  3393.72  
324.6  3855.21  
325  3672.63  
323.3  4494.55  
326.1  3129.87  
323.3  4513.88  
324.3  4024.19  
323.4  4438.72  
323.2  4555.28  
325.3  3528.86  
324.8  3742.78  
324.4  3963.65  
326.2  3058.18  
325.1  3613.27  
325.9  3201.24  
323.2  4538.77  
324.5  3888.17  
325.6  3361.71  
324  4151.9  
324.2  4067.22  
323.6  4343.85  
326  3152.6  
323.5  4423.35  
325.8  3263.69  
324.7  3832.67  
324.1  4100.66  
325.5  3431.67  
323.9  4206.54  
324.7  3811.37  
326.3  3029.43  
325.7  3336.93  
326.5  2926.34  
323.4  4464.91  
324  4124.1  
324.9  3702.6  
325.9  3243.34  
325  3639.02  
325.2  3549.11  
325.2  3584.29  
326.5  2953.43  
324.3  3993.84  
325.4  3470.25  
323.8  4244.99  
323.7  4288.26  
325.2  3567.65  
323.7  4278.49  
325.4  3455.51  
323.8  4229.86  
325.3  3502.07  
324.1  4084.77  
325.9  3223.47  
326.3  3006.92  
326.4  2978.55  
323.5  4388.2  
324.9  3733.81  
323.5  4377.04  
326.6  2894.07  
325.7  3300.76  
324.4  3936.39  
326.2  3096.73  
324.8  3775.28  
323.7  4317.62  
326  3176.94  
326.6  2894.07  
325.7  3300.76  
324.4  3936.39  
326.2  3096.73  
324.8  3775.28  
324.3  3991  
325.7  3338.24  
325  3658.08  
325.5  3433.25  
323.7  4317.62  
324.6  3867.5  
325.6  3374.93  
326.4  2974.57  
324  4159.48  
323.9  4195.97  
326  3176.94  
