327.1  7158.86  
327.6  6902.65  
326.9  7257.39  
329.1  6232.22  
328  6696.53  
328.3  6564.87  
327  7208.86  
328.2  6591.31  
328.5  6500.93  
329.1  6201.75  
328.7  6404.93  
328.7  6370.39  
327.5  6949.28  
327.3  7042.43  
327.5  6921.03  
328.1  6641.63  
328.9  6313.6  
328.6  6451.97  
327.6  6884.52  
326.9  7272.67  
327.8  6793.08  
327.8  6822.5  
327.3  7067.83  
329.2  6177.23  
329  6273.29  
327.9  6773.82  
327.1  7148.78  
327.4  7019.6  
327.8  6806.06  
327.9  6728.05  
327.9  6751.03  
328.1  6668.08  
328.8  6331.76  
327  7233.65  
327  7191.15  
328  6714.94  
327.7  6851.87  
328.6  6428.17  
328.4  6538.34  
329.3  6138.26  
327.2  7118.46  
327.3  7063.07  
329.1  6208.75  
328.3  6570.42  
329.4  6095.87  
328.5  6482.93  
328.6  6423.05  
327  7224.43  
327.9  6746.49  
327.1  7167.1  
328.9  6287.38  
328  6708.06  
327.5  6931.78  
329.4  6090.1  
327.4  6999.61  
328.1  6660.42  
328.2  6616.58  
327.2  7102.92  
329  6247.27  
328.4  6521.63  
329.2  6164.68  
329.3  6130.46  
328.7  6381.41  
328.5  6467.5  
327.7  6851.58  
327.4  6999.61  
328.8  6331.05  
328.2  6616.58  
327.2  7102.92  
329  6247.27  
328.9  6287.38  
326.9  7257.39  
328.4  6521.63  
329.2  6164.68  
327.6  6896.15  
329.3  6130.46  
328.7  6381.41  
328.5  6467.5  
329.4  6090.1  
327.8  6798.54  
