324.7  12268.8  
326.7  11532.7  
323.6  12681.5  
325.3  12046.2  
325.1  12124  
323.5  12739.5  
325  12155.2  
325.6  11953  
325.5  11971.4  
325.7  11907.9  
325.3  12065.4  
325.6  11933.7  
325  12176.5  
325.1  12138.5  
325.8  11875.6  
326.7  11560  
324.8  12252.3  
326.9  11485.4  
326.6  11573.7  
327.1  11412.8  
326.9  11463.1  
325.5  11989.6  
326.6  11593  
324.8  12232.2  
323.7  12669.5  
326.8  11506.8  
327.1  11396.6  
324  12525.2  
324.7  12288.4  
324.6  12323.3  
324  12545.5  
326.2  11708.9  
327.7  11174.2  
327.5  11232.5  
324.2  12468.9  
324.3  12410.1  
327.3  11314.9  
327.8  11152.5  
327  11430.1  
326  11793.1  
327.2  11344.2  
326.1  11763.7  
323.9  12579.4  
324.6  12313.6  
327.5  11224.1  
324.1  12492.7  
326.2  11734.6  
323.8  12618  
325.9  11832  
327.5  11261.1  
324.5  12349.5  
323.9  12567.8  
327.3  11335.2  
326.4  11655.1  
324.4  12373.9  
326.5  11624.6  
326.3  11682  
325.2  12096.5  
324.2  12443.7  
325.4  12021.5  
324.9  12208  
327.4  11291.4  
327.2  11373.5  
327.6  11199.1  
325.9  11830  
323.8  12612.5  
324.3  12405.9  
326  11787.6  
326.5  11618.8  
325.2  12096.5  
324.2  12443.7  
325.4  12021.5  
324.9  12208  
324.4  12370.9  
327.4  11291.4  
327.5  11254.9  
326.1  11757  
327.2  11373.5  
324.1  12485.5  
327.6  11199.1  
