326  5424.07  
325.9  5443.2  
326.5  5325.63  
325.3  5569.86  
327.9  5049.32  
326.8  5262.12  
326.2  5382.46  
327.7  5086.42  
326.1  5404.6  
326.4  5341.16  
325.6  5496.6  
326.1  5396.46  
327.1  5199.36  
326.4  5349.32  
325.9  5437.05  
327  5215.21  
328.3  4962.57  
325.3  5553.6  
326.6  5294.74  
326.9  5240.04  
327.3  5163.38  
326.7  5276.29  
326.3  5364.72  
328.1  5011.66  
324.8  5655.77  
325.2  5588.73  
325.5  5530.64  
325.6  5510.47  
325.8  5465.83  
328.1  5006.79  
327.8  5061.46  
327.2  5182.99  
323.7  5870.83  
324  5815.86  
324.3  5756.28  
324.4  5738.58  
327.4  5145.42  
326.5  5316.78  
327.6  5100.33  
327  5225.51  
325.7  5487.96  
327.7  5073.11  
323.7  5879.55  
323.9  5848.67  
324.6  5709.26  
324.4  5732.58  
324  5826.03  
326.9  5249.79  
327.5  5113.51  
324.7  5681.3  
328  5027.42  
327.2  5176.28  
324.1  5800.57  
324.6  5697.5  
324.8  5652.44  
324.2  5775.08  
328.4  4947.77  
325.1  5609.5  
328.2  4979.9  
325  5631.35  
324.7  5676.41  
325.8  5460.69  
324.1  5794.5  
327.5  5130.89  
328.4  4947.77  
328.2  4979.9  
325.5  5530.35  
325  5631.35  
325.1  5609.5  
326.6  5294.65  
323.9  5841.4  
325.2  5587.23  
324.2  5775.08  
325.3  5558.3  
326.3  5368.88  
327.1  5199.36  
327.5  5130.89  
324.3  5751.68  
326.8  5272.44  
325.6  5508  
