5236.71  5236.71  5236.71  5236.71  5236.71  5236.71  5236.71  5236.71  5236.71  5236.71  5236.71  5236.71  5236.71  5236.71  5236.71  5236.71  5236.71  5236.71  5236.71  5236.71  5236.71  5236.71  5236.71  5236.71  
5033.36  5033.36  5033.36  5033.36  5033.36  5033.36  5033.36  5033.36  5033.36  5033.36  5033.36  5033.36  5033.36  5033.36  5033.36  5033.36  5033.36  5033.36  5033.36  5033.36  5033.36  5033.36  5033.36  5033.36  
5197.09  5197.09  5197.09  5197.09  5197.09  5197.09  5197.09  5197.09  5197.09  5197.09  5197.09  5197.09  5197.09  5197.09  5197.09  5197.09  5197.09  5197.09  5197.09  5197.09  5197.09  5197.09  5197.09  5197.09  
5317.07  5317.07  5317.07  5317.07  5317.07  5317.07  5317.07  5317.07  5317.07  5317.07  5317.07  5317.07  5317.07  5317.07  5317.07  5317.07  5317.07  5317.07  5317.07  5317.07  5317.07  5317.07  5317.07  5317.07  
5276.35  5276.35  5276.35  5276.35  5276.35  5276.35  5276.35  5276.35  5276.35  5276.35  5276.35  5276.35  5276.35  5276.35  5276.35  5276.35  5276.35  5276.35  5276.35  5276.35  5276.35  5276.35  5276.35  5276.35  
5358.94  5358.94  5358.94  5358.94  5358.94  5358.94  5358.94  5358.94  5358.94  5358.94  5358.94  5358.94  5358.94  5358.94  5358.94  5358.94  5358.94  5358.94  5358.94  5358.94  5358.94  5358.94  5358.94  5358.94  
4922.33  4922.33  4922.33  4922.33  4922.33  4922.33  4922.33  4922.33  4922.33  4922.33  4922.33  4922.33  4922.33  4922.33  4922.33  4922.33  4922.33  4922.33  4922.33  4922.33  4922.33  4922.33  4922.33  4922.33  
5086.06  5086.06  5086.06  5086.06  5086.06  5086.06  5086.06  5086.06  5086.06  5086.06  5086.06  5086.06  5086.06  5086.06  5086.06  5086.06  5086.06  5086.06  5086.06  5086.06  5086.06  5086.06  5086.06  5086.06  
5406.12  5406.12  5406.12  5406.12  5406.12  5406.12  5406.12  5406.12  5406.12  5406.12  5406.12  5406.12  5406.12  5406.12  5406.12  5406.12  5406.12  5406.12  5406.12  5406.12  5406.12  5406.12  5406.12  5406.12  
4978.52  4978.52  4978.52  4978.52  4978.52  4978.52  4978.52  4978.52  4978.52  4978.52  4978.52  4978.52  4978.52  4978.52  4978.52  4978.52  4978.52  4978.52  4978.52  4978.52  4978.52  4978.52  4978.52  4978.52  
5140.77  5140.77  5140.77  5140.77  5140.77  5140.77  5140.77  5140.77  5140.77  5140.77  5140.77  5140.77  5140.77  5140.77  5140.77  5140.77  5140.77  5140.77  5140.77  5140.77  5140.77  5140.77  5140.77  5140.77  
5616.92  5616.92  5616.92  5616.92  5616.92  5616.92  5616.92  5616.92  5616.92  5616.92  5616.92  5616.92  5616.92  5616.92  5616.92  5616.92  5616.92  5616.92  5616.92  5616.92  5616.92  5616.92  5616.92  5616.92  
5537.14  5537.14  5537.14  5537.14  5537.14  5537.14  5537.14  5537.14  5537.14  5537.14  5537.14  5537.14  5537.14  5537.14  5537.14  5537.14  5537.14  5537.14  5537.14  5537.14  5537.14  5537.14  5537.14  5537.14  
5469.88  5469.88  5469.88  5469.88  5469.88  5469.88  5469.88  5469.88  5469.88  5469.88  5469.88  5469.88  5469.88  5469.88  5469.88  5469.88  5469.88  5469.88  5469.88  5469.88  5469.88  5469.88  5469.88  5469.88  
4796.48  4796.48  4796.48  4796.48  4796.48  4796.48  4796.48  4796.48  4796.48  4796.48  4796.48  4796.48  4796.48  4796.48  4796.48  4796.48  4796.48  4796.48  4796.48  4796.48  4796.48  4796.48  4796.48  4796.48  
4859.11  4859.11  4859.11  4859.11  4859.11  4859.11  4859.11  4859.11  4859.11  4859.11  4859.11  4859.11  4859.11  4859.11  4859.11  4859.11  4859.11  4859.11  4859.11  4859.11  4859.11  4859.11  4859.11  4859.11  
4796.48  4796.48  4796.48  4796.48  4796.48  4796.48  4796.48  4796.48  4796.48  4796.48  4796.48  4796.48  4796.48  4796.48  4796.48  4796.48  4796.48  4796.48  4796.48  4796.48  4796.48  4796.48  4796.48  4796.48  
5595.06  5595.06  5595.06  5595.06  5595.06  5595.06  5595.06  5595.06  5595.06  5595.06  5595.06  5595.06  5595.06  5595.06  5595.06  5595.06  5595.06  5595.06  5595.06  5595.06  5595.06  5595.06  5595.06  5595.06  
5468.63  5468.63  5468.63  5468.63  5468.63  5468.63  5468.63  5468.63  5468.63  5468.63  5468.63  5468.63  5468.63  5468.63  5468.63  5468.63  5468.63  5468.63  5468.63  5468.63  5468.63  5468.63  5468.63  5468.63  
4859.11  4859.11  4859.11  4859.11  4859.11  4859.11  4859.11  4859.11  4859.11  4859.11  4859.11  4859.11  4859.11  4859.11  4859.11  4859.11  4859.11  4859.11  4859.11  4859.11  4859.11  4859.11  4859.11  4859.11  
