3971.91  3971.91  3971.91  3971.91  3971.91  3971.91  3971.91  3971.91  3971.91  3971.91  3971.91  3971.91  3971.91  3971.91  
4019.9  4019.9  4019.9  4019.9  4019.9  4019.9  4019.9  4019.9  4019.9  4019.9  4019.9  4019.9  4019.9  4019.9  
3031.49  3031.49  3031.49  3031.49  3031.49  3031.49  3031.49  3031.49  3031.49  3031.49  3031.49  3031.49  3031.49  3031.49  
4532.17  4532.17  4532.17  4532.17  4532.17  4532.17  4532.17  4532.17  4532.17  4532.17  4532.17  4532.17  4532.17  4532.17  
4214.95  4214.95  4214.95  4214.95  4214.95  4214.95  4214.95  4214.95  4214.95  4214.95  4214.95  4214.95  4214.95  4214.95  
4113.04  4113.04  4113.04  4113.04  4113.04  4113.04  4113.04  4113.04  4113.04  4113.04  4113.04  4113.04  4113.04  4113.04  
3091.97  3091.97  3091.97  3091.97  3091.97  3091.97  3091.97  3091.97  3091.97  3091.97  3091.97  3091.97  3091.97  3091.97  
3556.98  3556.98  3556.98  3556.98  3556.98  3556.98  3556.98  3556.98  3556.98  3556.98  3556.98  3556.98  3556.98  3556.98  
3697.66  3697.66  3697.66  3697.66  3697.66  3697.66  3697.66  3697.66  3697.66  3697.66  3697.66  3697.66  3697.66  3697.66  
3839.11  3839.11  3839.11  3839.11  3839.11  3839.11  3839.11  3839.11  3839.11  3839.11  3839.11  3839.11  3839.11  3839.11  
4556.31  4556.31  4556.31  4556.31  4556.31  4556.31  4556.31  4556.31  4556.31  4556.31  4556.31  4556.31  4556.31  4556.31  
3408.83  3408.83  3408.83  3408.83  3408.83  3408.83  3408.83  3408.83  3408.83  3408.83  3408.83  3408.83  3408.83  3408.83  
3250.84  3250.84  3250.84  3250.84  3250.84  3250.84  3250.84  3250.84  3250.84  3250.84  3250.84  3250.84  3250.84  3250.84  
3440.35  3440.35  3440.35  3440.35  3440.35  3440.35  3440.35  3440.35  3440.35  3440.35  3440.35  3440.35  3440.35  3440.35  
4373.68  4373.68  4373.68  4373.68  4373.68  4373.68  4373.68  4373.68  4373.68  4373.68  4373.68  4373.68  4373.68  4373.68  
2846.78  2846.78  2846.78  2846.78  2846.78  2846.78  2846.78  2846.78  2846.78  2846.78  2846.78  2846.78  2846.78  2846.78  
2846.78  2846.78  2846.78  2846.78  2846.78  2846.78  2846.78  2846.78  2846.78  2846.78  2846.78  2846.78  2846.78  2846.78  
4371.59  4371.59  4371.59  4371.59  4371.59  4371.59  4371.59  4371.59  4371.59  4371.59  4371.59  4371.59  4371.59  4371.59  
3233.64  3233.64  3233.64  3233.64  3233.64  3233.64  3233.64  3233.64  3233.64  3233.64  3233.64  3233.64  3233.64  3233.64  
3681.52  3681.52  3681.52  3681.52  3681.52  3681.52  3681.52  3681.52  3681.52  3681.52  3681.52  3681.52  3681.52  3681.52  
