5596.26  5596.26  5596.26  5596.26  5596.26  5596.26  5596.26  5596.26  5596.26  5596.26  5596.26  5596.26  5596.26  5596.26  5596.26  5596.26  5596.26  5596.26  5596.26  5596.26  5596.26  5596.26  5596.26  5596.26  
5497.34  5497.34  5497.34  5497.34  5497.34  5497.34  5497.34  5497.34  5497.34  5497.34  5497.34  5497.34  5497.34  5497.34  5497.34  5497.34  5497.34  5497.34  5497.34  5497.34  5497.34  5497.34  5497.34  5497.34  
5313.82  5313.82  5313.82  5313.82  5313.82  5313.82  5313.82  5313.82  5313.82  5313.82  5313.82  5313.82  5313.82  5313.82  5313.82  5313.82  5313.82  5313.82  5313.82  5313.82  5313.82  5313.82  5313.82  5313.82  
5608.21  5608.21  5608.21  5608.21  5608.21  5608.21  5608.21  5608.21  5608.21  5608.21  5608.21  5608.21  5608.21  5608.21  5608.21  5608.21  5608.21  5608.21  5608.21  5608.21  5608.21  5608.21  5608.21  5608.21  
5141.63  5141.63  5141.63  5141.63  5141.63  5141.63  5141.63  5141.63  5141.63  5141.63  5141.63  5141.63  5141.63  5141.63  5141.63  5141.63  5141.63  5141.63  5141.63  5141.63  5141.63  5141.63  5141.63  5141.63  
5400.94  5400.94  5400.94  5400.94  5400.94  5400.94  5400.94  5400.94  5400.94  5400.94  5400.94  5400.94  5400.94  5400.94  5400.94  5400.94  5400.94  5400.94  5400.94  5400.94  5400.94  5400.94  5400.94  5400.94  
5454.57  5454.57  5454.57  5454.57  5454.57  5454.57  5454.57  5454.57  5454.57  5454.57  5454.57  5454.57  5454.57  5454.57  5454.57  5454.57  5454.57  5454.57  5454.57  5454.57  5454.57  5454.57  5454.57  5454.57  
5350.51  5350.51  5350.51  5350.51  5350.51  5350.51  5350.51  5350.51  5350.51  5350.51  5350.51  5350.51  5350.51  5350.51  5350.51  5350.51  5350.51  5350.51  5350.51  5350.51  5350.51  5350.51  5350.51  5350.51  
5546.88  5546.88  5546.88  5546.88  5546.88  5546.88  5546.88  5546.88  5546.88  5546.88  5546.88  5546.88  5546.88  5546.88  5546.88  5546.88  5546.88  5546.88  5546.88  5546.88  5546.88  5546.88  5546.88  5546.88  
5217.71  5217.71  5217.71  5217.71  5217.71  5217.71  5217.71  5217.71  5217.71  5217.71  5217.71  5217.71  5217.71  5217.71  5217.71  5217.71  5217.71  5217.71  5217.71  5217.71  5217.71  5217.71  5217.71  5217.71  
5638.64  5638.64  5638.64  5638.64  5638.64  5638.64  5638.64  5638.64  5638.64  5638.64  5638.64  5638.64  5638.64  5638.64  5638.64  5638.64  5638.64  5638.64  5638.64  5638.64  5638.64  5638.64  5638.64  5638.64  
5168.73  5168.73  5168.73  5168.73  5168.73  5168.73  5168.73  5168.73  5168.73  5168.73  5168.73  5168.73  5168.73  5168.73  5168.73  5168.73  5168.73  5168.73  5168.73  5168.73  5168.73  5168.73  5168.73  5168.73  
5224.04  5224.04  5224.04  5224.04  5224.04  5224.04  5224.04  5224.04  5224.04  5224.04  5224.04  5224.04  5224.04  5224.04  5224.04  5224.04  5224.04  5224.04  5224.04  5224.04  5224.04  5224.04  5224.04  5224.04  
5672.34  5672.34  5672.34  5672.34  5672.34  5672.34  5672.34  5672.34  5672.34  5672.34  5672.34  5672.34  5672.34  5672.34  5672.34  5672.34  5672.34  5672.34  5672.34  5672.34  5672.34  5672.34  5672.34  5672.34  
5097.99  5097.99  5097.99  5097.99  5097.99  5097.99  5097.99  5097.99  5097.99  5097.99  5097.99  5097.99  5097.99  5097.99  5097.99  5097.99  5097.99  5097.99  5097.99  5097.99  5097.99  5097.99  5097.99  5097.99  
5267.71  5267.71  5267.71  5267.71  5267.71  5267.71  5267.71  5267.71  5267.71  5267.71  5267.71  5267.71  5267.71  5267.71  5267.71  5267.71  5267.71  5267.71  5267.71  5267.71  5267.71  5267.71  5267.71  5267.71  
5097.99  5097.99  5097.99  5097.99  5097.99  5097.99  5097.99  5097.99  5097.99  5097.99  5097.99  5097.99  5097.99  5097.99  5097.99  5097.99  5097.99  5097.99  5097.99  5097.99  5097.99  5097.99  5097.99  5097.99  
5405.32  5405.32  5405.32  5405.32  5405.32  5405.32  5405.32  5405.32  5405.32  5405.32  5405.32  5405.32  5405.32  5405.32  5405.32  5405.32  5405.32  5405.32  5405.32  5405.32  5405.32  5405.32  5405.32  5405.32  
5544.67  5544.67  5544.67  5544.67  5544.67  5544.67  5544.67  5544.67  5544.67  5544.67  5544.67  5544.67  5544.67  5544.67  5544.67  5544.67  5544.67  5544.67  5544.67  5544.67  5544.67  5544.67  5544.67  5544.67  
5267.71  5267.71  5267.71  5267.71  5267.71  5267.71  5267.71  5267.71  5267.71  5267.71  5267.71  5267.71  5267.71  5267.71  5267.71  5267.71  5267.71  5267.71  5267.71  5267.71  5267.71  5267.71  5267.71  5267.71  
