5411.9  5411.9  5411.9  5411.9  5411.9  5411.9  5411.9  5411.9  5411.9  5411.9  5411.9  5411.9  5411.9  5411.9  5411.9  5411.9  5411.9  5411.9  5411.9  5411.9  5411.9  5411.9  5411.9  5411.9  
5450.67  5450.67  5450.67  5450.67  5450.67  5450.67  5450.67  5450.67  5450.67  5450.67  5450.67  5450.67  5450.67  5450.67  5450.67  5450.67  5450.67  5450.67  5450.67  5450.67  5450.67  5450.67  5450.67  5450.67  
5722.3  5722.3  5722.3  5722.3  5722.3  5722.3  5722.3  5722.3  5722.3  5722.3  5722.3  5722.3  5722.3  5722.3  5722.3  5722.3  5722.3  5722.3  5722.3  5722.3  5722.3  5722.3  5722.3  5722.3  
5363.55  5363.55  5363.55  5363.55  5363.55  5363.55  5363.55  5363.55  5363.55  5363.55  5363.55  5363.55  5363.55  5363.55  5363.55  5363.55  5363.55  5363.55  5363.55  5363.55  5363.55  5363.55  5363.55  5363.55  
5548.97  5548.97  5548.97  5548.97  5548.97  5548.97  5548.97  5548.97  5548.97  5548.97  5548.97  5548.97  5548.97  5548.97  5548.97  5548.97  5548.97  5548.97  5548.97  5548.97  5548.97  5548.97  5548.97  5548.97  
5489.55  5489.55  5489.55  5489.55  5489.55  5489.55  5489.55  5489.55  5489.55  5489.55  5489.55  5489.55  5489.55  5489.55  5489.55  5489.55  5489.55  5489.55  5489.55  5489.55  5489.55  5489.55  5489.55  5489.55  
5603.36  5603.36  5603.36  5603.36  5603.36  5603.36  5603.36  5603.36  5603.36  5603.36  5603.36  5603.36  5603.36  5603.36  5603.36  5603.36  5603.36  5603.36  5603.36  5603.36  5603.36  5603.36  5603.36  5603.36  
5772.78  5772.78  5772.78  5772.78  5772.78  5772.78  5772.78  5772.78  5772.78  5772.78  5772.78  5772.78  5772.78  5772.78  5772.78  5772.78  5772.78  5772.78  5772.78  5772.78  5772.78  5772.78  5772.78  5772.78  
5793.74  5793.74  5793.74  5793.74  5793.74  5793.74  5793.74  5793.74  5793.74  5793.74  5793.74  5793.74  5793.74  5793.74  5793.74  5793.74  5793.74  5793.74  5793.74  5793.74  5793.74  5793.74  5793.74  5793.74  
5093.62  5093.62  5093.62  5093.62  5093.62  5093.62  5093.62  5093.62  5093.62  5093.62  5093.62  5093.62  5093.62  5093.62  5093.62  5093.62  5093.62  5093.62  5093.62  5093.62  5093.62  5093.62  5093.62  5093.62  
5656.96  5656.96  5656.96  5656.96  5656.96  5656.96  5656.96  5656.96  5656.96  5656.96  5656.96  5656.96  5656.96  5656.96  5656.96  5656.96  5656.96  5656.96  5656.96  5656.96  5656.96  5656.96  5656.96  5656.96  
5167.91  5167.91  5167.91  5167.91  5167.91  5167.91  5167.91  5167.91  5167.91  5167.91  5167.91  5167.91  5167.91  5167.91  5167.91  5167.91  5167.91  5167.91  5167.91  5167.91  5167.91  5167.91  5167.91  5167.91  
5020.34  5020.34  5020.34  5020.34  5020.34  5020.34  5020.34  5020.34  5020.34  5020.34  5020.34  5020.34  5020.34  5020.34  5020.34  5020.34  5020.34  5020.34  5020.34  5020.34  5020.34  5020.34  5020.34  5020.34  
5307.18  5307.18  5307.18  5307.18  5307.18  5307.18  5307.18  5307.18  5307.18  5307.18  5307.18  5307.18  5307.18  5307.18  5307.18  5307.18  5307.18  5307.18  5307.18  5307.18  5307.18  5307.18  5307.18  5307.18  
5240.79  5240.79  5240.79  5240.79  5240.79  5240.79  5240.79  5240.79  5240.79  5240.79  5240.79  5240.79  5240.79  5240.79  5240.79  5240.79  5240.79  5240.79  5240.79  5240.79  5240.79  5240.79  5240.79  5240.79  
4980.5  4980.5  4980.5  4980.5  4980.5  4980.5  4980.5  4980.5  4980.5  4980.5  4980.5  4980.5  4980.5  4980.5  4980.5  4980.5  4980.5  4980.5  4980.5  4980.5  4980.5  4980.5  4980.5  4980.5  
5099.25  5099.25  5099.25  5099.25  5099.25  5099.25  5099.25  5099.25  5099.25  5099.25  5099.25  5099.25  5099.25  5099.25  5099.25  5099.25  5099.25  5099.25  5099.25  5099.25  5099.25  5099.25  5099.25  5099.25  
5180.28  5180.28  5180.28  5180.28  5180.28  5180.28  5180.28  5180.28  5180.28  5180.28  5180.28  5180.28  5180.28  5180.28  5180.28  5180.28  5180.28  5180.28  5180.28  5180.28  5180.28  5180.28  5180.28  5180.28  
4980.5  4980.5  4980.5  4980.5  4980.5  4980.5  4980.5  4980.5  4980.5  4980.5  4980.5  4980.5  4980.5  4980.5  4980.5  4980.5  4980.5  4980.5  4980.5  4980.5  4980.5  4980.5  4980.5  4980.5  
5240.78  5240.78  5240.78  5240.78  5240.78  5240.78  5240.78  5240.78  5240.78  5240.78  5240.78  5240.78  5240.78  5240.78  5240.78  5240.78  5240.78  5240.78  5240.78  5240.78  5240.78  5240.78  5240.78  5240.78  
