5075.21  5075.21  5075.21  5075.21  5075.21  5075.21  5075.21  5075.21  5075.21  5075.21  5075.21  5075.21  5075.21  5075.21  5075.21  5075.21  
4906.52  4906.52  4906.52  4906.52  4906.52  4906.52  4906.52  4906.52  4906.52  4906.52  4906.52  4906.52  4906.52  4906.52  4906.52  4906.52  
5647.31  5647.31  5647.31  5647.31  5647.31  5647.31  5647.31  5647.31  5647.31  5647.31  5647.31  5647.31  5647.31  5647.31  5647.31  5647.31  
5750.91  5750.91  5750.91  5750.91  5750.91  5750.91  5750.91  5750.91  5750.91  5750.91  5750.91  5750.91  5750.91  5750.91  5750.91  5750.91  
5263.61  5263.61  5263.61  5263.61  5263.61  5263.61  5263.61  5263.61  5263.61  5263.61  5263.61  5263.61  5263.61  5263.61  5263.61  5263.61  
5554.68  5554.68  5554.68  5554.68  5554.68  5554.68  5554.68  5554.68  5554.68  5554.68  5554.68  5554.68  5554.68  5554.68  5554.68  5554.68  
5222.16  5222.16  5222.16  5222.16  5222.16  5222.16  5222.16  5222.16  5222.16  5222.16  5222.16  5222.16  5222.16  5222.16  5222.16  5222.16  
5374.11  5374.11  5374.11  5374.11  5374.11  5374.11  5374.11  5374.11  5374.11  5374.11  5374.11  5374.11  5374.11  5374.11  5374.11  5374.11  
5469.24  5469.24  5469.24  5469.24  5469.24  5469.24  5469.24  5469.24  5469.24  5469.24  5469.24  5469.24  5469.24  5469.24  5469.24  5469.24  
4989.23  4989.23  4989.23  4989.23  4989.23  4989.23  4989.23  4989.23  4989.23  4989.23  4989.23  4989.23  4989.23  4989.23  4989.23  4989.23  
4827.97  4827.97  4827.97  4827.97  4827.97  4827.97  4827.97  4827.97  4827.97  4827.97  4827.97  4827.97  4827.97  4827.97  4827.97  4827.97  
5160.6  5160.6  5160.6  5160.6  5160.6  5160.6  5160.6  5160.6  5160.6  5160.6  5160.6  5160.6  5160.6  5160.6  5160.6  5160.6  
6056.64  6056.64  6056.64  6056.64  6056.64  6056.64  6056.64  6056.64  6056.64  6056.64  6056.64  6056.64  6056.64  6056.64  6056.64  6056.64  
6008.11  6008.11  6008.11  6008.11  6008.11  6008.11  6008.11  6008.11  6008.11  6008.11  6008.11  6008.11  6008.11  6008.11  6008.11  6008.11  
5815.87  5815.87  5815.87  5815.87  5815.87  5815.87  5815.87  5815.87  5815.87  5815.87  5815.87  5815.87  5815.87  5815.87  5815.87  5815.87  
5867.8  5867.8  5867.8  5867.8  5867.8  5867.8  5867.8  5867.8  5867.8  5867.8  5867.8  5867.8  5867.8  5867.8  5867.8  5867.8  
4818.84  4818.84  4818.84  4818.84  4818.84  4818.84  4818.84  4818.84  4818.84  4818.84  4818.84  4818.84  4818.84  4818.84  4818.84  4818.84  
5374.11  5374.11  5374.11  5374.11  5374.11  5374.11  5374.11  5374.11  5374.11  5374.11  5374.11  5374.11  5374.11  5374.11  5374.11  5374.11  
5663.85  5663.85  5663.85  5663.85  5663.85  5663.85  5663.85  5663.85  5663.85  5663.85  5663.85  5663.85  5663.85  5663.85  5663.85  5663.85  
5917.71  5917.71  5917.71  5917.71  5917.71  5917.71  5917.71  5917.71  5917.71  5917.71  5917.71  5917.71  5917.71  5917.71  5917.71  5917.71  
