6027.91  6027.91  6027.91  6027.91  6027.91  6027.91  6027.91  6027.91  6027.91  6027.91  6027.91  6027.91  6027.91  6027.91  6027.91  6027.91  
6273.94  6273.94  6273.94  6273.94  6273.94  6273.94  6273.94  6273.94  6273.94  6273.94  6273.94  6273.94  6273.94  6273.94  6273.94  6273.94  
6544.06  6544.06  6544.06  6544.06  6544.06  6544.06  6544.06  6544.06  6544.06  6544.06  6544.06  6544.06  6544.06  6544.06  6544.06  6544.06  
6139.54  6139.54  6139.54  6139.54  6139.54  6139.54  6139.54  6139.54  6139.54  6139.54  6139.54  6139.54  6139.54  6139.54  6139.54  6139.54  
5784.84  5784.84  5784.84  5784.84  5784.84  5784.84  5784.84  5784.84  5784.84  5784.84  5784.84  5784.84  5784.84  5784.84  5784.84  5784.84  
5919.83  5919.83  5919.83  5919.83  5919.83  5919.83  5919.83  5919.83  5919.83  5919.83  5919.83  5919.83  5919.83  5919.83  5919.83  5919.83  
6670.16  6670.16  6670.16  6670.16  6670.16  6670.16  6670.16  6670.16  6670.16  6670.16  6670.16  6670.16  6670.16  6670.16  6670.16  6670.16  
6806.9  6806.9  6806.9  6806.9  6806.9  6806.9  6806.9  6806.9  6806.9  6806.9  6806.9  6806.9  6806.9  6806.9  6806.9  6806.9  
6443.38  6443.38  6443.38  6443.38  6443.38  6443.38  6443.38  6443.38  6443.38  6443.38  6443.38  6443.38  6443.38  6443.38  6443.38  6443.38  
5428.93  5428.93  5428.93  5428.93  5428.93  5428.93  5428.93  5428.93  5428.93  5428.93  5428.93  5428.93  5428.93  5428.93  5428.93  5428.93  
4760.8  4760.8  4760.8  4760.8  4760.8  4760.8  4760.8  4760.8  4760.8  4760.8  4760.8  4760.8  4760.8  4760.8  4760.8  4760.8  
5346.55  5346.55  5346.55  5346.55  5346.55  5346.55  5346.55  5346.55  5346.55  5346.55  5346.55  5346.55  5346.55  5346.55  5346.55  5346.55  
4843.59  4843.59  4843.59  4843.59  4843.59  4843.59  4843.59  4843.59  4843.59  4843.59  4843.59  4843.59  4843.59  4843.59  4843.59  4843.59  
5088.41  5088.41  5088.41  5088.41  5088.41  5088.41  5088.41  5088.41  5088.41  5088.41  5088.41  5088.41  5088.41  5088.41  5088.41  5088.41  
5600.73  5600.73  5600.73  5600.73  5600.73  5600.73  5600.73  5600.73  5600.73  5600.73  5600.73  5600.73  5600.73  5600.73  5600.73  5600.73  
4625.76  4625.76  4625.76  4625.76  4625.76  4625.76  4625.76  4625.76  4625.76  4625.76  4625.76  4625.76  4625.76  4625.76  4625.76  4625.76  
5088.41  5088.41  5088.41  5088.41  5088.41  5088.41  5088.41  5088.41  5088.41  5088.41  5088.41  5088.41  5088.41  5088.41  5088.41  5088.41  
6806.7  6806.7  6806.7  6806.7  6806.7  6806.7  6806.7  6806.7  6806.7  6806.7  6806.7  6806.7  6806.7  6806.7  6806.7  6806.7  
5600.73  5600.73  5600.73  5600.73  5600.73  5600.73  5600.73  5600.73  5600.73  5600.73  5600.73  5600.73  5600.73  5600.73  5600.73  5600.73  
4625.76  4625.76  4625.76  4625.76  4625.76  4625.76  4625.76  4625.76  4625.76  4625.76  4625.76  4625.76  4625.76  4625.76  4625.76  4625.76  
