6218.45  6218.45  6218.45  6218.45  6218.45  6218.45  6218.45  6218.45  6218.45  6218.45  6218.45  6218.45  6218.45  6218.45  6218.45  6218.45  
6307.43  6307.43  6307.43  6307.43  6307.43  6307.43  6307.43  6307.43  6307.43  6307.43  6307.43  6307.43  6307.43  6307.43  6307.43  6307.43  
6880.86  6880.86  6880.86  6880.86  6880.86  6880.86  6880.86  6880.86  6880.86  6880.86  6880.86  6880.86  6880.86  6880.86  6880.86  6880.86  
6764.66  6764.66  6764.66  6764.66  6764.66  6764.66  6764.66  6764.66  6764.66  6764.66  6764.66  6764.66  6764.66  6764.66  6764.66  6764.66  
7443.01  7443.01  7443.01  7443.01  7443.01  7443.01  7443.01  7443.01  7443.01  7443.01  7443.01  7443.01  7443.01  7443.01  7443.01  7443.01  
6974.57  6974.57  6974.57  6974.57  6974.57  6974.57  6974.57  6974.57  6974.57  6974.57  6974.57  6974.57  6974.57  6974.57  6974.57  6974.57  
6423.44  6423.44  6423.44  6423.44  6423.44  6423.44  6423.44  6423.44  6423.44  6423.44  6423.44  6423.44  6423.44  6423.44  6423.44  6423.44  
7783.13  7783.13  7783.13  7783.13  7783.13  7783.13  7783.13  7783.13  7783.13  7783.13  7783.13  7783.13  7783.13  7783.13  7783.13  7783.13  
7579.3  7579.3  7579.3  7579.3  7579.3  7579.3  7579.3  7579.3  7579.3  7579.3  7579.3  7579.3  7579.3  7579.3  7579.3  7579.3  
7308.83  7308.83  7308.83  7308.83  7308.83  7308.83  7308.83  7308.83  7308.83  7308.83  7308.83  7308.83  7308.83  7308.83  7308.83  7308.83  
7152.71  7152.71  7152.71  7152.71  7152.71  7152.71  7152.71  7152.71  7152.71  7152.71  7152.71  7152.71  7152.71  7152.71  7152.71  7152.71  
6093.33  6093.33  6093.33  6093.33  6093.33  6093.33  6093.33  6093.33  6093.33  6093.33  6093.33  6093.33  6093.33  6093.33  6093.33  6093.33  
8157.05  8157.05  8157.05  8157.05  8157.05  8157.05  8157.05  8157.05  8157.05  8157.05  8157.05  8157.05  8157.05  8157.05  8157.05  8157.05  
7978.46  7978.46  7978.46  7978.46  7978.46  7978.46  7978.46  7978.46  7978.46  7978.46  7978.46  7978.46  7978.46  7978.46  7978.46  7978.46  
5906.4  5906.4  5906.4  5906.4  5906.4  5906.4  5906.4  5906.4  5906.4  5906.4  5906.4  5906.4  5906.4  5906.4  5906.4  5906.4  
6593.83  6593.83  6593.83  6593.83  6593.83  6593.83  6593.83  6593.83  6593.83  6593.83  6593.83  6593.83  6593.83  6593.83  6593.83  6593.83  
8125.08  8125.08  8125.08  8125.08  8125.08  8125.08  8125.08  8125.08  8125.08  8125.08  8125.08  8125.08  8125.08  8125.08  8125.08  8125.08  
5943.58  5943.58  5943.58  5943.58  5943.58  5943.58  5943.58  5943.58  5943.58  5943.58  5943.58  5943.58  5943.58  5943.58  5943.58  5943.58  
7766.97  7766.97  7766.97  7766.97  7766.97  7766.97  7766.97  7766.97  7766.97  7766.97  7766.97  7766.97  7766.97  7766.97  7766.97  7766.97  
6593.83  6593.83  6593.83  6593.83  6593.83  6593.83  6593.83  6593.83  6593.83  6593.83  6593.83  6593.83  6593.83  6593.83  6593.83  6593.83  
