5653.77  5653.77  5653.77  5653.77  5653.77  5653.77  5653.77  5653.77  5653.77  5653.77  5653.77  5653.77  5653.77  5653.77  5653.77  5653.77  5653.77  5653.77  5653.77  5653.77  5653.77  5653.77  5653.77  5653.77  
5346.06  5346.06  5346.06  5346.06  5346.06  5346.06  5346.06  5346.06  5346.06  5346.06  5346.06  5346.06  5346.06  5346.06  5346.06  5346.06  5346.06  5346.06  5346.06  5346.06  5346.06  5346.06  5346.06  5346.06  
5289.3  5289.3  5289.3  5289.3  5289.3  5289.3  5289.3  5289.3  5289.3  5289.3  5289.3  5289.3  5289.3  5289.3  5289.3  5289.3  5289.3  5289.3  5289.3  5289.3  5289.3  5289.3  5289.3  5289.3  
5411.13  5411.13  5411.13  5411.13  5411.13  5411.13  5411.13  5411.13  5411.13  5411.13  5411.13  5411.13  5411.13  5411.13  5411.13  5411.13  5411.13  5411.13  5411.13  5411.13  5411.13  5411.13  5411.13  5411.13  
5780.66  5780.66  5780.66  5780.66  5780.66  5780.66  5780.66  5780.66  5780.66  5780.66  5780.66  5780.66  5780.66  5780.66  5780.66  5780.66  5780.66  5780.66  5780.66  5780.66  5780.66  5780.66  5780.66  5780.66  
5581.3  5581.3  5581.3  5581.3  5581.3  5581.3  5581.3  5581.3  5581.3  5581.3  5581.3  5581.3  5581.3  5581.3  5581.3  5581.3  5581.3  5581.3  5581.3  5581.3  5581.3  5581.3  5581.3  5581.3  
5847.77  5847.77  5847.77  5847.77  5847.77  5847.77  5847.77  5847.77  5847.77  5847.77  5847.77  5847.77  5847.77  5847.77  5847.77  5847.77  5847.77  5847.77  5847.77  5847.77  5847.77  5847.77  5847.77  5847.77  
5717.05  5717.05  5717.05  5717.05  5717.05  5717.05  5717.05  5717.05  5717.05  5717.05  5717.05  5717.05  5717.05  5717.05  5717.05  5717.05  5717.05  5717.05  5717.05  5717.05  5717.05  5717.05  5717.05  5717.05  
5917.33  5917.33  5917.33  5917.33  5917.33  5917.33  5917.33  5917.33  5917.33  5917.33  5917.33  5917.33  5917.33  5917.33  5917.33  5917.33  5917.33  5917.33  5917.33  5917.33  5917.33  5917.33  5917.33  5917.33  
5954.52  5954.52  5954.52  5954.52  5954.52  5954.52  5954.52  5954.52  5954.52  5954.52  5954.52  5954.52  5954.52  5954.52  5954.52  5954.52  5954.52  5954.52  5954.52  5954.52  5954.52  5954.52  5954.52  5954.52  
5153.3  5153.3  5153.3  5153.3  5153.3  5153.3  5153.3  5153.3  5153.3  5153.3  5153.3  5153.3  5153.3  5153.3  5153.3  5153.3  5153.3  5153.3  5153.3  5153.3  5153.3  5153.3  5153.3  5153.3  
5236.93  5236.93  5236.93  5236.93  5236.93  5236.93  5236.93  5236.93  5236.93  5236.93  5236.93  5236.93  5236.93  5236.93  5236.93  5236.93  5236.93  5236.93  5236.93  5236.93  5236.93  5236.93  5236.93  5236.93  
4986.47  4986.47  4986.47  4986.47  4986.47  4986.47  4986.47  4986.47  4986.47  4986.47  4986.47  4986.47  4986.47  4986.47  4986.47  4986.47  4986.47  4986.47  4986.47  4986.47  4986.47  4986.47  4986.47  4986.47  
6055.18  6055.18  6055.18  6055.18  6055.18  6055.18  6055.18  6055.18  6055.18  6055.18  6055.18  6055.18  6055.18  6055.18  6055.18  6055.18  6055.18  6055.18  6055.18  6055.18  6055.18  6055.18  6055.18  6055.18  
5500.34  5500.34  5500.34  5500.34  5500.34  5500.34  5500.34  5500.34  5500.34  5500.34  5500.34  5500.34  5500.34  5500.34  5500.34  5500.34  5500.34  5500.34  5500.34  5500.34  5500.34  5500.34  5500.34  5500.34  
5070.45  5070.45  5070.45  5070.45  5070.45  5070.45  5070.45  5070.45  5070.45  5070.45  5070.45  5070.45  5070.45  5070.45  5070.45  5070.45  5070.45  5070.45  5070.45  5070.45  5070.45  5070.45  5070.45  5070.45  
4986.47  4986.47  4986.47  4986.47  4986.47  4986.47  4986.47  4986.47  4986.47  4986.47  4986.47  4986.47  4986.47  4986.47  4986.47  4986.47  4986.47  4986.47  4986.47  4986.47  4986.47  4986.47  4986.47  4986.47  
6055.18  6055.18  6055.18  6055.18  6055.18  6055.18  6055.18  6055.18  6055.18  6055.18  6055.18  6055.18  6055.18  6055.18  6055.18  6055.18  6055.18  6055.18  6055.18  6055.18  6055.18  6055.18  6055.18  6055.18  
5500.34  5500.34  5500.34  5500.34  5500.34  5500.34  5500.34  5500.34  5500.34  5500.34  5500.34  5500.34  5500.34  5500.34  5500.34  5500.34  5500.34  5500.34  5500.34  5500.34  5500.34  5500.34  5500.34  5500.34  
5070.45  5070.45  5070.45  5070.45  5070.45  5070.45  5070.45  5070.45  5070.45  5070.45  5070.45  5070.45  5070.45  5070.45  5070.45  5070.45  5070.45  5070.45  5070.45  5070.45  5070.45  5070.45  5070.45  5070.45  
