6032.86  6032.86  6032.86  6032.86  6032.86  6032.86  6032.86  6032.86  6032.86  6032.86  6032.86  6032.86  6032.86  6032.86  6032.86  6032.86  
5545.45  5545.45  5545.45  5545.45  5545.45  5545.45  5545.45  5545.45  5545.45  5545.45  5545.45  5545.45  5545.45  5545.45  5545.45  5545.45  
6155.37  6155.37  6155.37  6155.37  6155.37  6155.37  6155.37  6155.37  6155.37  6155.37  6155.37  6155.37  6155.37  6155.37  6155.37  6155.37  
6371.13  6371.13  6371.13  6371.13  6371.13  6371.13  6371.13  6371.13  6371.13  6371.13  6371.13  6371.13  6371.13  6371.13  6371.13  6371.13  
5296.22  5296.22  5296.22  5296.22  5296.22  5296.22  5296.22  5296.22  5296.22  5296.22  5296.22  5296.22  5296.22  5296.22  5296.22  5296.22  
4653.29  4653.29  4653.29  4653.29  4653.29  4653.29  4653.29  4653.29  4653.29  4653.29  4653.29  4653.29  4653.29  4653.29  4653.29  4653.29  
5504.44  5504.44  5504.44  5504.44  5504.44  5504.44  5504.44  5504.44  5504.44  5504.44  5504.44  5504.44  5504.44  5504.44  5504.44  5504.44  
5245.09  5245.09  5245.09  5245.09  5245.09  5245.09  5245.09  5245.09  5245.09  5245.09  5245.09  5245.09  5245.09  5245.09  5245.09  5245.09  
4749.56  4749.56  4749.56  4749.56  4749.56  4749.56  4749.56  4749.56  4749.56  4749.56  4749.56  4749.56  4749.56  4749.56  4749.56  4749.56  
5869.4  5869.4  5869.4  5869.4  5869.4  5869.4  5869.4  5869.4  5869.4  5869.4  5869.4  5869.4  5869.4  5869.4  5869.4  5869.4  
6212.13  6212.13  6212.13  6212.13  6212.13  6212.13  6212.13  6212.13  6212.13  6212.13  6212.13  6212.13  6212.13  6212.13  6212.13  6212.13  
4814.87  4814.87  4814.87  4814.87  4814.87  4814.87  4814.87  4814.87  4814.87  4814.87  4814.87  4814.87  4814.87  4814.87  4814.87  4814.87  
5146.23  5146.23  5146.23  5146.23  5146.23  5146.23  5146.23  5146.23  5146.23  5146.23  5146.23  5146.23  5146.23  5146.23  5146.23  5146.23  
4551.39  4551.39  4551.39  4551.39  4551.39  4551.39  4551.39  4551.39  4551.39  4551.39  4551.39  4551.39  4551.39  4551.39  4551.39  4551.39  
4979.66  4979.66  4979.66  4979.66  4979.66  4979.66  4979.66  4979.66  4979.66  4979.66  4979.66  4979.66  4979.66  4979.66  4979.66  4979.66  
5712.59  5712.59  5712.59  5712.59  5712.59  5712.59  5712.59  5712.59  5712.59  5712.59  5712.59  5712.59  5712.59  5712.59  5712.59  5712.59  
4979.66  4979.66  4979.66  4979.66  4979.66  4979.66  4979.66  4979.66  4979.66  4979.66  4979.66  4979.66  4979.66  4979.66  4979.66  4979.66  
5712.59  5712.59  5712.59  5712.59  5712.59  5712.59  5712.59  5712.59  5712.59  5712.59  5712.59  5712.59  5712.59  5712.59  5712.59  5712.59  
6347.29  6347.29  6347.29  6347.29  6347.29  6347.29  6347.29  6347.29  6347.29  6347.29  6347.29  6347.29  6347.29  6347.29  6347.29  6347.29  
5907.04  5907.04  5907.04  5907.04  5907.04  5907.04  5907.04  5907.04  5907.04  5907.04  5907.04  5907.04  5907.04  5907.04  5907.04  5907.04  
