6039.09  6039.09  6039.09  6039.09  6039.09  6039.09  6039.09  6039.09  6039.09  6039.09  6039.09  6039.09  6039.09  6039.09  6039.09  6039.09  
5751.73  5751.73  5751.73  5751.73  5751.73  5751.73  5751.73  5751.73  5751.73  5751.73  5751.73  5751.73  5751.73  5751.73  5751.73  5751.73  
6218.07  6218.07  6218.07  6218.07  6218.07  6218.07  6218.07  6218.07  6218.07  6218.07  6218.07  6218.07  6218.07  6218.07  6218.07  6218.07  
6378.81  6378.81  6378.81  6378.81  6378.81  6378.81  6378.81  6378.81  6378.81  6378.81  6378.81  6378.81  6378.81  6378.81  6378.81  6378.81  
5614.5  5614.5  5614.5  5614.5  5614.5  5614.5  5614.5  5614.5  5614.5  5614.5  5614.5  5614.5  5614.5  5614.5  5614.5  5614.5  
5910.59  5910.59  5910.59  5910.59  5910.59  5910.59  5910.59  5910.59  5910.59  5910.59  5910.59  5910.59  5910.59  5910.59  5910.59  5910.59  
7017.97  7017.97  7017.97  7017.97  7017.97  7017.97  7017.97  7017.97  7017.97  7017.97  7017.97  7017.97  7017.97  7017.97  7017.97  7017.97  
6588.16  6588.16  6588.16  6588.16  6588.16  6588.16  6588.16  6588.16  6588.16  6588.16  6588.16  6588.16  6588.16  6588.16  6588.16  6588.16  
6814.19  6814.19  6814.19  6814.19  6814.19  6814.19  6814.19  6814.19  6814.19  6814.19  6814.19  6814.19  6814.19  6814.19  6814.19  6814.19  
6804.41  6804.41  6804.41  6804.41  6804.41  6804.41  6804.41  6804.41  6804.41  6804.41  6804.41  6804.41  6804.41  6804.41  6804.41  6804.41  
5546.28  5546.28  5546.28  5546.28  5546.28  5546.28  5546.28  5546.28  5546.28  5546.28  5546.28  5546.28  5546.28  5546.28  5546.28  5546.28  
5368.65  5368.65  5368.65  5368.65  5368.65  5368.65  5368.65  5368.65  5368.65  5368.65  5368.65  5368.65  5368.65  5368.65  5368.65  5368.65  
6399.82  6399.82  6399.82  6399.82  6399.82  6399.82  6399.82  6399.82  6399.82  6399.82  6399.82  6399.82  6399.82  6399.82  6399.82  6399.82  
6180.81  6180.81  6180.81  6180.81  6180.81  6180.81  6180.81  6180.81  6180.81  6180.81  6180.81  6180.81  6180.81  6180.81  6180.81  6180.81  
5892.34  5892.34  5892.34  5892.34  5892.34  5892.34  5892.34  5892.34  5892.34  5892.34  5892.34  5892.34  5892.34  5892.34  5892.34  5892.34  
7068.83  7068.83  7068.83  7068.83  7068.83  7068.83  7068.83  7068.83  7068.83  7068.83  7068.83  7068.83  7068.83  7068.83  7068.83  7068.83  
5366.15  5366.15  5366.15  5366.15  5366.15  5366.15  5366.15  5366.15  5366.15  5366.15  5366.15  5366.15  5366.15  5366.15  5366.15  5366.15  
6580.56  6580.56  6580.56  6580.56  6580.56  6580.56  6580.56  6580.56  6580.56  6580.56  6580.56  6580.56  6580.56  6580.56  6580.56  6580.56  
5748.12  5748.12  5748.12  5748.12  5748.12  5748.12  5748.12  5748.12  5748.12  5748.12  5748.12  5748.12  5748.12  5748.12  5748.12  5748.12  
6037.01  6037.01  6037.01  6037.01  6037.01  6037.01  6037.01  6037.01  6037.01  6037.01  6037.01  6037.01  6037.01  6037.01  6037.01  6037.01  
