5548.51  5548.51  5548.51  5548.51  5548.51  5548.51  5548.51  5548.51  5548.51  5548.51  5548.51  5548.51  5548.51  5548.51  5548.51  5548.51  5548.51  5548.51  5548.51  5548.51  5548.51  5548.51  5548.51  5548.51  
5196.04  5196.04  5196.04  5196.04  5196.04  5196.04  5196.04  5196.04  5196.04  5196.04  5196.04  5196.04  5196.04  5196.04  5196.04  5196.04  5196.04  5196.04  5196.04  5196.04  5196.04  5196.04  5196.04  5196.04  
5115.11  5115.11  5115.11  5115.11  5115.11  5115.11  5115.11  5115.11  5115.11  5115.11  5115.11  5115.11  5115.11  5115.11  5115.11  5115.11  5115.11  5115.11  5115.11  5115.11  5115.11  5115.11  5115.11  5115.11  
5698.32  5698.32  5698.32  5698.32  5698.32  5698.32  5698.32  5698.32  5698.32  5698.32  5698.32  5698.32  5698.32  5698.32  5698.32  5698.32  5698.32  5698.32  5698.32  5698.32  5698.32  5698.32  5698.32  5698.32  
5717.53  5717.53  5717.53  5717.53  5717.53  5717.53  5717.53  5717.53  5717.53  5717.53  5717.53  5717.53  5717.53  5717.53  5717.53  5717.53  5717.53  5717.53  5717.53  5717.53  5717.53  5717.53  5717.53  5717.53  
5248.68  5248.68  5248.68  5248.68  5248.68  5248.68  5248.68  5248.68  5248.68  5248.68  5248.68  5248.68  5248.68  5248.68  5248.68  5248.68  5248.68  5248.68  5248.68  5248.68  5248.68  5248.68  5248.68  5248.68  
5756.44  5756.44  5756.44  5756.44  5756.44  5756.44  5756.44  5756.44  5756.44  5756.44  5756.44  5756.44  5756.44  5756.44  5756.44  5756.44  5756.44  5756.44  5756.44  5756.44  5756.44  5756.44  5756.44  5756.44  
5478.2  5478.2  5478.2  5478.2  5478.2  5478.2  5478.2  5478.2  5478.2  5478.2  5478.2  5478.2  5478.2  5478.2  5478.2  5478.2  5478.2  5478.2  5478.2  5478.2  5478.2  5478.2  5478.2  5478.2  
5128.03  5128.03  5128.03  5128.03  5128.03  5128.03  5128.03  5128.03  5128.03  5128.03  5128.03  5128.03  5128.03  5128.03  5128.03  5128.03  5128.03  5128.03  5128.03  5128.03  5128.03  5128.03  5128.03  5128.03  
5790.4  5790.4  5790.4  5790.4  5790.4  5790.4  5790.4  5790.4  5790.4  5790.4  5790.4  5790.4  5790.4  5790.4  5790.4  5790.4  5790.4  5790.4  5790.4  5790.4  5790.4  5790.4  5790.4  5790.4  
5406.06  5406.06  5406.06  5406.06  5406.06  5406.06  5406.06  5406.06  5406.06  5406.06  5406.06  5406.06  5406.06  5406.06  5406.06  5406.06  5406.06  5406.06  5406.06  5406.06  5406.06  5406.06  5406.06  5406.06  
5265.78  5265.78  5265.78  5265.78  5265.78  5265.78  5265.78  5265.78  5265.78  5265.78  5265.78  5265.78  5265.78  5265.78  5265.78  5265.78  5265.78  5265.78  5265.78  5265.78  5265.78  5265.78  5265.78  5265.78  
5463.88  5463.88  5463.88  5463.88  5463.88  5463.88  5463.88  5463.88  5463.88  5463.88  5463.88  5463.88  5463.88  5463.88  5463.88  5463.88  5463.88  5463.88  5463.88  5463.88  5463.88  5463.88  5463.88  5463.88  
5621.99  5621.99  5621.99  5621.99  5621.99  5621.99  5621.99  5621.99  5621.99  5621.99  5621.99  5621.99  5621.99  5621.99  5621.99  5621.99  5621.99  5621.99  5621.99  5621.99  5621.99  5621.99  5621.99  5621.99  
5037.14  5037.14  5037.14  5037.14  5037.14  5037.14  5037.14  5037.14  5037.14  5037.14  5037.14  5037.14  5037.14  5037.14  5037.14  5037.14  5037.14  5037.14  5037.14  5037.14  5037.14  5037.14  5037.14  5037.14  
5338.17  5338.17  5338.17  5338.17  5338.17  5338.17  5338.17  5338.17  5338.17  5338.17  5338.17  5338.17  5338.17  5338.17  5338.17  5338.17  5338.17  5338.17  5338.17  5338.17  5338.17  5338.17  5338.17  5338.17  
5037.14  5037.14  5037.14  5037.14  5037.14  5037.14  5037.14  5037.14  5037.14  5037.14  5037.14  5037.14  5037.14  5037.14  5037.14  5037.14  5037.14  5037.14  5037.14  5037.14  5037.14  5037.14  5037.14  5037.14  
5621.76  5621.76  5621.76  5621.76  5621.76  5621.76  5621.76  5621.76  5621.76  5621.76  5621.76  5621.76  5621.76  5621.76  5621.76  5621.76  5621.76  5621.76  5621.76  5621.76  5621.76  5621.76  5621.76  5621.76  
5546.76  5546.76  5546.76  5546.76  5546.76  5546.76  5546.76  5546.76  5546.76  5546.76  5546.76  5546.76  5546.76  5546.76  5546.76  5546.76  5546.76  5546.76  5546.76  5546.76  5546.76  5546.76  5546.76  5546.76  
5338.17  5338.17  5338.17  5338.17  5338.17  5338.17  5338.17  5338.17  5338.17  5338.17  5338.17  5338.17  5338.17  5338.17  5338.17  5338.17  5338.17  5338.17  5338.17  5338.17  5338.17  5338.17  5338.17  5338.17  
