7789.17  7789.17  7789.17  7789.17  7789.17  7789.17  7789.17  7789.17  7789.17  7789.17  7789.17  7789.17  7789.17  7789.17  7789.17  7789.17  
7618.37  7618.37  7618.37  7618.37  7618.37  7618.37  7618.37  7618.37  7618.37  7618.37  7618.37  7618.37  7618.37  7618.37  7618.37  7618.37  
7429.87  7429.87  7429.87  7429.87  7429.87  7429.87  7429.87  7429.87  7429.87  7429.87  7429.87  7429.87  7429.87  7429.87  7429.87  7429.87  
7361.13  7361.13  7361.13  7361.13  7361.13  7361.13  7361.13  7361.13  7361.13  7361.13  7361.13  7361.13  7361.13  7361.13  7361.13  7361.13  
7616.3  7616.3  7616.3  7616.3  7616.3  7616.3  7616.3  7616.3  7616.3  7616.3  7616.3  7616.3  7616.3  7616.3  7616.3  7616.3  
7307.98  7307.98  7307.98  7307.98  7307.98  7307.98  7307.98  7307.98  7307.98  7307.98  7307.98  7307.98  7307.98  7307.98  7307.98  7307.98  
7215.39  7215.39  7215.39  7215.39  7215.39  7215.39  7215.39  7215.39  7215.39  7215.39  7215.39  7215.39  7215.39  7215.39  7215.39  7215.39  
7453.76  7453.76  7453.76  7453.76  7453.76  7453.76  7453.76  7453.76  7453.76  7453.76  7453.76  7453.76  7453.76  7453.76  7453.76  7453.76  
7190.41  7190.41  7190.41  7190.41  7190.41  7190.41  7190.41  7190.41  7190.41  7190.41  7190.41  7190.41  7190.41  7190.41  7190.41  7190.41  
7063.65  7063.65  7063.65  7063.65  7063.65  7063.65  7063.65  7063.65  7063.65  7063.65  7063.65  7063.65  7063.65  7063.65  7063.65  7063.65  
7099.43  7099.43  7099.43  7099.43  7099.43  7099.43  7099.43  7099.43  7099.43  7099.43  7099.43  7099.43  7099.43  7099.43  7099.43  7099.43  
6910.71  6910.71  6910.71  6910.71  6910.71  6910.71  6910.71  6910.71  6910.71  6910.71  6910.71  6910.71  6910.71  6910.71  6910.71  6910.71  
6942.03  6942.03  6942.03  6942.03  6942.03  6942.03  6942.03  6942.03  6942.03  6942.03  6942.03  6942.03  6942.03  6942.03  6942.03  6942.03  
7683.07  7683.07  7683.07  7683.07  7683.07  7683.07  7683.07  7683.07  7683.07  7683.07  7683.07  7683.07  7683.07  7683.07  7683.07  7683.07  
7534.59  7534.59  7534.59  7534.59  7534.59  7534.59  7534.59  7534.59  7534.59  7534.59  7534.59  7534.59  7534.59  7534.59  7534.59  7534.59  
7713.1  7713.1  7713.1  7713.1  7713.1  7713.1  7713.1  7713.1  7713.1  7713.1  7713.1  7713.1  7713.1  7713.1  7713.1  7713.1  
6812.14  6812.14  6812.14  6812.14  6812.14  6812.14  6812.14  6812.14  6812.14  6812.14  6812.14  6812.14  6812.14  6812.14  6812.14  6812.14  
7534.82  7534.82  7534.82  7534.82  7534.82  7534.82  7534.82  7534.82  7534.82  7534.82  7534.82  7534.82  7534.82  7534.82  7534.82  7534.82  
6793.7  6793.7  6793.7  6793.7  6793.7  6793.7  6793.7  6793.7  6793.7  6793.7  6793.7  6793.7  6793.7  6793.7  6793.7  6793.7  
7018.4  7018.4  7018.4  7018.4  7018.4  7018.4  7018.4  7018.4  7018.4  7018.4  7018.4  7018.4  7018.4  7018.4  7018.4  7018.4  
