12004.2  12004.2  12004.2  12004.2  12004.2  12004.2  12004.2  12004.2  12004.2  12004.2  12004.2  12004.2  12004.2  12004.2  12004.2  12004.2  12004.2  12004.2  
12165.5  12165.5  12165.5  12165.5  12165.5  12165.5  12165.5  12165.5  12165.5  12165.5  12165.5  12165.5  12165.5  12165.5  12165.5  12165.5  12165.5  12165.5  
12082.6  12082.6  12082.6  12082.6  12082.6  12082.6  12082.6  12082.6  12082.6  12082.6  12082.6  12082.6  12082.6  12082.6  12082.6  12082.6  12082.6  12082.6  
11699.1  11699.1  11699.1  11699.1  11699.1  11699.1  11699.1  11699.1  11699.1  11699.1  11699.1  11699.1  11699.1  11699.1  11699.1  11699.1  11699.1  11699.1  
12350.3  12350.3  12350.3  12350.3  12350.3  12350.3  12350.3  12350.3  12350.3  12350.3  12350.3  12350.3  12350.3  12350.3  12350.3  12350.3  12350.3  12350.3  
11795.1  11795.1  11795.1  11795.1  11795.1  11795.1  11795.1  11795.1  11795.1  11795.1  11795.1  11795.1  11795.1  11795.1  11795.1  11795.1  11795.1  11795.1  
11898.7  11898.7  11898.7  11898.7  11898.7  11898.7  11898.7  11898.7  11898.7  11898.7  11898.7  11898.7  11898.7  11898.7  11898.7  11898.7  11898.7  11898.7  
12249  12249  12249  12249  12249  12249  12249  12249  12249  12249  12249  12249  12249  12249  12249  12249  12249  12249  
12416.9  12416.9  12416.9  12416.9  12416.9  12416.9  12416.9  12416.9  12416.9  12416.9  12416.9  12416.9  12416.9  12416.9  12416.9  12416.9  12416.9  12416.9  
12681.5  12681.5  12681.5  12681.5  12681.5  12681.5  12681.5  12681.5  12681.5  12681.5  12681.5  12681.5  12681.5  12681.5  12681.5  12681.5  12681.5  12681.5  
12820  12820  12820  12820  12820  12820  12820  12820  12820  12820  12820  12820  12820  12820  12820  12820  12820  12820  
12811.8  12811.8  12811.8  12811.8  12811.8  12811.8  12811.8  12811.8  12811.8  12811.8  12811.8  12811.8  12811.8  12811.8  12811.8  12811.8  12811.8  12811.8  
12674.9  12674.9  12674.9  12674.9  12674.9  12674.9  12674.9  12674.9  12674.9  12674.9  12674.9  12674.9  12674.9  12674.9  12674.9  12674.9  12674.9  12674.9  
11481.2  11481.2  11481.2  11481.2  11481.2  11481.2  11481.2  11481.2  11481.2  11481.2  11481.2  11481.2  11481.2  11481.2  11481.2  11481.2  11481.2  11481.2  
12549.1  12549.1  12549.1  12549.1  12549.1  12549.1  12549.1  12549.1  12549.1  12549.1  12549.1  12549.1  12549.1  12549.1  12549.1  12549.1  12549.1  12549.1  
11589.9  11589.9  11589.9  11589.9  11589.9  11589.9  11589.9  11589.9  11589.9  11589.9  11589.9  11589.9  11589.9  11589.9  11589.9  11589.9  11589.9  11589.9  
11481.2  11481.2  11481.2  11481.2  11481.2  11481.2  11481.2  11481.2  11481.2  11481.2  11481.2  11481.2  11481.2  11481.2  11481.2  11481.2  11481.2  11481.2  
12549.1  12549.1  12549.1  12549.1  12549.1  12549.1  12549.1  12549.1  12549.1  12549.1  12549.1  12549.1  12549.1  12549.1  12549.1  12549.1  12549.1  12549.1  
11589.9  11589.9  11589.9  11589.9  11589.9  11589.9  11589.9  11589.9  11589.9  11589.9  11589.9  11589.9  11589.9  11589.9  11589.9  11589.9  11589.9  11589.9  
11892.1  11892.1  11892.1  11892.1  11892.1  11892.1  11892.1  11892.1  11892.1  11892.1  11892.1  11892.1  11892.1  11892.1  11892.1  11892.1  11892.1  11892.1  
