5592.92  5592.92  5592.92  5592.92  5592.92  5592.92  5592.92  5592.92  5592.92  5592.92  5592.92  5592.92  5592.92  5592.92  5592.92  5592.92  
5897.89  5897.89  5897.89  5897.89  5897.89  5897.89  5897.89  5897.89  5897.89  5897.89  5897.89  5897.89  5897.89  5897.89  5897.89  5897.89  
5086.22  5086.22  5086.22  5086.22  5086.22  5086.22  5086.22  5086.22  5086.22  5086.22  5086.22  5086.22  5086.22  5086.22  5086.22  5086.22  
5628.05  5628.05  5628.05  5628.05  5628.05  5628.05  5628.05  5628.05  5628.05  5628.05  5628.05  5628.05  5628.05  5628.05  5628.05  5628.05  
4982.94  4982.94  4982.94  4982.94  4982.94  4982.94  4982.94  4982.94  4982.94  4982.94  4982.94  4982.94  4982.94  4982.94  4982.94  4982.94  
4915.58  4915.58  4915.58  4915.58  4915.58  4915.58  4915.58  4915.58  4915.58  4915.58  4915.58  4915.58  4915.58  4915.58  4915.58  4915.58  
6007.13  6007.13  6007.13  6007.13  6007.13  6007.13  6007.13  6007.13  6007.13  6007.13  6007.13  6007.13  6007.13  6007.13  6007.13  6007.13  
5770.39  5770.39  5770.39  5770.39  5770.39  5770.39  5770.39  5770.39  5770.39  5770.39  5770.39  5770.39  5770.39  5770.39  5770.39  5770.39  
5116.69  5116.69  5116.69  5116.69  5116.69  5116.69  5116.69  5116.69  5116.69  5116.69  5116.69  5116.69  5116.69  5116.69  5116.69  5116.69  
6082.93  6082.93  6082.93  6082.93  6082.93  6082.93  6082.93  6082.93  6082.93  6082.93  6082.93  6082.93  6082.93  6082.93  6082.93  6082.93  
6128.84  6128.84  6128.84  6128.84  6128.84  6128.84  6128.84  6128.84  6128.84  6128.84  6128.84  6128.84  6128.84  6128.84  6128.84  6128.84  
4762.54  4762.54  4762.54  4762.54  4762.54  4762.54  4762.54  4762.54  4762.54  4762.54  4762.54  4762.54  4762.54  4762.54  4762.54  4762.54  
5269.88  5269.88  5269.88  5269.88  5269.88  5269.88  5269.88  5269.88  5269.88  5269.88  5269.88  5269.88  5269.88  5269.88  5269.88  5269.88  
6225.55  6225.55  6225.55  6225.55  6225.55  6225.55  6225.55  6225.55  6225.55  6225.55  6225.55  6225.55  6225.55  6225.55  6225.55  6225.55  
4611.58  4611.58  4611.58  4611.58  4611.58  4611.58  4611.58  4611.58  4611.58  4611.58  4611.58  4611.58  4611.58  4611.58  4611.58  4611.58  
5432.12  5432.12  5432.12  5432.12  5432.12  5432.12  5432.12  5432.12  5432.12  5432.12  5432.12  5432.12  5432.12  5432.12  5432.12  5432.12  
4611.58  4611.58  4611.58  4611.58  4611.58  4611.58  4611.58  4611.58  4611.58  4611.58  4611.58  4611.58  4611.58  4611.58  4611.58  4611.58  
5432.12  5432.12  5432.12  5432.12  5432.12  5432.12  5432.12  5432.12  5432.12  5432.12  5432.12  5432.12  5432.12  5432.12  5432.12  5432.12  
5269.62  5269.62  5269.62  5269.62  5269.62  5269.62  5269.62  5269.62  5269.62  5269.62  5269.62  5269.62  5269.62  5269.62  5269.62  5269.62  
4771.89  4771.89  4771.89  4771.89  4771.89  4771.89  4771.89  4771.89  4771.89  4771.89  4771.89  4771.89  4771.89  4771.89  4771.89  4771.89  
