3066.07  3066.07  3066.07  3066.07  3066.07  3066.07  3066.07  3066.07  3066.07  3066.07  3066.07  3066.07  3066.07  3066.07  
4460.5  4460.5  4460.5  4460.5  4460.5  4460.5  4460.5  4460.5  4460.5  4460.5  4460.5  4460.5  4460.5  4460.5  
2935.68  2935.68  2935.68  2935.68  2935.68  2935.68  2935.68  2935.68  2935.68  2935.68  2935.68  2935.68  2935.68  2935.68  
3680.92  3680.92  3680.92  3680.92  3680.92  3680.92  3680.92  3680.92  3680.92  3680.92  3680.92  3680.92  3680.92  3680.92  
3724.39  3724.39  3724.39  3724.39  3724.39  3724.39  3724.39  3724.39  3724.39  3724.39  3724.39  3724.39  3724.39  3724.39  
3153.44  3153.44  3153.44  3153.44  3153.44  3153.44  3153.44  3153.44  3153.44  3153.44  3153.44  3153.44  3153.44  3153.44  
3579.55  3579.55  3579.55  3579.55  3579.55  3579.55  3579.55  3579.55  3579.55  3579.55  3579.55  3579.55  3579.55  3579.55  
4545.66  4545.66  4545.66  4545.66  4545.66  4545.66  4545.66  4545.66  4545.66  4545.66  4545.66  4545.66  4545.66  4545.66  
4043.78  4043.78  4043.78  4043.78  4043.78  4043.78  4043.78  4043.78  4043.78  4043.78  4043.78  4043.78  4043.78  4043.78  
2880.23  2880.23  2880.23  2880.23  2880.23  2880.23  2880.23  2880.23  2880.23  2880.23  2880.23  2880.23  2880.23  2880.23  
3880.65  3880.65  3880.65  3880.65  3880.65  3880.65  3880.65  3880.65  3880.65  3880.65  3880.65  3880.65  3880.65  3880.65  
4204.16  4204.16  4204.16  4204.16  4204.16  4204.16  4204.16  4204.16  4204.16  4204.16  4204.16  4204.16  4204.16  4204.16  
4354.13  4354.13  4354.13  4354.13  4354.13  4354.13  4354.13  4354.13  4354.13  4354.13  4354.13  4354.13  4354.13  4354.13  
4240.95  4240.95  4240.95  4240.95  4240.95  4240.95  4240.95  4240.95  4240.95  4240.95  4240.95  4240.95  4240.95  4240.95  
3438.83  3438.83  3438.83  3438.83  3438.83  3438.83  3438.83  3438.83  3438.83  3438.83  3438.83  3438.83  3438.83  3438.83  
3295.44  3295.44  3295.44  3295.44  3295.44  3295.44  3295.44  3295.44  3295.44  3295.44  3295.44  3295.44  3295.44  3295.44  
4048.71  4048.71  4048.71  4048.71  4048.71  4048.71  4048.71  4048.71  4048.71  4048.71  4048.71  4048.71  4048.71  4048.71  
3862.96  3862.96  3862.96  3862.96  3862.96  3862.96  3862.96  3862.96  3862.96  3862.96  3862.96  3862.96  3862.96  3862.96  
3295.44  3295.44  3295.44  3295.44  3295.44  3295.44  3295.44  3295.44  3295.44  3295.44  3295.44  3295.44  3295.44  3295.44  
3432.56  3432.56  3432.56  3432.56  3432.56  3432.56  3432.56  3432.56  3432.56  3432.56  3432.56  3432.56  3432.56  3432.56  
