11818.1  11818.1  11818.1  11818.1  11818.1  11818.1  11818.1  11818.1  11818.1  11818.1  11818.1  11818.1  11818.1  11818.1  11818.1  11818.1  11818.1  11818.1  
12506.8  12506.8  12506.8  12506.8  12506.8  12506.8  12506.8  12506.8  12506.8  12506.8  12506.8  12506.8  12506.8  12506.8  12506.8  12506.8  12506.8  12506.8  
12292.8  12292.8  12292.8  12292.8  12292.8  12292.8  12292.8  12292.8  12292.8  12292.8  12292.8  12292.8  12292.8  12292.8  12292.8  12292.8  12292.8  12292.8  
12338.4  12338.4  12338.4  12338.4  12338.4  12338.4  12338.4  12338.4  12338.4  12338.4  12338.4  12338.4  12338.4  12338.4  12338.4  12338.4  12338.4  12338.4  
12102.3  12102.3  12102.3  12102.3  12102.3  12102.3  12102.3  12102.3  12102.3  12102.3  12102.3  12102.3  12102.3  12102.3  12102.3  12102.3  12102.3  12102.3  
12193.9  12193.9  12193.9  12193.9  12193.9  12193.9  12193.9  12193.9  12193.9  12193.9  12193.9  12193.9  12193.9  12193.9  12193.9  12193.9  12193.9  12193.9  
11503.4  11503.4  11503.4  11503.4  11503.4  11503.4  11503.4  11503.4  11503.4  11503.4  11503.4  11503.4  11503.4  11503.4  11503.4  11503.4  11503.4  11503.4  
12448.6  12448.6  12448.6  12448.6  12448.6  12448.6  12448.6  12448.6  12448.6  12448.6  12448.6  12448.6  12448.6  12448.6  12448.6  12448.6  12448.6  12448.6  
12606.6  12606.6  12606.6  12606.6  12606.6  12606.6  12606.6  12606.6  12606.6  12606.6  12606.6  12606.6  12606.6  12606.6  12606.6  12606.6  12606.6  12606.6  
11891.1  11891.1  11891.1  11891.1  11891.1  11891.1  11891.1  11891.1  11891.1  11891.1  11891.1  11891.1  11891.1  11891.1  11891.1  11891.1  11891.1  11891.1  
12722.1  12722.1  12722.1  12722.1  12722.1  12722.1  12722.1  12722.1  12722.1  12722.1  12722.1  12722.1  12722.1  12722.1  12722.1  12722.1  12722.1  12722.1  
12769.8  12769.8  12769.8  12769.8  12769.8  12769.8  12769.8  12769.8  12769.8  12769.8  12769.8  12769.8  12769.8  12769.8  12769.8  12769.8  12769.8  12769.8  
11601.8  11601.8  11601.8  11601.8  11601.8  11601.8  11601.8  11601.8  11601.8  11601.8  11601.8  11601.8  11601.8  11601.8  11601.8  11601.8  11601.8  11601.8  
11431.3  11431.3  11431.3  11431.3  11431.3  11431.3  11431.3  11431.3  11431.3  11431.3  11431.3  11431.3  11431.3  11431.3  11431.3  11431.3  11431.3  11431.3  
11709.8  11709.8  11709.8  11709.8  11709.8  11709.8  11709.8  11709.8  11709.8  11709.8  11709.8  11709.8  11709.8  11709.8  11709.8  11709.8  11709.8  11709.8  
12005.6  12005.6  12005.6  12005.6  12005.6  12005.6  12005.6  12005.6  12005.6  12005.6  12005.6  12005.6  12005.6  12005.6  12005.6  12005.6  12005.6  12005.6  
11431.3  11431.3  11431.3  11431.3  11431.3  11431.3  11431.3  11431.3  11431.3  11431.3  11431.3  11431.3  11431.3  11431.3  11431.3  11431.3  11431.3  11431.3  
11709.8  11709.8  11709.8  11709.8  11709.8  11709.8  11709.8  11709.8  11709.8  11709.8  11709.8  11709.8  11709.8  11709.8  11709.8  11709.8  11709.8  11709.8  
12629.2  12629.2  12629.2  12629.2  12629.2  12629.2  12629.2  12629.2  12629.2  12629.2  12629.2  12629.2  12629.2  12629.2  12629.2  12629.2  12629.2  12629.2  
12005.6  12005.6  12005.6  12005.6  12005.6  12005.6  12005.6  12005.6  12005.6  12005.6  12005.6  12005.6  12005.6  12005.6  12005.6  12005.6  12005.6  12005.6  
