11962.7  11962.7  11962.7  11962.7  11962.7  11962.7  11962.7  11962.7  11962.7  11962.7  11962.7  11962.7  11962.7  11962.7  11962.7  11962.7  11962.7  11962.7  
12298.1  12298.1  12298.1  12298.1  12298.1  12298.1  12298.1  12298.1  12298.1  12298.1  12298.1  12298.1  12298.1  12298.1  12298.1  12298.1  12298.1  12298.1  
12331.3  12331.3  12331.3  12331.3  12331.3  12331.3  12331.3  12331.3  12331.3  12331.3  12331.3  12331.3  12331.3  12331.3  12331.3  12331.3  12331.3  12331.3  
11915.6  11915.6  11915.6  11915.6  11915.6  11915.6  11915.6  11915.6  11915.6  11915.6  11915.6  11915.6  11915.6  11915.6  11915.6  11915.6  11915.6  11915.6  
11763.4  11763.4  11763.4  11763.4  11763.4  11763.4  11763.4  11763.4  11763.4  11763.4  11763.4  11763.4  11763.4  11763.4  11763.4  11763.4  11763.4  11763.4  
12225.5  12225.5  12225.5  12225.5  12225.5  12225.5  12225.5  12225.5  12225.5  12225.5  12225.5  12225.5  12225.5  12225.5  12225.5  12225.5  12225.5  12225.5  
11669.8  11669.8  11669.8  11669.8  11669.8  11669.8  11669.8  11669.8  11669.8  11669.8  11669.8  11669.8  11669.8  11669.8  11669.8  11669.8  11669.8  11669.8  
12134.3  12134.3  12134.3  12134.3  12134.3  12134.3  12134.3  12134.3  12134.3  12134.3  12134.3  12134.3  12134.3  12134.3  12134.3  12134.3  12134.3  12134.3  
11841.2  11841.2  11841.2  11841.2  11841.2  11841.2  11841.2  11841.2  11841.2  11841.2  11841.2  11841.2  11841.2  11841.2  11841.2  11841.2  11841.2  11841.2  
12403.2  12403.2  12403.2  12403.2  12403.2  12403.2  12403.2  12403.2  12403.2  12403.2  12403.2  12403.2  12403.2  12403.2  12403.2  12403.2  12403.2  12403.2  
12440.7  12440.7  12440.7  12440.7  12440.7  12440.7  12440.7  12440.7  12440.7  12440.7  12440.7  12440.7  12440.7  12440.7  12440.7  12440.7  12440.7  12440.7  
12521.9  12521.9  12521.9  12521.9  12521.9  12521.9  12521.9  12521.9  12521.9  12521.9  12521.9  12521.9  12521.9  12521.9  12521.9  12521.9  12521.9  12521.9  
11700  11700  11700  11700  11700  11700  11700  11700  11700  11700  11700  11700  11700  11700  11700  11700  11700  11700  
12610.1  12610.1  12610.1  12610.1  12610.1  12610.1  12610.1  12610.1  12610.1  12610.1  12610.1  12610.1  12610.1  12610.1  12610.1  12610.1  12610.1  12610.1  
11577.4  11577.4  11577.4  11577.4  11577.4  11577.4  11577.4  11577.4  11577.4  11577.4  11577.4  11577.4  11577.4  11577.4  11577.4  11577.4  11577.4  11577.4  
12053.1  12053.1  12053.1  12053.1  12053.1  12053.1  12053.1  12053.1  12053.1  12053.1  12053.1  12053.1  12053.1  12053.1  12053.1  12053.1  12053.1  12053.1  
12610.1  12610.1  12610.1  12610.1  12610.1  12610.1  12610.1  12610.1  12610.1  12610.1  12610.1  12610.1  12610.1  12610.1  12610.1  12610.1  12610.1  12610.1  
11577.4  11577.4  11577.4  11577.4  11577.4  11577.4  11577.4  11577.4  11577.4  11577.4  11577.4  11577.4  11577.4  11577.4  11577.4  11577.4  11577.4  11577.4  
12053.1  12053.1  12053.1  12053.1  12053.1  12053.1  12053.1  12053.1  12053.1  12053.1  12053.1  12053.1  12053.1  12053.1  12053.1  12053.1  12053.1  12053.1  
12518.7  12518.7  12518.7  12518.7  12518.7  12518.7  12518.7  12518.7  12518.7  12518.7  12518.7  12518.7  12518.7  12518.7  12518.7  12518.7  12518.7  12518.7  
