3412.04  3412.04  3412.04  3412.04  3412.04  3412.04  3412.04  3412.04  3412.04  3412.04  3412.04  3412.04  3412.04  3412.04  
4111.59  4111.59  4111.59  4111.59  4111.59  4111.59  4111.59  4111.59  4111.59  4111.59  4111.59  4111.59  4111.59  4111.59  
4057.37  4057.37  4057.37  4057.37  4057.37  4057.37  4057.37  4057.37  4057.37  4057.37  4057.37  4057.37  4057.37  4057.37  
4483.43  4483.43  4483.43  4483.43  4483.43  4483.43  4483.43  4483.43  4483.43  4483.43  4483.43  4483.43  4483.43  4483.43  
3506.66  3506.66  3506.66  3506.66  3506.66  3506.66  3506.66  3506.66  3506.66  3506.66  3506.66  3506.66  3506.66  3506.66  
3554.45  3554.45  3554.45  3554.45  3554.45  3554.45  3554.45  3554.45  3554.45  3554.45  3554.45  3554.45  3554.45  3554.45  
4564.78  4564.78  4564.78  4564.78  4564.78  4564.78  4564.78  4564.78  4564.78  4564.78  4564.78  4564.78  4564.78  4564.78  
2964.81  2964.81  2964.81  2964.81  2964.81  2964.81  2964.81  2964.81  2964.81  2964.81  2964.81  2964.81  2964.81  2964.81  
3127.24  3127.24  3127.24  3127.24  3127.24  3127.24  3127.24  3127.24  3127.24  3127.24  3127.24  3127.24  3127.24  3127.24  
4313.08  4313.08  4313.08  4313.08  4313.08  4313.08  4313.08  4313.08  4313.08  4313.08  4313.08  4313.08  4313.08  4313.08  
4343.42  4343.42  4343.42  4343.42  4343.42  4343.42  4343.42  4343.42  4343.42  4343.42  4343.42  4343.42  4343.42  4343.42  
3953.86  3953.86  3953.86  3953.86  3953.86  3953.86  3953.86  3953.86  3953.86  3953.86  3953.86  3953.86  3953.86  3953.86  
3817.2  3817.2  3817.2  3817.2  3817.2  3817.2  3817.2  3817.2  3817.2  3817.2  3817.2  3817.2  3817.2  3817.2  
3270.02  3270.02  3270.02  3270.02  3270.02  3270.02  3270.02  3270.02  3270.02  3270.02  3270.02  3270.02  3270.02  3270.02  
3685.63  3685.63  3685.63  3685.63  3685.63  3685.63  3685.63  3685.63  3685.63  3685.63  3685.63  3685.63  3685.63  3685.63  
2870.11  2870.11  2870.11  2870.11  2870.11  2870.11  2870.11  2870.11  2870.11  2870.11  2870.11  2870.11  2870.11  2870.11  
2870.11  2870.11  2870.11  2870.11  2870.11  2870.11  2870.11  2870.11  2870.11  2870.11  2870.11  2870.11  2870.11  2870.11  
3100.28  3100.28  3100.28  3100.28  3100.28  3100.28  3100.28  3100.28  3100.28  3100.28  3100.28  3100.28  3100.28  3100.28  
3296.68  3296.68  3296.68  3296.68  3296.68  3296.68  3296.68  3296.68  3296.68  3296.68  3296.68  3296.68  3296.68  3296.68  
3809  3809  3809  3809  3809  3809  3809  3809  3809  3809  3809  3809  3809  3809  
