5478.22  5478.22  5478.22  5478.22  5478.22  5478.22  5478.22  5478.22  5478.22  5478.22  5478.22  5478.22  5478.22  5478.22  5478.22  5478.22  5478.22  5478.22  5478.22  5478.22  5478.22  5478.22  5478.22  5478.22  
5372.7  5372.7  5372.7  5372.7  5372.7  5372.7  5372.7  5372.7  5372.7  5372.7  5372.7  5372.7  5372.7  5372.7  5372.7  5372.7  5372.7  5372.7  5372.7  5372.7  5372.7  5372.7  5372.7  5372.7  
5319.91  5319.91  5319.91  5319.91  5319.91  5319.91  5319.91  5319.91  5319.91  5319.91  5319.91  5319.91  5319.91  5319.91  5319.91  5319.91  5319.91  5319.91  5319.91  5319.91  5319.91  5319.91  5319.91  5319.91  
5698.76  5698.76  5698.76  5698.76  5698.76  5698.76  5698.76  5698.76  5698.76  5698.76  5698.76  5698.76  5698.76  5698.76  5698.76  5698.76  5698.76  5698.76  5698.76  5698.76  5698.76  5698.76  5698.76  5698.76  
5626.35  5626.35  5626.35  5626.35  5626.35  5626.35  5626.35  5626.35  5626.35  5626.35  5626.35  5626.35  5626.35  5626.35  5626.35  5626.35  5626.35  5626.35  5626.35  5626.35  5626.35  5626.35  5626.35  5626.35  
5424.33  5424.33  5424.33  5424.33  5424.33  5424.33  5424.33  5424.33  5424.33  5424.33  5424.33  5424.33  5424.33  5424.33  5424.33  5424.33  5424.33  5424.33  5424.33  5424.33  5424.33  5424.33  5424.33  5424.33  
5572.76  5572.76  5572.76  5572.76  5572.76  5572.76  5572.76  5572.76  5572.76  5572.76  5572.76  5572.76  5572.76  5572.76  5572.76  5572.76  5572.76  5572.76  5572.76  5572.76  5572.76  5572.76  5572.76  5572.76  
5881.39  5881.39  5881.39  5881.39  5881.39  5881.39  5881.39  5881.39  5881.39  5881.39  5881.39  5881.39  5881.39  5881.39  5881.39  5881.39  5881.39  5881.39  5881.39  5881.39  5881.39  5881.39  5881.39  5881.39  
5732.73  5732.73  5732.73  5732.73  5732.73  5732.73  5732.73  5732.73  5732.73  5732.73  5732.73  5732.73  5732.73  5732.73  5732.73  5732.73  5732.73  5732.73  5732.73  5732.73  5732.73  5732.73  5732.73  5732.73  
5944.48  5944.48  5944.48  5944.48  5944.48  5944.48  5944.48  5944.48  5944.48  5944.48  5944.48  5944.48  5944.48  5944.48  5944.48  5944.48  5944.48  5944.48  5944.48  5944.48  5944.48  5944.48  5944.48  5944.48  
6111.16  6111.16  6111.16  6111.16  6111.16  6111.16  6111.16  6111.16  6111.16  6111.16  6111.16  6111.16  6111.16  6111.16  6111.16  6111.16  6111.16  6111.16  6111.16  6111.16  6111.16  6111.16  6111.16  6111.16  
5151.62  5151.62  5151.62  5151.62  5151.62  5151.62  5151.62  5151.62  5151.62  5151.62  5151.62  5151.62  5151.62  5151.62  5151.62  5151.62  5151.62  5151.62  5151.62  5151.62  5151.62  5151.62  5151.62  5151.62  
6023.22  6023.22  6023.22  6023.22  6023.22  6023.22  6023.22  6023.22  6023.22  6023.22  6023.22  6023.22  6023.22  6023.22  6023.22  6023.22  6023.22  6023.22  6023.22  6023.22  6023.22  6023.22  6023.22  6023.22  
5808.13  5808.13  5808.13  5808.13  5808.13  5808.13  5808.13  5808.13  5808.13  5808.13  5808.13  5808.13  5808.13  5808.13  5808.13  5808.13  5808.13  5808.13  5808.13  5808.13  5808.13  5808.13  5808.13  5808.13  
5242.67  5242.67  5242.67  5242.67  5242.67  5242.67  5242.67  5242.67  5242.67  5242.67  5242.67  5242.67  5242.67  5242.67  5242.67  5242.67  5242.67  5242.67  5242.67  5242.67  5242.67  5242.67  5242.67  5242.67  
5047.28  5047.28  5047.28  5047.28  5047.28  5047.28  5047.28  5047.28  5047.28  5047.28  5047.28  5047.28  5047.28  5047.28  5047.28  5047.28  5047.28  5047.28  5047.28  5047.28  5047.28  5047.28  5047.28  5047.28  
5047.28  5047.28  5047.28  5047.28  5047.28  5047.28  5047.28  5047.28  5047.28  5047.28  5047.28  5047.28  5047.28  5047.28  5047.28  5047.28  5047.28  5047.28  5047.28  5047.28  5047.28  5047.28  5047.28  5047.28  
6090.3  6090.3  6090.3  6090.3  6090.3  6090.3  6090.3  6090.3  6090.3  6090.3  6090.3  6090.3  6090.3  6090.3  6090.3  6090.3  6090.3  6090.3  6090.3  6090.3  6090.3  6090.3  6090.3  6090.3  
5165.86  5165.86  5165.86  5165.86  5165.86  5165.86  5165.86  5165.86  5165.86  5165.86  5165.86  5165.86  5165.86  5165.86  5165.86  5165.86  5165.86  5165.86  5165.86  5165.86  5165.86  5165.86  5165.86  5165.86  
5236.13  5236.13  5236.13  5236.13  5236.13  5236.13  5236.13  5236.13  5236.13  5236.13  5236.13  5236.13  5236.13  5236.13  5236.13  5236.13  5236.13  5236.13  5236.13  5236.13  5236.13  5236.13  5236.13  5236.13  
