6326.77  6326.77  6326.77  6326.77  6326.77  6326.77  6326.77  6326.77  6326.77  6326.77  6326.77  6326.77  6326.77  6326.77  6326.77  6326.77  
7360.55  7360.55  7360.55  7360.55  7360.55  7360.55  7360.55  7360.55  7360.55  7360.55  7360.55  7360.55  7360.55  7360.55  7360.55  7360.55  
7519.13  7519.13  7519.13  7519.13  7519.13  7519.13  7519.13  7519.13  7519.13  7519.13  7519.13  7519.13  7519.13  7519.13  7519.13  7519.13  
5948.4  5948.4  5948.4  5948.4  5948.4  5948.4  5948.4  5948.4  5948.4  5948.4  5948.4  5948.4  5948.4  5948.4  5948.4  5948.4  
6080.3  6080.3  6080.3  6080.3  6080.3  6080.3  6080.3  6080.3  6080.3  6080.3  6080.3  6080.3  6080.3  6080.3  6080.3  6080.3  
7836.11  7836.11  7836.11  7836.11  7836.11  7836.11  7836.11  7836.11  7836.11  7836.11  7836.11  7836.11  7836.11  7836.11  7836.11  7836.11  
6869.54  6869.54  6869.54  6869.54  6869.54  6869.54  6869.54  6869.54  6869.54  6869.54  6869.54  6869.54  6869.54  6869.54  6869.54  6869.54  
6592.85  6592.85  6592.85  6592.85  6592.85  6592.85  6592.85  6592.85  6592.85  6592.85  6592.85  6592.85  6592.85  6592.85  6592.85  6592.85  
6900.38  6900.38  6900.38  6900.38  6900.38  6900.38  6900.38  6900.38  6900.38  6900.38  6900.38  6900.38  6900.38  6900.38  6900.38  6900.38  
5428.79  5428.79  5428.79  5428.79  5428.79  5428.79  5428.79  5428.79  5428.79  5428.79  5428.79  5428.79  5428.79  5428.79  5428.79  5428.79  
7809.12  7809.12  7809.12  7809.12  7809.12  7809.12  7809.12  7809.12  7809.12  7809.12  7809.12  7809.12  7809.12  7809.12  7809.12  7809.12  
6574.11  6574.11  6574.11  6574.11  6574.11  6574.11  6574.11  6574.11  6574.11  6574.11  6574.11  6574.11  6574.11  6574.11  6574.11  6574.11  
5349.82  5349.82  5349.82  5349.82  5349.82  5349.82  5349.82  5349.82  5349.82  5349.82  5349.82  5349.82  5349.82  5349.82  5349.82  5349.82  
8076.05  8076.05  8076.05  8076.05  8076.05  8076.05  8076.05  8076.05  8076.05  8076.05  8076.05  8076.05  8076.05  8076.05  8076.05  8076.05  
5698.43  5698.43  5698.43  5698.43  5698.43  5698.43  5698.43  5698.43  5698.43  5698.43  5698.43  5698.43  5698.43  5698.43  5698.43  5698.43  
7160.02  7160.02  7160.02  7160.02  7160.02  7160.02  7160.02  7160.02  7160.02  7160.02  7160.02  7160.02  7160.02  7160.02  7160.02  7160.02  
5698.43  5698.43  5698.43  5698.43  5698.43  5698.43  5698.43  5698.43  5698.43  5698.43  5698.43  5698.43  5698.43  5698.43  5698.43  5698.43  
8075.62  8075.62  8075.62  8075.62  8075.62  8075.62  8075.62  8075.62  8075.62  8075.62  8075.62  8075.62  8075.62  8075.62  8075.62  8075.62  
6319.33  6319.33  6319.33  6319.33  6319.33  6319.33  6319.33  6319.33  6319.33  6319.33  6319.33  6319.33  6319.33  6319.33  6319.33  6319.33  
7160.02  7160.02  7160.02  7160.02  7160.02  7160.02  7160.02  7160.02  7160.02  7160.02  7160.02  7160.02  7160.02  7160.02  7160.02  7160.02  
