12217.8  12217.8  12217.8  12217.8  12217.8  12217.8  12217.8  12217.8  12217.8  12217.8  12217.8  12217.8  12217.8  12217.8  12217.8  12217.8  12217.8  12217.8  
11558  11558  11558  11558  11558  11558  11558  11558  11558  11558  11558  11558  11558  11558  11558  11558  11558  11558  
12363.7  12363.7  12363.7  12363.7  12363.7  12363.7  12363.7  12363.7  12363.7  12363.7  12363.7  12363.7  12363.7  12363.7  12363.7  12363.7  12363.7  12363.7  
11490.5  11490.5  11490.5  11490.5  11490.5  11490.5  11490.5  11490.5  11490.5  11490.5  11490.5  11490.5  11490.5  11490.5  11490.5  11490.5  11490.5  11490.5  
12295.6  12295.6  12295.6  12295.6  12295.6  12295.6  12295.6  12295.6  12295.6  12295.6  12295.6  12295.6  12295.6  12295.6  12295.6  12295.6  12295.6  12295.6  
11389.1  11389.1  11389.1  11389.1  11389.1  11389.1  11389.1  11389.1  11389.1  11389.1  11389.1  11389.1  11389.1  11389.1  11389.1  11389.1  11389.1  11389.1  
12139.4  12139.4  12139.4  12139.4  12139.4  12139.4  12139.4  12139.4  12139.4  12139.4  12139.4  12139.4  12139.4  12139.4  12139.4  12139.4  12139.4  12139.4  
11786.3  11786.3  11786.3  11786.3  11786.3  11786.3  11786.3  11786.3  11786.3  11786.3  11786.3  11786.3  11786.3  11786.3  11786.3  11786.3  11786.3  11786.3  
11776.3  11776.3  11776.3  11776.3  11776.3  11776.3  11776.3  11776.3  11776.3  11776.3  11776.3  11776.3  11776.3  11776.3  11776.3  11776.3  11776.3  11776.3  
12609.6  12609.6  12609.6  12609.6  12609.6  12609.6  12609.6  12609.6  12609.6  12609.6  12609.6  12609.6  12609.6  12609.6  12609.6  12609.6  12609.6  12609.6  
11333.1  11333.1  11333.1  11333.1  11333.1  11333.1  11333.1  11333.1  11333.1  11333.1  11333.1  11333.1  11333.1  11333.1  11333.1  11333.1  11333.1  11333.1  
12574.3  12574.3  12574.3  12574.3  12574.3  12574.3  12574.3  12574.3  12574.3  12574.3  12574.3  12574.3  12574.3  12574.3  12574.3  12574.3  12574.3  12574.3  
11913.4  11913.4  11913.4  11913.4  11913.4  11913.4  11913.4  11913.4  11913.4  11913.4  11913.4  11913.4  11913.4  11913.4  11913.4  11913.4  11913.4  11913.4  
12035.1  12035.1  12035.1  12035.1  12035.1  12035.1  12035.1  12035.1  12035.1  12035.1  12035.1  12035.1  12035.1  12035.1  12035.1  12035.1  12035.1  12035.1  
11668.6  11668.6  11668.6  11668.6  11668.6  11668.6  11668.6  11668.6  11668.6  11668.6  11668.6  11668.6  11668.6  11668.6  11668.6  11668.6  11668.6  11668.6  
12476.7  12476.7  12476.7  12476.7  12476.7  12476.7  12476.7  12476.7  12476.7  12476.7  12476.7  12476.7  12476.7  12476.7  12476.7  12476.7  12476.7  12476.7  
11913.4  11913.4  11913.4  11913.4  11913.4  11913.4  11913.4  11913.4  11913.4  11913.4  11913.4  11913.4  11913.4  11913.4  11913.4  11913.4  11913.4  11913.4  
12035.1  12035.1  12035.1  12035.1  12035.1  12035.1  12035.1  12035.1  12035.1  12035.1  12035.1  12035.1  12035.1  12035.1  12035.1  12035.1  12035.1  12035.1  
11668.6  11668.6  11668.6  11668.6  11668.6  11668.6  11668.6  11668.6  11668.6  11668.6  11668.6  11668.6  11668.6  11668.6  11668.6  11668.6  11668.6  11668.6  
12476.7  12476.7  12476.7  12476.7  12476.7  12476.7  12476.7  12476.7  12476.7  12476.7  12476.7  12476.7  12476.7  12476.7  12476.7  12476.7  12476.7  12476.7  
