5783.34  5783.34  5783.34  5783.34  5783.34  5783.34  5783.34  5783.34  5783.34  5783.34  5783.34  5783.34  5783.34  5783.34  5783.34  5783.34  
5876.67  5876.67  5876.67  5876.67  5876.67  5876.67  5876.67  5876.67  5876.67  5876.67  5876.67  5876.67  5876.67  5876.67  5876.67  5876.67  
5680.1  5680.1  5680.1  5680.1  5680.1  5680.1  5680.1  5680.1  5680.1  5680.1  5680.1  5680.1  5680.1  5680.1  5680.1  5680.1  
6046.93  6046.93  6046.93  6046.93  6046.93  6046.93  6046.93  6046.93  6046.93  6046.93  6046.93  6046.93  6046.93  6046.93  6046.93  6046.93  
5949.09  5949.09  5949.09  5949.09  5949.09  5949.09  5949.09  5949.09  5949.09  5949.09  5949.09  5949.09  5949.09  5949.09  5949.09  5949.09  
5264.03  5264.03  5264.03  5264.03  5264.03  5264.03  5264.03  5264.03  5264.03  5264.03  5264.03  5264.03  5264.03  5264.03  5264.03  5264.03  
5198.09  5198.09  5198.09  5198.09  5198.09  5198.09  5198.09  5198.09  5198.09  5198.09  5198.09  5198.09  5198.09  5198.09  5198.09  5198.09  
5573.92  5573.92  5573.92  5573.92  5573.92  5573.92  5573.92  5573.92  5573.92  5573.92  5573.92  5573.92  5573.92  5573.92  5573.92  5573.92  
5368.47  5368.47  5368.47  5368.47  5368.47  5368.47  5368.47  5368.47  5368.47  5368.47  5368.47  5368.47  5368.47  5368.47  5368.47  5368.47  
5478.52  5478.52  5478.52  5478.52  5478.52  5478.52  5478.52  5478.52  5478.52  5478.52  5478.52  5478.52  5478.52  5478.52  5478.52  5478.52  
6547.3  6547.3  6547.3  6547.3  6547.3  6547.3  6547.3  6547.3  6547.3  6547.3  6547.3  6547.3  6547.3  6547.3  6547.3  6547.3  
6171.84  6171.84  6171.84  6171.84  6171.84  6171.84  6171.84  6171.84  6171.84  6171.84  6171.84  6171.84  6171.84  6171.84  6171.84  6171.84  
5123.92  5123.92  5123.92  5123.92  5123.92  5123.92  5123.92  5123.92  5123.92  5123.92  5123.92  5123.92  5123.92  5123.92  5123.92  5123.92  
6300.99  6300.99  6300.99  6300.99  6300.99  6300.99  6300.99  6300.99  6300.99  6300.99  6300.99  6300.99  6300.99  6300.99  6300.99  6300.99  
6644.84  6644.84  6644.84  6644.84  6644.84  6644.84  6644.84  6644.84  6644.84  6644.84  6644.84  6644.84  6644.84  6644.84  6644.84  6644.84  
6440.46  6440.46  6440.46  6440.46  6440.46  6440.46  6440.46  6440.46  6440.46  6440.46  6440.46  6440.46  6440.46  6440.46  6440.46  6440.46  
6643.39  6643.39  6643.39  6643.39  6643.39  6643.39  6643.39  6643.39  6643.39  6643.39  6643.39  6643.39  6643.39  6643.39  6643.39  6643.39  
6299.64  6299.64  6299.64  6299.64  6299.64  6299.64  6299.64  6299.64  6299.64  6299.64  6299.64  6299.64  6299.64  6299.64  6299.64  6299.64  
6171.01  6171.01  6171.01  6171.01  6171.01  6171.01  6171.01  6171.01  6171.01  6171.01  6171.01  6171.01  6171.01  6171.01  6171.01  6171.01  
6440.46  6440.46  6440.46  6440.46  6440.46  6440.46  6440.46  6440.46  6440.46  6440.46  6440.46  6440.46  6440.46  6440.46  6440.46  6440.46  
