5300.75  5300.75  5300.75  5300.75  5300.75  5300.75  5300.75  5300.75  5300.75  5300.75  5300.75  5300.75  5300.75  5300.75  5300.75  5300.75  5300.75  5300.75  5300.75  5300.75  5300.75  5300.75  5300.75  5300.75  
5255.61  5255.61  5255.61  5255.61  5255.61  5255.61  5255.61  5255.61  5255.61  5255.61  5255.61  5255.61  5255.61  5255.61  5255.61  5255.61  5255.61  5255.61  5255.61  5255.61  5255.61  5255.61  5255.61  5255.61  
5390.84  5390.84  5390.84  5390.84  5390.84  5390.84  5390.84  5390.84  5390.84  5390.84  5390.84  5390.84  5390.84  5390.84  5390.84  5390.84  5390.84  5390.84  5390.84  5390.84  5390.84  5390.84  5390.84  5390.84  
5347.83  5347.83  5347.83  5347.83  5347.83  5347.83  5347.83  5347.83  5347.83  5347.83  5347.83  5347.83  5347.83  5347.83  5347.83  5347.83  5347.83  5347.83  5347.83  5347.83  5347.83  5347.83  5347.83  5347.83  
5186.33  5186.33  5186.33  5186.33  5186.33  5186.33  5186.33  5186.33  5186.33  5186.33  5186.33  5186.33  5186.33  5186.33  5186.33  5186.33  5186.33  5186.33  5186.33  5186.33  5186.33  5186.33  5186.33  5186.33  
5458.83  5458.83  5458.83  5458.83  5458.83  5458.83  5458.83  5458.83  5458.83  5458.83  5458.83  5458.83  5458.83  5458.83  5458.83  5458.83  5458.83  5458.83  5458.83  5458.83  5458.83  5458.83  5458.83  5458.83  
5402.82  5402.82  5402.82  5402.82  5402.82  5402.82  5402.82  5402.82  5402.82  5402.82  5402.82  5402.82  5402.82  5402.82  5402.82  5402.82  5402.82  5402.82  5402.82  5402.82  5402.82  5402.82  5402.82  5402.82  
5288.97  5288.97  5288.97  5288.97  5288.97  5288.97  5288.97  5288.97  5288.97  5288.97  5288.97  5288.97  5288.97  5288.97  5288.97  5288.97  5288.97  5288.97  5288.97  5288.97  5288.97  5288.97  5288.97  5288.97  
5156.51  5156.51  5156.51  5156.51  5156.51  5156.51  5156.51  5156.51  5156.51  5156.51  5156.51  5156.51  5156.51  5156.51  5156.51  5156.51  5156.51  5156.51  5156.51  5156.51  5156.51  5156.51  5156.51  5156.51  
5433.73  5433.73  5433.73  5433.73  5433.73  5433.73  5433.73  5433.73  5433.73  5433.73  5433.73  5433.73  5433.73  5433.73  5433.73  5433.73  5433.73  5433.73  5433.73  5433.73  5433.73  5433.73  5433.73  5433.73  
5341.15  5341.15  5341.15  5341.15  5341.15  5341.15  5341.15  5341.15  5341.15  5341.15  5341.15  5341.15  5341.15  5341.15  5341.15  5341.15  5341.15  5341.15  5341.15  5341.15  5341.15  5341.15  5341.15  5341.15  
5479.68  5479.68  5479.68  5479.68  5479.68  5479.68  5479.68  5479.68  5479.68  5479.68  5479.68  5479.68  5479.68  5479.68  5479.68  5479.68  5479.68  5479.68  5479.68  5479.68  5479.68  5479.68  5479.68  5479.68  
5514.05  5514.05  5514.05  5514.05  5514.05  5514.05  5514.05  5514.05  5514.05  5514.05  5514.05  5514.05  5514.05  5514.05  5514.05  5514.05  5514.05  5514.05  5514.05  5514.05  5514.05  5514.05  5514.05  5514.05  
5123.9  5123.9  5123.9  5123.9  5123.9  5123.9  5123.9  5123.9  5123.9  5123.9  5123.9  5123.9  5123.9  5123.9  5123.9  5123.9  5123.9  5123.9  5123.9  5123.9  5123.9  5123.9  5123.9  5123.9  
5225.85  5225.85  5225.85  5225.85  5225.85  5225.85  5225.85  5225.85  5225.85  5225.85  5225.85  5225.85  5225.85  5225.85  5225.85  5225.85  5225.85  5225.85  5225.85  5225.85  5225.85  5225.85  5225.85  5225.85  
5265.51  5265.51  5265.51  5265.51  5265.51  5265.51  5265.51  5265.51  5265.51  5265.51  5265.51  5265.51  5265.51  5265.51  5265.51  5265.51  5265.51  5265.51  5265.51  5265.51  5265.51  5265.51  5265.51  5265.51  
5123.9  5123.9  5123.9  5123.9  5123.9  5123.9  5123.9  5123.9  5123.9  5123.9  5123.9  5123.9  5123.9  5123.9  5123.9  5123.9  5123.9  5123.9  5123.9  5123.9  5123.9  5123.9  5123.9  5123.9  
5514.05  5514.05  5514.05  5514.05  5514.05  5514.05  5514.05  5514.05  5514.05  5514.05  5514.05  5514.05  5514.05  5514.05  5514.05  5514.05  5514.05  5514.05  5514.05  5514.05  5514.05  5514.05  5514.05  5514.05  
5225.85  5225.85  5225.85  5225.85  5225.85  5225.85  5225.85  5225.85  5225.85  5225.85  5225.85  5225.85  5225.85  5225.85  5225.85  5225.85  5225.85  5225.85  5225.85  5225.85  5225.85  5225.85  5225.85  5225.85  
5181.27  5181.27  5181.27  5181.27  5181.27  5181.27  5181.27  5181.27  5181.27  5181.27  5181.27  5181.27  5181.27  5181.27  5181.27  5181.27  5181.27  5181.27  5181.27  5181.27  5181.27  5181.27  5181.27  5181.27  
