11656.6  11656.6  11656.6  11656.6  11656.6  11656.6  11656.6  11656.6  11656.6  11656.6  11656.6  11656.6  11656.6  11656.6  11656.6  11656.6  11656.6  11656.6  
11727.7  11727.7  11727.7  11727.7  11727.7  11727.7  11727.7  11727.7  11727.7  11727.7  11727.7  11727.7  11727.7  11727.7  11727.7  11727.7  11727.7  11727.7  
11589.3  11589.3  11589.3  11589.3  11589.3  11589.3  11589.3  11589.3  11589.3  11589.3  11589.3  11589.3  11589.3  11589.3  11589.3  11589.3  11589.3  11589.3  
11907.1  11907.1  11907.1  11907.1  11907.1  11907.1  11907.1  11907.1  11907.1  11907.1  11907.1  11907.1  11907.1  11907.1  11907.1  11907.1  11907.1  11907.1  
12247.6  12247.6  12247.6  12247.6  12247.6  12247.6  12247.6  12247.6  12247.6  12247.6  12247.6  12247.6  12247.6  12247.6  12247.6  12247.6  12247.6  12247.6  
11516.5  11516.5  11516.5  11516.5  11516.5  11516.5  11516.5  11516.5  11516.5  11516.5  11516.5  11516.5  11516.5  11516.5  11516.5  11516.5  11516.5  11516.5  
12179.6  12179.6  12179.6  12179.6  12179.6  12179.6  12179.6  12179.6  12179.6  12179.6  12179.6  12179.6  12179.6  12179.6  12179.6  12179.6  12179.6  12179.6  
12358.4  12358.4  12358.4  12358.4  12358.4  12358.4  12358.4  12358.4  12358.4  12358.4  12358.4  12358.4  12358.4  12358.4  12358.4  12358.4  12358.4  12358.4  
12446  12446  12446  12446  12446  12446  12446  12446  12446  12446  12446  12446  12446  12446  12446  12446  12446  12446  
11997.9  11997.9  11997.9  11997.9  11997.9  11997.9  11997.9  11997.9  11997.9  11997.9  11997.9  11997.9  11997.9  11997.9  11997.9  11997.9  11997.9  11997.9  
12088.9  12088.9  12088.9  12088.9  12088.9  12088.9  12088.9  12088.9  12088.9  12088.9  12088.9  12088.9  12088.9  12088.9  12088.9  12088.9  12088.9  12088.9  
11804.2  11804.2  11804.2  11804.2  11804.2  11804.2  11804.2  11804.2  11804.2  11804.2  11804.2  11804.2  11804.2  11804.2  11804.2  11804.2  11804.2  11804.2  
12654.2  12654.2  12654.2  12654.2  12654.2  12654.2  12654.2  12654.2  12654.2  12654.2  12654.2  12654.2  12654.2  12654.2  12654.2  12654.2  12654.2  12654.2  
12600.6  12600.6  12600.6  12600.6  12600.6  12600.6  12600.6  12600.6  12600.6  12600.6  12600.6  12600.6  12600.6  12600.6  12600.6  12600.6  12600.6  12600.6  
12482.4  12482.4  12482.4  12482.4  12482.4  12482.4  12482.4  12482.4  12482.4  12482.4  12482.4  12482.4  12482.4  12482.4  12482.4  12482.4  12482.4  12482.4  
11430.2  11430.2  11430.2  11430.2  11430.2  11430.2  11430.2  11430.2  11430.2  11430.2  11430.2  11430.2  11430.2  11430.2  11430.2  11430.2  11430.2  11430.2  
11430.2  11430.2  11430.2  11430.2  11430.2  11430.2  11430.2  11430.2  11430.2  11430.2  11430.2  11430.2  11430.2  11430.2  11430.2  11430.2  11430.2  11430.2  
12360.5  12360.5  12360.5  12360.5  12360.5  12360.5  12360.5  12360.5  12360.5  12360.5  12360.5  12360.5  12360.5  12360.5  12360.5  12360.5  12360.5  12360.5  
11915.7  11915.7  11915.7  11915.7  11915.7  11915.7  11915.7  11915.7  11915.7  11915.7  11915.7  11915.7  11915.7  11915.7  11915.7  11915.7  11915.7  11915.7  
12071.2  12071.2  12071.2  12071.2  12071.2  12071.2  12071.2  12071.2  12071.2  12071.2  12071.2  12071.2  12071.2  12071.2  12071.2  12071.2  12071.2  12071.2  
