12021.8  12021.8  12021.8  12021.8  12021.8  12021.8  12021.8  12021.8  12021.8  12021.8  12021.8  12021.8  12021.8  12021.8  12021.8  12021.8  12021.8  12021.8  
11961.5  11961.5  11961.5  11961.5  11961.5  11961.5  11961.5  11961.5  11961.5  11961.5  11961.5  11961.5  11961.5  11961.5  11961.5  11961.5  11961.5  11961.5  
12116.5  12116.5  12116.5  12116.5  12116.5  12116.5  12116.5  12116.5  12116.5  12116.5  12116.5  12116.5  12116.5  12116.5  12116.5  12116.5  12116.5  12116.5  
11740.9  11740.9  11740.9  11740.9  11740.9  11740.9  11740.9  11740.9  11740.9  11740.9  11740.9  11740.9  11740.9  11740.9  11740.9  11740.9  11740.9  11740.9  
12181.5  12181.5  12181.5  12181.5  12181.5  12181.5  12181.5  12181.5  12181.5  12181.5  12181.5  12181.5  12181.5  12181.5  12181.5  12181.5  12181.5  12181.5  
11807.5  11807.5  11807.5  11807.5  11807.5  11807.5  11807.5  11807.5  11807.5  11807.5  11807.5  11807.5  11807.5  11807.5  11807.5  11807.5  11807.5  11807.5  
11877.2  11877.2  11877.2  11877.2  11877.2  11877.2  11877.2  11877.2  11877.2  11877.2  11877.2  11877.2  11877.2  11877.2  11877.2  11877.2  11877.2  11877.2  
11632.1  11632.1  11632.1  11632.1  11632.1  11632.1  11632.1  11632.1  11632.1  11632.1  11632.1  11632.1  11632.1  11632.1  11632.1  11632.1  11632.1  11632.1  
11521.8  11521.8  11521.8  11521.8  11521.8  11521.8  11521.8  11521.8  11521.8  11521.8  11521.8  11521.8  11521.8  11521.8  11521.8  11521.8  11521.8  11521.8  
11197  11197  11197  11197  11197  11197  11197  11197  11197  11197  11197  11197  11197  11197  11197  11197  11197  11197  
12293.8  12293.8  12293.8  12293.8  12293.8  12293.8  12293.8  12293.8  12293.8  12293.8  12293.8  12293.8  12293.8  12293.8  12293.8  12293.8  12293.8  12293.8  
11304  11304  11304  11304  11304  11304  11304  11304  11304  11304  11304  11304  11304  11304  11304  11304  11304  11304  
11407.8  11407.8  11407.8  11407.8  11407.8  11407.8  11407.8  11407.8  11407.8  11407.8  11407.8  11407.8  11407.8  11407.8  11407.8  11407.8  11407.8  11407.8  
12332.1  12332.1  12332.1  12332.1  12332.1  12332.1  12332.1  12332.1  12332.1  12332.1  12332.1  12332.1  12332.1  12332.1  12332.1  12332.1  12332.1  12332.1  
11149.6  11149.6  11149.6  11149.6  11149.6  11149.6  11149.6  11149.6  11149.6  11149.6  11149.6  11149.6  11149.6  11149.6  11149.6  11149.6  11149.6  11149.6  
12216.9  12216.9  12216.9  12216.9  12216.9  12216.9  12216.9  12216.9  12216.9  12216.9  12216.9  12216.9  12216.9  12216.9  12216.9  12216.9  12216.9  12216.9  
11510.5  11510.5  11510.5  11510.5  11510.5  11510.5  11510.5  11510.5  11510.5  11510.5  11510.5  11510.5  11510.5  11510.5  11510.5  11510.5  11510.5  11510.5  
11658.6  11658.6  11658.6  11658.6  11658.6  11658.6  11658.6  11658.6  11658.6  11658.6  11658.6  11658.6  11658.6  11658.6  11658.6  11658.6  11658.6  11658.6  
11286.2  11286.2  11286.2  11286.2  11286.2  11286.2  11286.2  11286.2  11286.2  11286.2  11286.2  11286.2  11286.2  11286.2  11286.2  11286.2  11286.2  11286.2  
11399.7  11399.7  11399.7  11399.7  11399.7  11399.7  11399.7  11399.7  11399.7  11399.7  11399.7  11399.7  11399.7  11399.7  11399.7  11399.7  11399.7  11399.7  
