5743  5743  5743  5743  5743  5743  5743  5743  5743  5743  5743  5743  5743  5743  5743  5743  5743  5743  5743  5743  5743  5743  5743  5743  
5376.78  5376.78  5376.78  5376.78  5376.78  5376.78  5376.78  5376.78  5376.78  5376.78  5376.78  5376.78  5376.78  5376.78  5376.78  5376.78  5376.78  5376.78  5376.78  5376.78  5376.78  5376.78  5376.78  5376.78  
5311.63  5311.63  5311.63  5311.63  5311.63  5311.63  5311.63  5311.63  5311.63  5311.63  5311.63  5311.63  5311.63  5311.63  5311.63  5311.63  5311.63  5311.63  5311.63  5311.63  5311.63  5311.63  5311.63  5311.63  
5529.37  5529.37  5529.37  5529.37  5529.37  5529.37  5529.37  5529.37  5529.37  5529.37  5529.37  5529.37  5529.37  5529.37  5529.37  5529.37  5529.37  5529.37  5529.37  5529.37  5529.37  5529.37  5529.37  5529.37  
5700.25  5700.25  5700.25  5700.25  5700.25  5700.25  5700.25  5700.25  5700.25  5700.25  5700.25  5700.25  5700.25  5700.25  5700.25  5700.25  5700.25  5700.25  5700.25  5700.25  5700.25  5700.25  5700.25  5700.25  
5367.22  5367.22  5367.22  5367.22  5367.22  5367.22  5367.22  5367.22  5367.22  5367.22  5367.22  5367.22  5367.22  5367.22  5367.22  5367.22  5367.22  5367.22  5367.22  5367.22  5367.22  5367.22  5367.22  5367.22  
5790.43  5790.43  5790.43  5790.43  5790.43  5790.43  5790.43  5790.43  5790.43  5790.43  5790.43  5790.43  5790.43  5790.43  5790.43  5790.43  5790.43  5790.43  5790.43  5790.43  5790.43  5790.43  5790.43  5790.43  
5573.25  5573.25  5573.25  5573.25  5573.25  5573.25  5573.25  5573.25  5573.25  5573.25  5573.25  5573.25  5573.25  5573.25  5573.25  5573.25  5573.25  5573.25  5573.25  5573.25  5573.25  5573.25  5573.25  5573.25  
5205.52  5205.52  5205.52  5205.52  5205.52  5205.52  5205.52  5205.52  5205.52  5205.52  5205.52  5205.52  5205.52  5205.52  5205.52  5205.52  5205.52  5205.52  5205.52  5205.52  5205.52  5205.52  5205.52  5205.52  
5478.15  5478.15  5478.15  5478.15  5478.15  5478.15  5478.15  5478.15  5478.15  5478.15  5478.15  5478.15  5478.15  5478.15  5478.15  5478.15  5478.15  5478.15  5478.15  5478.15  5478.15  5478.15  5478.15  5478.15  
5190.53  5190.53  5190.53  5190.53  5190.53  5190.53  5190.53  5190.53  5190.53  5190.53  5190.53  5190.53  5190.53  5190.53  5190.53  5190.53  5190.53  5190.53  5190.53  5190.53  5190.53  5190.53  5190.53  5190.53  
5584.82  5584.82  5584.82  5584.82  5584.82  5584.82  5584.82  5584.82  5584.82  5584.82  5584.82  5584.82  5584.82  5584.82  5584.82  5584.82  5584.82  5584.82  5584.82  5584.82  5584.82  5584.82  5584.82  5584.82  
5258.66  5258.66  5258.66  5258.66  5258.66  5258.66  5258.66  5258.66  5258.66  5258.66  5258.66  5258.66  5258.66  5258.66  5258.66  5258.66  5258.66  5258.66  5258.66  5258.66  5258.66  5258.66  5258.66  5258.66  
5807.81  5807.81  5807.81  5807.81  5807.81  5807.81  5807.81  5807.81  5807.81  5807.81  5807.81  5807.81  5807.81  5807.81  5807.81  5807.81  5807.81  5807.81  5807.81  5807.81  5807.81  5807.81  5807.81  5807.81  
5641.41  5641.41  5641.41  5641.41  5641.41  5641.41  5641.41  5641.41  5641.41  5641.41  5641.41  5641.41  5641.41  5641.41  5641.41  5641.41  5641.41  5641.41  5641.41  5641.41  5641.41  5641.41  5641.41  5641.41  
5428.5  5428.5  5428.5  5428.5  5428.5  5428.5  5428.5  5428.5  5428.5  5428.5  5428.5  5428.5  5428.5  5428.5  5428.5  5428.5  5428.5  5428.5  5428.5  5428.5  5428.5  5428.5  5428.5  5428.5  
5641.41  5641.41  5641.41  5641.41  5641.41  5641.41  5641.41  5641.41  5641.41  5641.41  5641.41  5641.41  5641.41  5641.41  5641.41  5641.41  5641.41  5641.41  5641.41  5641.41  5641.41  5641.41  5641.41  5641.41  
5258.33  5258.33  5258.33  5258.33  5258.33  5258.33  5258.33  5258.33  5258.33  5258.33  5258.33  5258.33  5258.33  5258.33  5258.33  5258.33  5258.33  5258.33  5258.33  5258.33  5258.33  5258.33  5258.33  5258.33  
5428.5  5428.5  5428.5  5428.5  5428.5  5428.5  5428.5  5428.5  5428.5  5428.5  5428.5  5428.5  5428.5  5428.5  5428.5  5428.5  5428.5  5428.5  5428.5  5428.5  5428.5  5428.5  5428.5  5428.5  
5700.25  5700.25  5700.25  5700.25  5700.25  5700.25  5700.25  5700.25  5700.25  5700.25  5700.25  5700.25  5700.25  5700.25  5700.25  5700.25  5700.25  5700.25  5700.25  5700.25  5700.25  5700.25  5700.25  5700.25  
