3034.22  3034.22  3034.22  3034.22  3034.22  3034.22  3034.22  3034.22  3034.22  3034.22  3034.22  3034.22  3034.22  3034.22  
3718.51  3718.51  3718.51  3718.51  3718.51  3718.51  3718.51  3718.51  3718.51  3718.51  3718.51  3718.51  3718.51  3718.51  
4479.38  4479.38  4479.38  4479.38  4479.38  4479.38  4479.38  4479.38  4479.38  4479.38  4479.38  4479.38  4479.38  4479.38  
4057.53  4057.53  4057.53  4057.53  4057.53  4057.53  4057.53  4057.53  4057.53  4057.53  4057.53  4057.53  4057.53  4057.53  
3270.86  3270.86  3270.86  3270.86  3270.86  3270.86  3270.86  3270.86  3270.86  3270.86  3270.86  3270.86  3270.86  3270.86  
3770.48  3770.48  3770.48  3770.48  3770.48  3770.48  3770.48  3770.48  3770.48  3770.48  3770.48  3770.48  3770.48  3770.48  
4152.01  4152.01  4152.01  4152.01  4152.01  4152.01  4152.01  4152.01  4152.01  4152.01  4152.01  4152.01  4152.01  4152.01  
3225.65  3225.65  3225.65  3225.65  3225.65  3225.65  3225.65  3225.65  3225.65  3225.65  3225.65  3225.65  3225.65  3225.65  
3088.06  3088.06  3088.06  3088.06  3088.06  3088.06  3088.06  3088.06  3088.06  3088.06  3088.06  3088.06  3088.06  3088.06  
4326.42  4326.42  4326.42  4326.42  4326.42  4326.42  4326.42  4326.42  4326.42  4326.42  4326.42  4326.42  4326.42  4326.42  
3430.63  3430.63  3430.63  3430.63  3430.63  3430.63  3430.63  3430.63  3430.63  3430.63  3430.63  3430.63  3430.63  3430.63  
4559.01  4559.01  4559.01  4559.01  4559.01  4559.01  4559.01  4559.01  4559.01  4559.01  4559.01  4559.01  4559.01  4559.01  
3909.87  3909.87  3909.87  3909.87  3909.87  3909.87  3909.87  3909.87  3909.87  3909.87  3909.87  3909.87  3909.87  3909.87  
4296.9  4296.9  4296.9  4296.9  4296.9  4296.9  4296.9  4296.9  4296.9  4296.9  4296.9  4296.9  4296.9  4296.9  
2859.64  2859.64  2859.64  2859.64  2859.64  2859.64  2859.64  2859.64  2859.64  2859.64  2859.64  2859.64  2859.64  2859.64  
3581.57  3581.57  3581.57  3581.57  3581.57  3581.57  3581.57  3581.57  3581.57  3581.57  3581.57  3581.57  3581.57  3581.57  
2859.64  2859.64  2859.64  2859.64  2859.64  2859.64  2859.64  2859.64  2859.64  2859.64  2859.64  2859.64  2859.64  2859.64  
3438.53  3438.53  3438.53  3438.53  3438.53  3438.53  3438.53  3438.53  3438.53  3438.53  3438.53  3438.53  3438.53  3438.53  
3927.45  3927.45  3927.45  3927.45  3927.45  3927.45  3927.45  3927.45  3927.45  3927.45  3927.45  3927.45  3927.45  3927.45  
3581.57  3581.57  3581.57  3581.57  3581.57  3581.57  3581.57  3581.57  3581.57  3581.57  3581.57  3581.57  3581.57  3581.57  
