11632.1  11632.1  11632.1  11632.1  11632.1  11632.1  11632.1  11632.1  11632.1  11632.1  11632.1  11632.1  11632.1  11632.1  11632.1  11632.1  11632.1  11632.1  
11669.1  11669.1  11669.1  11669.1  11669.1  11669.1  11669.1  11669.1  11669.1  11669.1  11669.1  11669.1  11669.1  11669.1  11669.1  11669.1  11669.1  11669.1  
11784.6  11784.6  11784.6  11784.6  11784.6  11784.6  11784.6  11784.6  11784.6  11784.6  11784.6  11784.6  11784.6  11784.6  11784.6  11784.6  11784.6  11784.6  
11963.1  11963.1  11963.1  11963.1  11963.1  11963.1  11963.1  11963.1  11963.1  11963.1  11963.1  11963.1  11963.1  11963.1  11963.1  11963.1  11963.1  11963.1  
11874.8  11874.8  11874.8  11874.8  11874.8  11874.8  11874.8  11874.8  11874.8  11874.8  11874.8  11874.8  11874.8  11874.8  11874.8  11874.8  11874.8  11874.8  
12321  12321  12321  12321  12321  12321  12321  12321  12321  12321  12321  12321  12321  12321  12321  12321  12321  12321  
12393.6  12393.6  12393.6  12393.6  12393.6  12393.6  12393.6  12393.6  12393.6  12393.6  12393.6  12393.6  12393.6  12393.6  12393.6  12393.6  12393.6  12393.6  
12468.5  12468.5  12468.5  12468.5  12468.5  12468.5  12468.5  12468.5  12468.5  12468.5  12468.5  12468.5  12468.5  12468.5  12468.5  12468.5  12468.5  12468.5  
12552.8  12552.8  12552.8  12552.8  12552.8  12552.8  12552.8  12552.8  12552.8  12552.8  12552.8  12552.8  12552.8  12552.8  12552.8  12552.8  12552.8  12552.8  
11525.8  11525.8  11525.8  11525.8  11525.8  11525.8  11525.8  11525.8  11525.8  11525.8  11525.8  11525.8  11525.8  11525.8  11525.8  11525.8  11525.8  11525.8  
11521.7  11521.7  11521.7  11521.7  11521.7  11521.7  11521.7  11521.7  11521.7  11521.7  11521.7  11521.7  11521.7  11521.7  11521.7  11521.7  11521.7  11521.7  
12625.5  12625.5  12625.5  12625.5  12625.5  12625.5  12625.5  12625.5  12625.5  12625.5  12625.5  12625.5  12625.5  12625.5  12625.5  12625.5  12625.5  12625.5  
11755  11755  11755  11755  11755  11755  11755  11755  11755  11755  11755  11755  11755  11755  11755  11755  11755  11755  
12034.3  12034.3  12034.3  12034.3  12034.3  12034.3  12034.3  12034.3  12034.3  12034.3  12034.3  12034.3  12034.3  12034.3  12034.3  12034.3  12034.3  12034.3  
12142.2  12142.2  12142.2  12142.2  12142.2  12142.2  12142.2  12142.2  12142.2  12142.2  12142.2  12142.2  12142.2  12142.2  12142.2  12142.2  12142.2  12142.2  
12246.9  12246.9  12246.9  12246.9  12246.9  12246.9  12246.9  12246.9  12246.9  12246.9  12246.9  12246.9  12246.9  12246.9  12246.9  12246.9  12246.9  12246.9  
12142.2  12142.2  12142.2  12142.2  12142.2  12142.2  12142.2  12142.2  12142.2  12142.2  12142.2  12142.2  12142.2  12142.2  12142.2  12142.2  12142.2  12142.2  
12624.1  12624.1  12624.1  12624.1  12624.1  12624.1  12624.1  12624.1  12624.1  12624.1  12624.1  12624.1  12624.1  12624.1  12624.1  12624.1  12624.1  12624.1  
12246.9  12246.9  12246.9  12246.9  12246.9  12246.9  12246.9  12246.9  12246.9  12246.9  12246.9  12246.9  12246.9  12246.9  12246.9  12246.9  12246.9  12246.9  
12034.2  12034.2  12034.2  12034.2  12034.2  12034.2  12034.2  12034.2  12034.2  12034.2  12034.2  12034.2  12034.2  12034.2  12034.2  12034.2  12034.2  12034.2  
