6938.48  6938.48  6938.48  6938.48  6938.48  6938.48  6938.48  6938.48  6938.48  6938.48  6938.48  6938.48  6938.48  6938.48  6938.48  6938.48  
7411.51  7411.51  7411.51  7411.51  7411.51  7411.51  7411.51  7411.51  7411.51  7411.51  7411.51  7411.51  7411.51  7411.51  7411.51  7411.51  
7003.13  7003.13  7003.13  7003.13  7003.13  7003.13  7003.13  7003.13  7003.13  7003.13  7003.13  7003.13  7003.13  7003.13  7003.13  7003.13  
6859.55  6859.55  6859.55  6859.55  6859.55  6859.55  6859.55  6859.55  6859.55  6859.55  6859.55  6859.55  6859.55  6859.55  6859.55  6859.55  
7099.05  7099.05  7099.05  7099.05  7099.05  7099.05  7099.05  7099.05  7099.05  7099.05  7099.05  7099.05  7099.05  7099.05  7099.05  7099.05  
6749.69  6749.69  6749.69  6749.69  6749.69  6749.69  6749.69  6749.69  6749.69  6749.69  6749.69  6749.69  6749.69  6749.69  6749.69  6749.69  
7199.78  7199.78  7199.78  7199.78  7199.78  7199.78  7199.78  7199.78  7199.78  7199.78  7199.78  7199.78  7199.78  7199.78  7199.78  7199.78  
6659.43  6659.43  6659.43  6659.43  6659.43  6659.43  6659.43  6659.43  6659.43  6659.43  6659.43  6659.43  6659.43  6659.43  6659.43  6659.43  
7299.31  7299.31  7299.31  7299.31  7299.31  7299.31  7299.31  7299.31  7299.31  7299.31  7299.31  7299.31  7299.31  7299.31  7299.31  7299.31  
7399.81  7399.81  7399.81  7399.81  7399.81  7399.81  7399.81  7399.81  7399.81  7399.81  7399.81  7399.81  7399.81  7399.81  7399.81  7399.81  
7665.42  7665.42  7665.42  7665.42  7665.42  7665.42  7665.42  7665.42  7665.42  7665.42  7665.42  7665.42  7665.42  7665.42  7665.42  7665.42  
7609.83  7609.83  7609.83  7609.83  7609.83  7609.83  7609.83  7609.83  7609.83  7609.83  7609.83  7609.83  7609.83  7609.83  7609.83  7609.83  
7559.51  7559.51  7559.51  7559.51  7559.51  7559.51  7559.51  7559.51  7559.51  7559.51  7559.51  7559.51  7559.51  7559.51  7559.51  7559.51  
7506.8  7506.8  7506.8  7506.8  7506.8  7506.8  7506.8  7506.8  7506.8  7506.8  7506.8  7506.8  7506.8  7506.8  7506.8  7506.8  
6614.99  6614.99  6614.99  6614.99  6614.99  6614.99  6614.99  6614.99  6614.99  6614.99  6614.99  6614.99  6614.99  6614.99  6614.99  6614.99  
6845.47  6845.47  6845.47  6845.47  6845.47  6845.47  6845.47  6845.47  6845.47  6845.47  6845.47  6845.47  6845.47  6845.47  6845.47  6845.47  
7295.38  7295.38  7295.38  7295.38  7295.38  7295.38  7295.38  7295.38  7295.38  7295.38  7295.38  7295.38  7295.38  7295.38  7295.38  7295.38  
7192.21  7192.21  7192.21  7192.21  7192.21  7192.21  7192.21  7192.21  7192.21  7192.21  7192.21  7192.21  7192.21  7192.21  7192.21  7192.21  
7093.89  7093.89  7093.89  7093.89  7093.89  7093.89  7093.89  7093.89  7093.89  7093.89  7093.89  7093.89  7093.89  7093.89  7093.89  7093.89  
6746.16  6746.16  6746.16  6746.16  6746.16  6746.16  6746.16  6746.16  6746.16  6746.16  6746.16  6746.16  6746.16  6746.16  6746.16  6746.16  
