5312.42  5312.42  5312.42  5312.42  5312.42  5312.42  5312.42  5312.42  5312.42  5312.42  5312.42  5312.42  5312.42  5312.42  5312.42  5312.42  5312.42  5312.42  5312.42  5312.42  5312.42  5312.42  5312.42  5312.42  
5097.32  5097.32  5097.32  5097.32  5097.32  5097.32  5097.32  5097.32  5097.32  5097.32  5097.32  5097.32  5097.32  5097.32  5097.32  5097.32  5097.32  5097.32  5097.32  5097.32  5097.32  5097.32  5097.32  5097.32  
5452.82  5452.82  5452.82  5452.82  5452.82  5452.82  5452.82  5452.82  5452.82  5452.82  5452.82  5452.82  5452.82  5452.82  5452.82  5452.82  5452.82  5452.82  5452.82  5452.82  5452.82  5452.82  5452.82  5452.82  
5386.15  5386.15  5386.15  5386.15  5386.15  5386.15  5386.15  5386.15  5386.15  5386.15  5386.15  5386.15  5386.15  5386.15  5386.15  5386.15  5386.15  5386.15  5386.15  5386.15  5386.15  5386.15  5386.15  5386.15  
5345.84  5345.84  5345.84  5345.84  5345.84  5345.84  5345.84  5345.84  5345.84  5345.84  5345.84  5345.84  5345.84  5345.84  5345.84  5345.84  5345.84  5345.84  5345.84  5345.84  5345.84  5345.84  5345.84  5345.84  
5190.93  5190.93  5190.93  5190.93  5190.93  5190.93  5190.93  5190.93  5190.93  5190.93  5190.93  5190.93  5190.93  5190.93  5190.93  5190.93  5190.93  5190.93  5190.93  5190.93  5190.93  5190.93  5190.93  5190.93  
5469.66  5469.66  5469.66  5469.66  5469.66  5469.66  5469.66  5469.66  5469.66  5469.66  5469.66  5469.66  5469.66  5469.66  5469.66  5469.66  5469.66  5469.66  5469.66  5469.66  5469.66  5469.66  5469.66  5469.66  
5409.47  5409.47  5409.47  5409.47  5409.47  5409.47  5409.47  5409.47  5409.47  5409.47  5409.47  5409.47  5409.47  5409.47  5409.47  5409.47  5409.47  5409.47  5409.47  5409.47  5409.47  5409.47  5409.47  5409.47  
5147.18  5147.18  5147.18  5147.18  5147.18  5147.18  5147.18  5147.18  5147.18  5147.18  5147.18  5147.18  5147.18  5147.18  5147.18  5147.18  5147.18  5147.18  5147.18  5147.18  5147.18  5147.18  5147.18  5147.18  
4962.57  4962.57  4962.57  4962.57  4962.57  4962.57  4962.57  4962.57  4962.57  4962.57  4962.57  4962.57  4962.57  4962.57  4962.57  4962.57  4962.57  4962.57  4962.57  4962.57  4962.57  4962.57  4962.57  4962.57  
5210.33  5210.33  5210.33  5210.33  5210.33  5210.33  5210.33  5210.33  5210.33  5210.33  5210.33  5210.33  5210.33  5210.33  5210.33  5210.33  5210.33  5210.33  5210.33  5210.33  5210.33  5210.33  5210.33  5210.33  
5048.04  5048.04  5048.04  5048.04  5048.04  5048.04  5048.04  5048.04  5048.04  5048.04  5048.04  5048.04  5048.04  5048.04  5048.04  5048.04  5048.04  5048.04  5048.04  5048.04  5048.04  5048.04  5048.04  5048.04  
5005.28  5005.28  5005.28  5005.28  5005.28  5005.28  5005.28  5005.28  5005.28  5005.28  5005.28  5005.28  5005.28  5005.28  5005.28  5005.28  5005.28  5005.28  5005.28  5005.28  5005.28  5005.28  5005.28  5005.28  
5513.94  5513.94  5513.94  5513.94  5513.94  5513.94  5513.94  5513.94  5513.94  5513.94  5513.94  5513.94  5513.94  5513.94  5513.94  5513.94  5513.94  5513.94  5513.94  5513.94  5513.94  5513.94  5513.94  5513.94  
5531.67  5531.67  5531.67  5531.67  5531.67  5531.67  5531.67  5531.67  5531.67  5531.67  5531.67  5531.67  5531.67  5531.67  5531.67  5531.67  5531.67  5531.67  5531.67  5531.67  5531.67  5531.67  5531.67  5531.67  
5267.59  5267.59  5267.59  5267.59  5267.59  5267.59  5267.59  5267.59  5267.59  5267.59  5267.59  5267.59  5267.59  5267.59  5267.59  5267.59  5267.59  5267.59  5267.59  5267.59  5267.59  5267.59  5267.59  5267.59  
4968.6  4968.6  4968.6  4968.6  4968.6  4968.6  4968.6  4968.6  4968.6  4968.6  4968.6  4968.6  4968.6  4968.6  4968.6  4968.6  4968.6  4968.6  4968.6  4968.6  4968.6  4968.6  4968.6  4968.6  
5267.59  5267.59  5267.59  5267.59  5267.59  5267.59  5267.59  5267.59  5267.59  5267.59  5267.59  5267.59  5267.59  5267.59  5267.59  5267.59  5267.59  5267.59  5267.59  5267.59  5267.59  5267.59  5267.59  5267.59  
5102.17  5102.17  5102.17  5102.17  5102.17  5102.17  5102.17  5102.17  5102.17  5102.17  5102.17  5102.17  5102.17  5102.17  5102.17  5102.17  5102.17  5102.17  5102.17  5102.17  5102.17  5102.17  5102.17  5102.17  
5042.42  5042.42  5042.42  5042.42  5042.42  5042.42  5042.42  5042.42  5042.42  5042.42  5042.42  5042.42  5042.42  5042.42  5042.42  5042.42  5042.42  5042.42  5042.42  5042.42  5042.42  5042.42  5042.42  5042.42  
