6430.82  6430.82  6430.82  6430.82  6430.82  6430.82  6430.82  6430.82  6430.82  6430.82  6430.82  6430.82  6430.82  6430.82  6430.82  6430.82  
6096.22  6096.22  6096.22  6096.22  6096.22  6096.22  6096.22  6096.22  6096.22  6096.22  6096.22  6096.22  6096.22  6096.22  6096.22  6096.22  
6736.57  6736.57  6736.57  6736.57  6736.57  6736.57  6736.57  6736.57  6736.57  6736.57  6736.57  6736.57  6736.57  6736.57  6736.57  6736.57  
6233.41  6233.41  6233.41  6233.41  6233.41  6233.41  6233.41  6233.41  6233.41  6233.41  6233.41  6233.41  6233.41  6233.41  6233.41  6233.41  
5915.66  5915.66  5915.66  5915.66  5915.66  5915.66  5915.66  5915.66  5915.66  5915.66  5915.66  5915.66  5915.66  5915.66  5915.66  5915.66  
6536.6  6536.6  6536.6  6536.6  6536.6  6536.6  6536.6  6536.6  6536.6  6536.6  6536.6  6536.6  6536.6  6536.6  6536.6  6536.6  
5588.37  5588.37  5588.37  5588.37  5588.37  5588.37  5588.37  5588.37  5588.37  5588.37  5588.37  5588.37  5588.37  5588.37  5588.37  5588.37  
5528.53  5528.53  5528.53  5528.53  5528.53  5528.53  5528.53  5528.53  5528.53  5528.53  5528.53  5528.53  5528.53  5528.53  5528.53  5528.53  
5817.9  5817.9  5817.9  5817.9  5817.9  5817.9  5817.9  5817.9  5817.9  5817.9  5817.9  5817.9  5817.9  5817.9  5817.9  5817.9  
7756.56  7756.56  7756.56  7756.56  7756.56  7756.56  7756.56  7756.56  7756.56  7756.56  7756.56  7756.56  7756.56  7756.56  7756.56  7756.56  
7675.06  7675.06  7675.06  7675.06  7675.06  7675.06  7675.06  7675.06  7675.06  7675.06  7675.06  7675.06  7675.06  7675.06  7675.06  7675.06  
7408.95  7408.95  7408.95  7408.95  7408.95  7408.95  7408.95  7408.95  7408.95  7408.95  7408.95  7408.95  7408.95  7408.95  7408.95  7408.95  
7148.4  7148.4  7148.4  7148.4  7148.4  7148.4  7148.4  7148.4  7148.4  7148.4  7148.4  7148.4  7148.4  7148.4  7148.4  7148.4  
6932.54  6932.54  6932.54  6932.54  6932.54  6932.54  6932.54  6932.54  6932.54  6932.54  6932.54  6932.54  6932.54  6932.54  6932.54  6932.54  
7869.96  7869.96  7869.96  7869.96  7869.96  7869.96  7869.96  7869.96  7869.96  7869.96  7869.96  7869.96  7869.96  7869.96  7869.96  7869.96  
5331.17  5331.17  5331.17  5331.17  5331.17  5331.17  5331.17  5331.17  5331.17  5331.17  5331.17  5331.17  5331.17  5331.17  5331.17  5331.17  
7402.01  7402.01  7402.01  7402.01  7402.01  7402.01  7402.01  7402.01  7402.01  7402.01  7402.01  7402.01  7402.01  7402.01  7402.01  7402.01  
7144.31  7144.31  7144.31  7144.31  7144.31  7144.31  7144.31  7144.31  7144.31  7144.31  7144.31  7144.31  7144.31  7144.31  7144.31  7144.31  
5335.83  5335.83  5335.83  5335.83  5335.83  5335.83  5335.83  5335.83  5335.83  5335.83  5335.83  5335.83  5335.83  5335.83  5335.83  5335.83  
6928.24  6928.24  6928.24  6928.24  6928.24  6928.24  6928.24  6928.24  6928.24  6928.24  6928.24  6928.24  6928.24  6928.24  6928.24  6928.24  
