12291.3  12291.3  12291.3  12291.3  12291.3  12291.3  12291.3  12291.3  12291.3  12291.3  12291.3  12291.3  12291.3  12291.3  12291.3  12291.3  12291.3  12291.3  
12386.4  12386.4  12386.4  12386.4  12386.4  12386.4  12386.4  12386.4  12386.4  12386.4  12386.4  12386.4  12386.4  12386.4  12386.4  12386.4  12386.4  12386.4  
12161.1  12161.1  12161.1  12161.1  12161.1  12161.1  12161.1  12161.1  12161.1  12161.1  12161.1  12161.1  12161.1  12161.1  12161.1  12161.1  12161.1  12161.1  
12055  12055  12055  12055  12055  12055  12055  12055  12055  12055  12055  12055  12055  12055  12055  12055  12055  12055  
11542  11542  11542  11542  11542  11542  11542  11542  11542  11542  11542  11542  11542  11542  11542  11542  11542  11542  
11629.6  11629.6  11629.6  11629.6  11629.6  11629.6  11629.6  11629.6  11629.6  11629.6  11629.6  11629.6  11629.6  11629.6  11629.6  11629.6  11629.6  11629.6  
11940  11940  11940  11940  11940  11940  11940  11940  11940  11940  11940  11940  11940  11940  11940  11940  11940  11940  
12636.7  12636.7  12636.7  12636.7  12636.7  12636.7  12636.7  12636.7  12636.7  12636.7  12636.7  12636.7  12636.7  12636.7  12636.7  12636.7  12636.7  12636.7  
12507.6  12507.6  12507.6  12507.6  12507.6  12507.6  12507.6  12507.6  12507.6  12507.6  12507.6  12507.6  12507.6  12507.6  12507.6  12507.6  12507.6  12507.6  
12714.7  12714.7  12714.7  12714.7  12714.7  12714.7  12714.7  12714.7  12714.7  12714.7  12714.7  12714.7  12714.7  12714.7  12714.7  12714.7  12714.7  12714.7  
10712  10712  10712  10712  10712  10712  10712  10712  10712  10712  10712  10712  10712  10712  10712  10712  10712  10712  
10745.1  10745.1  10745.1  10745.1  10745.1  10745.1  10745.1  10745.1  10745.1  10745.1  10745.1  10745.1  10745.1  10745.1  10745.1  10745.1  10745.1  10745.1  
11352.9  11352.9  11352.9  11352.9  11352.9  11352.9  11352.9  11352.9  11352.9  11352.9  11352.9  11352.9  11352.9  11352.9  11352.9  11352.9  11352.9  11352.9  
10953.6  10953.6  10953.6  10953.6  10953.6  10953.6  10953.6  10953.6  10953.6  10953.6  10953.6  10953.6  10953.6  10953.6  10953.6  10953.6  10953.6  10953.6  
11162.6  11162.6  11162.6  11162.6  11162.6  11162.6  11162.6  11162.6  11162.6  11162.6  11162.6  11162.6  11162.6  11162.6  11162.6  11162.6  11162.6  11162.6  
11793.3  11793.3  11793.3  11793.3  11793.3  11793.3  11793.3  11793.3  11793.3  11793.3  11793.3  11793.3  11793.3  11793.3  11793.3  11793.3  11793.3  11793.3  
10953.6  10953.6  10953.6  10953.6  10953.6  10953.6  10953.6  10953.6  10953.6  10953.6  10953.6  10953.6  10953.6  10953.6  10953.6  10953.6  10953.6  10953.6  
11162.6  11162.6  11162.6  11162.6  11162.6  11162.6  11162.6  11162.6  11162.6  11162.6  11162.6  11162.6  11162.6  11162.6  11162.6  11162.6  11162.6  11162.6  
11350.5  11350.5  11350.5  11350.5  11350.5  11350.5  11350.5  11350.5  11350.5  11350.5  11350.5  11350.5  11350.5  11350.5  11350.5  11350.5  11350.5  11350.5  
11793.3  11793.3  11793.3  11793.3  11793.3  11793.3  11793.3  11793.3  11793.3  11793.3  11793.3  11793.3  11793.3  11793.3  11793.3  11793.3  11793.3  11793.3  
