4532.65  4532.65  4532.65  4532.65  4532.65  4532.65  4532.65  4532.65  4532.65  4532.65  4532.65  4532.65  4532.65  4532.65  
4499.11  4499.11  4499.11  4499.11  4499.11  4499.11  4499.11  4499.11  4499.11  4499.11  4499.11  4499.11  4499.11  4499.11  
4215.83  4215.83  4215.83  4215.83  4215.83  4215.83  4215.83  4215.83  4215.83  4215.83  4215.83  4215.83  4215.83  4215.83  
4323.8  4323.8  4323.8  4323.8  4323.8  4323.8  4323.8  4323.8  4323.8  4323.8  4323.8  4323.8  4323.8  4323.8  
3427.4  3427.4  3427.4  3427.4  3427.4  3427.4  3427.4  3427.4  3427.4  3427.4  3427.4  3427.4  3427.4  3427.4  
3681.64  3681.64  3681.64  3681.64  3681.64  3681.64  3681.64  3681.64  3681.64  3681.64  3681.64  3681.64  3681.64  3681.64  
3376.75  3376.75  3376.75  3376.75  3376.75  3376.75  3376.75  3376.75  3376.75  3376.75  3376.75  3376.75  3376.75  3376.75  
2908.91  2908.91  2908.91  2908.91  2908.91  2908.91  2908.91  2908.91  2908.91  2908.91  2908.91  2908.91  2908.91  2908.91  
4105.89  4105.89  4105.89  4105.89  4105.89  4105.89  4105.89  4105.89  4105.89  4105.89  4105.89  4105.89  4105.89  4105.89  
2949.65  2949.65  2949.65  2949.65  2949.65  2949.65  2949.65  2949.65  2949.65  2949.65  2949.65  2949.65  2949.65  2949.65  
3561.46  3561.46  3561.46  3561.46  3561.46  3561.46  3561.46  3561.46  3561.46  3561.46  3561.46  3561.46  3561.46  3561.46  
4390.99  4390.99  4390.99  4390.99  4390.99  4390.99  4390.99  4390.99  4390.99  4390.99  4390.99  4390.99  4390.99  4390.99  
3833.92  3833.92  3833.92  3833.92  3833.92  3833.92  3833.92  3833.92  3833.92  3833.92  3833.92  3833.92  3833.92  3833.92  
3975.11  3975.11  3975.11  3975.11  3975.11  3975.11  3975.11  3975.11  3975.11  3975.11  3975.11  3975.11  3975.11  3975.11  
3095.01  3095.01  3095.01  3095.01  3095.01  3095.01  3095.01  3095.01  3095.01  3095.01  3095.01  3095.01  3095.01  3095.01  
3241.99  3241.99  3241.99  3241.99  3241.99  3241.99  3241.99  3241.99  3241.99  3241.99  3241.99  3241.99  3241.99  3241.99  
3095  3095  3095  3095  3095  3095  3095  3095  3095  3095  3095  3095  3095  3095  
3815.38  3815.38  3815.38  3815.38  3815.38  3815.38  3815.38  3815.38  3815.38  3815.38  3815.38  3815.38  3815.38  3815.38  
3241.99  3241.99  3241.99  3241.99  3241.99  3241.99  3241.99  3241.99  3241.99  3241.99  3241.99  3241.99  3241.99  3241.99  
3961.08  3961.08  3961.08  3961.08  3961.08  3961.08  3961.08  3961.08  3961.08  3961.08  3961.08  3961.08  3961.08  3961.08  
