6701.76  6701.76  6701.76  6701.76  6701.76  6701.76  6701.76  6701.76  6701.76  6701.76  6701.76  6701.76  6701.76  6701.76  6701.76  6701.76  
6751.85  6751.85  6751.85  6751.85  6751.85  6751.85  6751.85  6751.85  6751.85  6751.85  6751.85  6751.85  6751.85  6751.85  6751.85  6751.85  
6650.58  6650.58  6650.58  6650.58  6650.58  6650.58  6650.58  6650.58  6650.58  6650.58  6650.58  6650.58  6650.58  6650.58  6650.58  6650.58  
6932.24  6932.24  6932.24  6932.24  6932.24  6932.24  6932.24  6932.24  6932.24  6932.24  6932.24  6932.24  6932.24  6932.24  6932.24  6932.24  
6824.66  6824.66  6824.66  6824.66  6824.66  6824.66  6824.66  6824.66  6824.66  6824.66  6824.66  6824.66  6824.66  6824.66  6824.66  6824.66  
7095.12  7095.12  7095.12  7095.12  7095.12  7095.12  7095.12  7095.12  7095.12  7095.12  7095.12  7095.12  7095.12  7095.12  7095.12  7095.12  
6687.58  6687.58  6687.58  6687.58  6687.58  6687.58  6687.58  6687.58  6687.58  6687.58  6687.58  6687.58  6687.58  6687.58  6687.58  6687.58  
6860.92  6860.92  6860.92  6860.92  6860.92  6860.92  6860.92  6860.92  6860.92  6860.92  6860.92  6860.92  6860.92  6860.92  6860.92  6860.92  
6781.49  6781.49  6781.49  6781.49  6781.49  6781.49  6781.49  6781.49  6781.49  6781.49  6781.49  6781.49  6781.49  6781.49  6781.49  6781.49  
6893.46  6893.46  6893.46  6893.46  6893.46  6893.46  6893.46  6893.46  6893.46  6893.46  6893.46  6893.46  6893.46  6893.46  6893.46  6893.46  
6731.4  6731.4  6731.4  6731.4  6731.4  6731.4  6731.4  6731.4  6731.4  6731.4  6731.4  6731.4  6731.4  6731.4  6731.4  6731.4  
7040.68  7040.68  7040.68  7040.68  7040.68  7040.68  7040.68  7040.68  7040.68  7040.68  7040.68  7040.68  7040.68  7040.68  7040.68  7040.68  
7144.39  7144.39  7144.39  7144.39  7144.39  7144.39  7144.39  7144.39  7144.39  7144.39  7144.39  7144.39  7144.39  7144.39  7144.39  7144.39  
7196.79  7196.79  7196.79  7196.79  7196.79  7196.79  7196.79  7196.79  7196.79  7196.79  7196.79  7196.79  7196.79  7196.79  7196.79  7196.79  
6608.38  6608.38  6608.38  6608.38  6608.38  6608.38  6608.38  6608.38  6608.38  6608.38  6608.38  6608.38  6608.38  6608.38  6608.38  6608.38  
6987.81  6987.81  6987.81  6987.81  6987.81  6987.81  6987.81  6987.81  6987.81  6987.81  6987.81  6987.81  6987.81  6987.81  6987.81  6987.81  
7196.64  7196.64  7196.64  7196.64  7196.64  7196.64  7196.64  7196.64  7196.64  7196.64  7196.64  7196.64  7196.64  7196.64  7196.64  7196.64  
6608.38  6608.38  6608.38  6608.38  6608.38  6608.38  6608.38  6608.38  6608.38  6608.38  6608.38  6608.38  6608.38  6608.38  6608.38  6608.38  
6987.81  6987.81  6987.81  6987.81  6987.81  6987.81  6987.81  6987.81  6987.81  6987.81  6987.81  6987.81  6987.81  6987.81  6987.81  6987.81  
7039.83  7039.83  7039.83  7039.83  7039.83  7039.83  7039.83  7039.83  7039.83  7039.83  7039.83  7039.83  7039.83  7039.83  7039.83  7039.83  
