6796.84  6796.84  6796.84  6796.84  6796.84  6796.84  6796.84  6796.84  6796.84  6796.84  6796.84  6796.84  6796.84  6796.84  6796.84  6796.84  
6279.59  6279.59  6279.59  6279.59  6279.59  6279.59  6279.59  6279.59  6279.59  6279.59  6279.59  6279.59  6279.59  6279.59  6279.59  6279.59  
6322.59  6322.59  6322.59  6322.59  6322.59  6322.59  6322.59  6322.59  6322.59  6322.59  6322.59  6322.59  6322.59  6322.59  6322.59  6322.59  
6177.78  6177.78  6177.78  6177.78  6177.78  6177.78  6177.78  6177.78  6177.78  6177.78  6177.78  6177.78  6177.78  6177.78  6177.78  6177.78  
6541.95  6541.95  6541.95  6541.95  6541.95  6541.95  6541.95  6541.95  6541.95  6541.95  6541.95  6541.95  6541.95  6541.95  6541.95  6541.95  
5620.11  5620.11  5620.11  5620.11  5620.11  5620.11  5620.11  5620.11  5620.11  5620.11  5620.11  5620.11  5620.11  5620.11  5620.11  5620.11  
6963.5  6963.5  6963.5  6963.5  6963.5  6963.5  6963.5  6963.5  6963.5  6963.5  6963.5  6963.5  6963.5  6963.5  6963.5  6963.5  
6089.4  6089.4  6089.4  6089.4  6089.4  6089.4  6089.4  6089.4  6089.4  6089.4  6089.4  6089.4  6089.4  6089.4  6089.4  6089.4  
6022.32  6022.32  6022.32  6022.32  6022.32  6022.32  6022.32  6022.32  6022.32  6022.32  6022.32  6022.32  6022.32  6022.32  6022.32  6022.32  
7010.61  7010.61  7010.61  7010.61  7010.61  7010.61  7010.61  7010.61  7010.61  7010.61  7010.61  7010.61  7010.61  7010.61  7010.61  7010.61  
6453.96  6453.96  6453.96  6453.96  6453.96  6453.96  6453.96  6453.96  6453.96  6453.96  6453.96  6453.96  6453.96  6453.96  6453.96  6453.96  
6842.12  6842.12  6842.12  6842.12  6842.12  6842.12  6842.12  6842.12  6842.12  6842.12  6842.12  6842.12  6842.12  6842.12  6842.12  6842.12  
5879.34  5879.34  5879.34  5879.34  5879.34  5879.34  5879.34  5879.34  5879.34  5879.34  5879.34  5879.34  5879.34  5879.34  5879.34  5879.34  
5522.01  5522.01  5522.01  5522.01  5522.01  5522.01  5522.01  5522.01  5522.01  5522.01  5522.01  5522.01  5522.01  5522.01  5522.01  5522.01  
5748.22  5748.22  5748.22  5748.22  5748.22  5748.22  5748.22  5748.22  5748.22  5748.22  5748.22  5748.22  5748.22  5748.22  5748.22  5748.22  
6669.79  6669.79  6669.79  6669.79  6669.79  6669.79  6669.79  6669.79  6669.79  6669.79  6669.79  6669.79  6669.79  6669.79  6669.79  6669.79  
5877.01  5877.01  5877.01  5877.01  5877.01  5877.01  5877.01  5877.01  5877.01  5877.01  5877.01  5877.01  5877.01  5877.01  5877.01  5877.01  
5538.64  5538.64  5538.64  5538.64  5538.64  5538.64  5538.64  5538.64  5538.64  5538.64  5538.64  5538.64  5538.64  5538.64  5538.64  5538.64  
5738.81  5738.81  5738.81  5738.81  5738.81  5738.81  5738.81  5738.81  5738.81  5738.81  5738.81  5738.81  5738.81  5738.81  5738.81  5738.81  
6666.78  6666.78  6666.78  6666.78  6666.78  6666.78  6666.78  6666.78  6666.78  6666.78  6666.78  6666.78  6666.78  6666.78  6666.78  6666.78  
