5354.21  5354.21  5354.21  5354.21  5354.21  5354.21  5354.21  5354.21  5354.21  5354.21  5354.21  5354.21  5354.21  5354.21  5354.21  5354.21  5354.21  5354.21  5354.21  5354.21  5354.21  5354.21  5354.21  5354.21  
5227.52  5227.52  5227.52  5227.52  5227.52  5227.52  5227.52  5227.52  5227.52  5227.52  5227.52  5227.52  5227.52  5227.52  5227.52  5227.52  5227.52  5227.52  5227.52  5227.52  5227.52  5227.52  5227.52  5227.52  
5656.02  5656.02  5656.02  5656.02  5656.02  5656.02  5656.02  5656.02  5656.02  5656.02  5656.02  5656.02  5656.02  5656.02  5656.02  5656.02  5656.02  5656.02  5656.02  5656.02  5656.02  5656.02  5656.02  5656.02  
5153.28  5153.28  5153.28  5153.28  5153.28  5153.28  5153.28  5153.28  5153.28  5153.28  5153.28  5153.28  5153.28  5153.28  5153.28  5153.28  5153.28  5153.28  5153.28  5153.28  5153.28  5153.28  5153.28  5153.28  
5085.85  5085.85  5085.85  5085.85  5085.85  5085.85  5085.85  5085.85  5085.85  5085.85  5085.85  5085.85  5085.85  5085.85  5085.85  5085.85  5085.85  5085.85  5085.85  5085.85  5085.85  5085.85  5085.85  5085.85  
5298.87  5298.87  5298.87  5298.87  5298.87  5298.87  5298.87  5298.87  5298.87  5298.87  5298.87  5298.87  5298.87  5298.87  5298.87  5298.87  5298.87  5298.87  5298.87  5298.87  5298.87  5298.87  5298.87  5298.87  
5428.79  5428.79  5428.79  5428.79  5428.79  5428.79  5428.79  5428.79  5428.79  5428.79  5428.79  5428.79  5428.79  5428.79  5428.79  5428.79  5428.79  5428.79  5428.79  5428.79  5428.79  5428.79  5428.79  5428.79  
5035.65  5035.65  5035.65  5035.65  5035.65  5035.65  5035.65  5035.65  5035.65  5035.65  5035.65  5035.65  5035.65  5035.65  5035.65  5035.65  5035.65  5035.65  5035.65  5035.65  5035.65  5035.65  5035.65  5035.65  
4890.39  4890.39  4890.39  4890.39  4890.39  4890.39  4890.39  4890.39  4890.39  4890.39  4890.39  4890.39  4890.39  4890.39  4890.39  4890.39  4890.39  4890.39  4890.39  4890.39  4890.39  4890.39  4890.39  4890.39  
4962.96  4962.96  4962.96  4962.96  4962.96  4962.96  4962.96  4962.96  4962.96  4962.96  4962.96  4962.96  4962.96  4962.96  4962.96  4962.96  4962.96  4962.96  4962.96  4962.96  4962.96  4962.96  4962.96  4962.96  
5216.1  5216.1  5216.1  5216.1  5216.1  5216.1  5216.1  5216.1  5216.1  5216.1  5216.1  5216.1  5216.1  5216.1  5216.1  5216.1  5216.1  5216.1  5216.1  5216.1  5216.1  5216.1  5216.1  5216.1  
5572.92  5572.92  5572.92  5572.92  5572.92  5572.92  5572.92  5572.92  5572.92  5572.92  5572.92  5572.92  5572.92  5572.92  5572.92  5572.92  5572.92  5572.92  5572.92  5572.92  5572.92  5572.92  5572.92  5572.92  
5677.93  5677.93  5677.93  5677.93  5677.93  5677.93  5677.93  5677.93  5677.93  5677.93  5677.93  5677.93  5677.93  5677.93  5677.93  5677.93  5677.93  5677.93  5677.93  5677.93  5677.93  5677.93  5677.93  5677.93  
5488.41  5488.41  5488.41  5488.41  5488.41  5488.41  5488.41  5488.41  5488.41  5488.41  5488.41  5488.41  5488.41  5488.41  5488.41  5488.41  5488.41  5488.41  5488.41  5488.41  5488.41  5488.41  5488.41  5488.41  
5409.97  5409.97  5409.97  5409.97  5409.97  5409.97  5409.97  5409.97  5409.97  5409.97  5409.97  5409.97  5409.97  5409.97  5409.97  5409.97  5409.97  5409.97  5409.97  5409.97  5409.97  5409.97  5409.97  5409.97  
4824.03  4824.03  4824.03  4824.03  4824.03  4824.03  4824.03  4824.03  4824.03  4824.03  4824.03  4824.03  4824.03  4824.03  4824.03  4824.03  4824.03  4824.03  4824.03  4824.03  4824.03  4824.03  4824.03  4824.03  
4824.03  4824.03  4824.03  4824.03  4824.03  4824.03  4824.03  4824.03  4824.03  4824.03  4824.03  4824.03  4824.03  4824.03  4824.03  4824.03  4824.03  4824.03  4824.03  4824.03  4824.03  4824.03  4824.03  4824.03  
5569.05  5569.05  5569.05  5569.05  5569.05  5569.05  5569.05  5569.05  5569.05  5569.05  5569.05  5569.05  5569.05  5569.05  5569.05  5569.05  5569.05  5569.05  5569.05  5569.05  5569.05  5569.05  5569.05  5569.05  
4960.74  4960.74  4960.74  4960.74  4960.74  4960.74  4960.74  4960.74  4960.74  4960.74  4960.74  4960.74  4960.74  4960.74  4960.74  4960.74  4960.74  4960.74  4960.74  4960.74  4960.74  4960.74  4960.74  4960.74  
5488.38  5488.38  5488.38  5488.38  5488.38  5488.38  5488.38  5488.38  5488.38  5488.38  5488.38  5488.38  5488.38  5488.38  5488.38  5488.38  5488.38  5488.38  5488.38  5488.38  5488.38  5488.38  5488.38  5488.38  
