4572.86  4572.86  4572.86  4572.86  4572.86  4572.86  4572.86  4572.86  4572.86  4572.86  4572.86  4572.86  4572.86  4572.86  
3593.19  3593.19  3593.19  3593.19  3593.19  3593.19  3593.19  3593.19  3593.19  3593.19  3593.19  3593.19  3593.19  3593.19  
3532.91  3532.91  3532.91  3532.91  3532.91  3532.91  3532.91  3532.91  3532.91  3532.91  3532.91  3532.91  3532.91  3532.91  
4217.3  4217.3  4217.3  4217.3  4217.3  4217.3  4217.3  4217.3  4217.3  4217.3  4217.3  4217.3  4217.3  4217.3  
4316.23  4316.23  4316.23  4316.23  4316.23  4316.23  4316.23  4316.23  4316.23  4316.23  4316.23  4316.23  4316.23  4316.23  
3823.49  3823.49  3823.49  3823.49  3823.49  3823.49  3823.49  3823.49  3823.49  3823.49  3823.49  3823.49  3823.49  3823.49  
4415.56  4415.56  4415.56  4415.56  4415.56  4415.56  4415.56  4415.56  4415.56  4415.56  4415.56  4415.56  4415.56  4415.56  
3705.04  3705.04  3705.04  3705.04  3705.04  3705.04  3705.04  3705.04  3705.04  3705.04  3705.04  3705.04  3705.04  3705.04  
2961.46  2961.46  2961.46  2961.46  2961.46  2961.46  2961.46  2961.46  2961.46  2961.46  2961.46  2961.46  2961.46  2961.46  
4081.02  4081.02  4081.02  4081.02  4081.02  4081.02  4081.02  4081.02  4081.02  4081.02  4081.02  4081.02  4081.02  4081.02  
3261.81  3261.81  3261.81  3261.81  3261.81  3261.81  3261.81  3261.81  3261.81  3261.81  3261.81  3261.81  3261.81  3261.81  
3947.32  3947.32  3947.32  3947.32  3947.32  3947.32  3947.32  3947.32  3947.32  3947.32  3947.32  3947.32  3947.32  3947.32  
4535.76  4535.76  4535.76  4535.76  4535.76  4535.76  4535.76  4535.76  4535.76  4535.76  4535.76  4535.76  4535.76  4535.76  
3396.98  3396.98  3396.98  3396.98  3396.98  3396.98  3396.98  3396.98  3396.98  3396.98  3396.98  3396.98  3396.98  3396.98  
3109.59  3109.59  3109.59  3109.59  3109.59  3109.59  3109.59  3109.59  3109.59  3109.59  3109.59  3109.59  3109.59  3109.59  
2880.6  2880.6  2880.6  2880.6  2880.6  2880.6  2880.6  2880.6  2880.6  2880.6  2880.6  2880.6  2880.6  2880.6  
3098.63  3098.63  3098.63  3098.63  3098.63  3098.63  3098.63  3098.63  3098.63  3098.63  3098.63  3098.63  3098.63  3098.63  
3280.19  3280.19  3280.19  3280.19  3280.19  3280.19  3280.19  3280.19  3280.19  3280.19  3280.19  3280.19  3280.19  3280.19  
4059.19  4059.19  4059.19  4059.19  4059.19  4059.19  4059.19  4059.19  4059.19  4059.19  4059.19  4059.19  4059.19  4059.19  
2880.6  2880.6  2880.6  2880.6  2880.6  2880.6  2880.6  2880.6  2880.6  2880.6  2880.6  2880.6  2880.6  2880.6  
