3760.93  3760.93  3760.93  3760.93  3760.93  3760.93  3760.93  3760.93  3760.93  3760.93  3760.93  3760.93  3760.93  3760.93  
2964.78  2964.78  2964.78  2964.78  2964.78  2964.78  2964.78  2964.78  2964.78  2964.78  2964.78  2964.78  2964.78  2964.78  
4415.82  4415.82  4415.82  4415.82  4415.82  4415.82  4415.82  4415.82  4415.82  4415.82  4415.82  4415.82  4415.82  4415.82  
4157.78  4157.78  4157.78  4157.78  4157.78  4157.78  4157.78  4157.78  4157.78  4157.78  4157.78  4157.78  4157.78  4157.78  
4112.95  4112.95  4112.95  4112.95  4112.95  4112.95  4112.95  4112.95  4112.95  4112.95  4112.95  4112.95  4112.95  4112.95  
4002.49  4002.49  4002.49  4002.49  4002.49  4002.49  4002.49  4002.49  4002.49  4002.49  4002.49  4002.49  4002.49  4002.49  
3928  3928  3928  3928  3928  3928  3928  3928  3928  3928  3928  3928  3928  3928  
4309.98  4309.98  4309.98  4309.98  4309.98  4309.98  4309.98  4309.98  4309.98  4309.98  4309.98  4309.98  4309.98  4309.98  
3796.38  3796.38  3796.38  3796.38  3796.38  3796.38  3796.38  3796.38  3796.38  3796.38  3796.38  3796.38  3796.38  3796.38  
3609.6  3609.6  3609.6  3609.6  3609.6  3609.6  3609.6  3609.6  3609.6  3609.6  3609.6  3609.6  3609.6  3609.6  
3321.26  3321.26  3321.26  3321.26  3321.26  3321.26  3321.26  3321.26  3321.26  3321.26  3321.26  3321.26  3321.26  3321.26  
3464.8  3464.8  3464.8  3464.8  3464.8  3464.8  3464.8  3464.8  3464.8  3464.8  3464.8  3464.8  3464.8  3464.8  
4531.12  4531.12  4531.12  4531.12  4531.12  4531.12  4531.12  4531.12  4531.12  4531.12  4531.12  4531.12  4531.12  4531.12  
3357.67  3357.67  3357.67  3357.67  3357.67  3357.67  3357.67  3357.67  3357.67  3357.67  3357.67  3357.67  3357.67  3357.67  
3152.52  3152.52  3152.52  3152.52  3152.52  3152.52  3152.52  3152.52  3152.52  3152.52  3152.52  3152.52  3152.52  3152.52  
2870.31  2870.31  2870.31  2870.31  2870.31  2870.31  2870.31  2870.31  2870.31  2870.31  2870.31  2870.31  2870.31  2870.31  
3152.52  3152.52  3152.52  3152.52  3152.52  3152.52  3152.52  3152.52  3152.52  3152.52  3152.52  3152.52  3152.52  3152.52  
2870.31  2870.31  2870.31  2870.31  2870.31  2870.31  2870.31  2870.31  2870.31  2870.31  2870.31  2870.31  2870.31  2870.31  
4522.01  4522.01  4522.01  4522.01  4522.01  4522.01  4522.01  4522.01  4522.01  4522.01  4522.01  4522.01  4522.01  4522.01  
3586.32  3586.32  3586.32  3586.32  3586.32  3586.32  3586.32  3586.32  3586.32  3586.32  3586.32  3586.32  3586.32  3586.32  
