5544.08  5544.08  5544.08  5544.08  5544.08  5544.08  5544.08  5544.08  5544.08  5544.08  5544.08  5544.08  5544.08  5544.08  5544.08  5544.08  5544.08  5544.08  5544.08  5544.08  5544.08  5544.08  5544.08  5544.08  
5484.79  5484.79  5484.79  5484.79  5484.79  5484.79  5484.79  5484.79  5484.79  5484.79  5484.79  5484.79  5484.79  5484.79  5484.79  5484.79  5484.79  5484.79  5484.79  5484.79  5484.79  5484.79  5484.79  5484.79  
5274.56  5274.56  5274.56  5274.56  5274.56  5274.56  5274.56  5274.56  5274.56  5274.56  5274.56  5274.56  5274.56  5274.56  5274.56  5274.56  5274.56  5274.56  5274.56  5274.56  5274.56  5274.56  5274.56  5274.56  
5292.4  5292.4  5292.4  5292.4  5292.4  5292.4  5292.4  5292.4  5292.4  5292.4  5292.4  5292.4  5292.4  5292.4  5292.4  5292.4  5292.4  5292.4  5292.4  5292.4  5292.4  5292.4  5292.4  5292.4  
5339.61  5339.61  5339.61  5339.61  5339.61  5339.61  5339.61  5339.61  5339.61  5339.61  5339.61  5339.61  5339.61  5339.61  5339.61  5339.61  5339.61  5339.61  5339.61  5339.61  5339.61  5339.61  5339.61  5339.61  
5712.46  5712.46  5712.46  5712.46  5712.46  5712.46  5712.46  5712.46  5712.46  5712.46  5712.46  5712.46  5712.46  5712.46  5712.46  5712.46  5712.46  5712.46  5712.46  5712.46  5712.46  5712.46  5712.46  5712.46  
5603.45  5603.45  5603.45  5603.45  5603.45  5603.45  5603.45  5603.45  5603.45  5603.45  5603.45  5603.45  5603.45  5603.45  5603.45  5603.45  5603.45  5603.45  5603.45  5603.45  5603.45  5603.45  5603.45  5603.45  
5664.12  5664.12  5664.12  5664.12  5664.12  5664.12  5664.12  5664.12  5664.12  5664.12  5664.12  5664.12  5664.12  5664.12  5664.12  5664.12  5664.12  5664.12  5664.12  5664.12  5664.12  5664.12  5664.12  5664.12  
5439.14  5439.14  5439.14  5439.14  5439.14  5439.14  5439.14  5439.14  5439.14  5439.14  5439.14  5439.14  5439.14  5439.14  5439.14  5439.14  5439.14  5439.14  5439.14  5439.14  5439.14  5439.14  5439.14  5439.14  
5120.21  5120.21  5120.21  5120.21  5120.21  5120.21  5120.21  5120.21  5120.21  5120.21  5120.21  5120.21  5120.21  5120.21  5120.21  5120.21  5120.21  5120.21  5120.21  5120.21  5120.21  5120.21  5120.21  5120.21  
5134.33  5134.33  5134.33  5134.33  5134.33  5134.33  5134.33  5134.33  5134.33  5134.33  5134.33  5134.33  5134.33  5134.33  5134.33  5134.33  5134.33  5134.33  5134.33  5134.33  5134.33  5134.33  5134.33  5134.33  
5211.2  5211.2  5211.2  5211.2  5211.2  5211.2  5211.2  5211.2  5211.2  5211.2  5211.2  5211.2  5211.2  5211.2  5211.2  5211.2  5211.2  5211.2  5211.2  5211.2  5211.2  5211.2  5211.2  5211.2  
5192.16  5192.16  5192.16  5192.16  5192.16  5192.16  5192.16  5192.16  5192.16  5192.16  5192.16  5192.16  5192.16  5192.16  5192.16  5192.16  5192.16  5192.16  5192.16  5192.16  5192.16  5192.16  5192.16  5192.16  
5390.02  5390.02  5390.02  5390.02  5390.02  5390.02  5390.02  5390.02  5390.02  5390.02  5390.02  5390.02  5390.02  5390.02  5390.02  5390.02  5390.02  5390.02  5390.02  5390.02  5390.02  5390.02  5390.02  5390.02  
5777.83  5777.83  5777.83  5777.83  5777.83  5777.83  5777.83  5777.83  5777.83  5777.83  5777.83  5777.83  5777.83  5777.83  5777.83  5777.83  5777.83  5777.83  5777.83  5777.83  5777.83  5777.83  5777.83  5777.83  
5063.42  5063.42  5063.42  5063.42  5063.42  5063.42  5063.42  5063.42  5063.42  5063.42  5063.42  5063.42  5063.42  5063.42  5063.42  5063.42  5063.42  5063.42  5063.42  5063.42  5063.42  5063.42  5063.42  5063.42  
5777.83  5777.83  5777.83  5777.83  5777.83  5777.83  5777.83  5777.83  5777.83  5777.83  5777.83  5777.83  5777.83  5777.83  5777.83  5777.83  5777.83  5777.83  5777.83  5777.83  5777.83  5777.83  5777.83  5777.83  
5063.42  5063.42  5063.42  5063.42  5063.42  5063.42  5063.42  5063.42  5063.42  5063.42  5063.42  5063.42  5063.42  5063.42  5063.42  5063.42  5063.42  5063.42  5063.42  5063.42  5063.42  5063.42  5063.42  5063.42  
5602.36  5602.36  5602.36  5602.36  5602.36  5602.36  5602.36  5602.36  5602.36  5602.36  5602.36  5602.36  5602.36  5602.36  5602.36  5602.36  5602.36  5602.36  5602.36  5602.36  5602.36  5602.36  5602.36  5602.36  
5531.24  5531.24  5531.24  5531.24  5531.24  5531.24  5531.24  5531.24  5531.24  5531.24  5531.24  5531.24  5531.24  5531.24  5531.24  5531.24  5531.24  5531.24  5531.24  5531.24  5531.24  5531.24  5531.24  5531.24  
