5416.99  5416.99  5416.99  5416.99  5416.99  5416.99  5416.99  5416.99  5416.99  5416.99  5416.99  5416.99  5416.99  5416.99  5416.99  5416.99  5416.99  5416.99  5416.99  5416.99  5416.99  5416.99  5416.99  5416.99  
5345.41  5345.41  5345.41  5345.41  5345.41  5345.41  5345.41  5345.41  5345.41  5345.41  5345.41  5345.41  5345.41  5345.41  5345.41  5345.41  5345.41  5345.41  5345.41  5345.41  5345.41  5345.41  5345.41  5345.41  
5183.8  5183.8  5183.8  5183.8  5183.8  5183.8  5183.8  5183.8  5183.8  5183.8  5183.8  5183.8  5183.8  5183.8  5183.8  5183.8  5183.8  5183.8  5183.8  5183.8  5183.8  5183.8  5183.8  5183.8  
5127.11  5127.11  5127.11  5127.11  5127.11  5127.11  5127.11  5127.11  5127.11  5127.11  5127.11  5127.11  5127.11  5127.11  5127.11  5127.11  5127.11  5127.11  5127.11  5127.11  5127.11  5127.11  5127.11  5127.11  
5052.59  5052.59  5052.59  5052.59  5052.59  5052.59  5052.59  5052.59  5052.59  5052.59  5052.59  5052.59  5052.59  5052.59  5052.59  5052.59  5052.59  5052.59  5052.59  5052.59  5052.59  5052.59  5052.59  5052.59  
5016.05  5016.05  5016.05  5016.05  5016.05  5016.05  5016.05  5016.05  5016.05  5016.05  5016.05  5016.05  5016.05  5016.05  5016.05  5016.05  5016.05  5016.05  5016.05  5016.05  5016.05  5016.05  5016.05  5016.05  
5487.13  5487.13  5487.13  5487.13  5487.13  5487.13  5487.13  5487.13  5487.13  5487.13  5487.13  5487.13  5487.13  5487.13  5487.13  5487.13  5487.13  5487.13  5487.13  5487.13  5487.13  5487.13  5487.13  5487.13  
5264.09  5264.09  5264.09  5264.09  5264.09  5264.09  5264.09  5264.09  5264.09  5264.09  5264.09  5264.09  5264.09  5264.09  5264.09  5264.09  5264.09  5264.09  5264.09  5264.09  5264.09  5264.09  5264.09  5264.09  
5569.7  5569.7  5569.7  5569.7  5569.7  5569.7  5569.7  5569.7  5569.7  5569.7  5569.7  5569.7  5569.7  5569.7  5569.7  5569.7  5569.7  5569.7  5569.7  5569.7  5569.7  5569.7  5569.7  5569.7  
4923.12  4923.12  4923.12  4923.12  4923.12  4923.12  4923.12  4923.12  4923.12  4923.12  4923.12  4923.12  4923.12  4923.12  4923.12  4923.12  4923.12  4923.12  4923.12  4923.12  4923.12  4923.12  4923.12  4923.12  
4922.82  4922.82  4922.82  4922.82  4922.82  4922.82  4922.82  4922.82  4922.82  4922.82  4922.82  4922.82  4922.82  4922.82  4922.82  4922.82  4922.82  4922.82  4922.82  4922.82  4922.82  4922.82  4922.82  4922.82  
5563.21  5563.21  5563.21  5563.21  5563.21  5563.21  5563.21  5563.21  5563.21  5563.21  5563.21  5563.21  5563.21  5563.21  5563.21  5563.21  5563.21  5563.21  5563.21  5563.21  5563.21  5563.21  5563.21  5563.21  
4401.79  4401.79  4401.79  4401.79  4401.79  4401.79  4401.79  4401.79  4401.79  4401.79  4401.79  4401.79  4401.79  4401.79  4401.79  4401.79  4401.79  4401.79  4401.79  4401.79  4401.79  4401.79  4401.79  4401.79  
4442.4  4442.4  4442.4  4442.4  4442.4  4442.4  4442.4  4442.4  4442.4  4442.4  4442.4  4442.4  4442.4  4442.4  4442.4  4442.4  4442.4  4442.4  4442.4  4442.4  4442.4  4442.4  4442.4  4442.4  
4647.32  4647.32  4647.32  4647.32  4647.32  4647.32  4647.32  4647.32  4647.32  4647.32  4647.32  4647.32  4647.32  4647.32  4647.32  4647.32  4647.32  4647.32  4647.32  4647.32  4647.32  4647.32  4647.32  4647.32  
4682.77  4682.77  4682.77  4682.77  4682.77  4682.77  4682.77  4682.77  4682.77  4682.77  4682.77  4682.77  4682.77  4682.77  4682.77  4682.77  4682.77  4682.77  4682.77  4682.77  4682.77  4682.77  4682.77  4682.77  
4782.59  4782.59  4782.59  4782.59  4782.59  4782.59  4782.59  4782.59  4782.59  4782.59  4782.59  4782.59  4782.59  4782.59  4782.59  4782.59  4782.59  4782.59  4782.59  4782.59  4782.59  4782.59  4782.59  4782.59  
4523.21  4523.21  4523.21  4523.21  4523.21  4523.21  4523.21  4523.21  4523.21  4523.21  4523.21  4523.21  4523.21  4523.21  4523.21  4523.21  4523.21  4523.21  4523.21  4523.21  4523.21  4523.21  4523.21  4523.21  
4797.96  4797.96  4797.96  4797.96  4797.96  4797.96  4797.96  4797.96  4797.96  4797.96  4797.96  4797.96  4797.96  4797.96  4797.96  4797.96  4797.96  4797.96  4797.96  4797.96  4797.96  4797.96  4797.96  4797.96  
4544.43  4544.43  4544.43  4544.43  4544.43  4544.43  4544.43  4544.43  4544.43  4544.43  4544.43  4544.43  4544.43  4544.43  4544.43  4544.43  4544.43  4544.43  4544.43  4544.43  4544.43  4544.43  4544.43  4544.43  
