5751.44  5751.44  5751.44  5751.44  5751.44  5751.44  5751.44  5751.44  5751.44  5751.44  5751.44  5751.44  5751.44  5751.44  5751.44  5751.44  5751.44  5751.44  5751.44  5751.44  5751.44  5751.44  5751.44  5751.44  
5547.13  5547.13  5547.13  5547.13  5547.13  5547.13  5547.13  5547.13  5547.13  5547.13  5547.13  5547.13  5547.13  5547.13  5547.13  5547.13  5547.13  5547.13  5547.13  5547.13  5547.13  5547.13  5547.13  5547.13  
5499.73  5499.73  5499.73  5499.73  5499.73  5499.73  5499.73  5499.73  5499.73  5499.73  5499.73  5499.73  5499.73  5499.73  5499.73  5499.73  5499.73  5499.73  5499.73  5499.73  5499.73  5499.73  5499.73  5499.73  
5729.44  5729.44  5729.44  5729.44  5729.44  5729.44  5729.44  5729.44  5729.44  5729.44  5729.44  5729.44  5729.44  5729.44  5729.44  5729.44  5729.44  5729.44  5729.44  5729.44  5729.44  5729.44  5729.44  5729.44  
5819.12  5819.12  5819.12  5819.12  5819.12  5819.12  5819.12  5819.12  5819.12  5819.12  5819.12  5819.12  5819.12  5819.12  5819.12  5819.12  5819.12  5819.12  5819.12  5819.12  5819.12  5819.12  5819.12  5819.12  
5849.21  5849.21  5849.21  5849.21  5849.21  5849.21  5849.21  5849.21  5849.21  5849.21  5849.21  5849.21  5849.21  5849.21  5849.21  5849.21  5849.21  5849.21  5849.21  5849.21  5849.21  5849.21  5849.21  5849.21  
5668.25  5668.25  5668.25  5668.25  5668.25  5668.25  5668.25  5668.25  5668.25  5668.25  5668.25  5668.25  5668.25  5668.25  5668.25  5668.25  5668.25  5668.25  5668.25  5668.25  5668.25  5668.25  5668.25  5668.25  
5199.42  5199.42  5199.42  5199.42  5199.42  5199.42  5199.42  5199.42  5199.42  5199.42  5199.42  5199.42  5199.42  5199.42  5199.42  5199.42  5199.42  5199.42  5199.42  5199.42  5199.42  5199.42  5199.42  5199.42  
5602.01  5602.01  5602.01  5602.01  5602.01  5602.01  5602.01  5602.01  5602.01  5602.01  5602.01  5602.01  5602.01  5602.01  5602.01  5602.01  5602.01  5602.01  5602.01  5602.01  5602.01  5602.01  5602.01  5602.01  
5352.27  5352.27  5352.27  5352.27  5352.27  5352.27  5352.27  5352.27  5352.27  5352.27  5352.27  5352.27  5352.27  5352.27  5352.27  5352.27  5352.27  5352.27  5352.27  5352.27  5352.27  5352.27  5352.27  5352.27  
5140.57  5140.57  5140.57  5140.57  5140.57  5140.57  5140.57  5140.57  5140.57  5140.57  5140.57  5140.57  5140.57  5140.57  5140.57  5140.57  5140.57  5140.57  5140.57  5140.57  5140.57  5140.57  5140.57  5140.57  
5433.56  5433.56  5433.56  5433.56  5433.56  5433.56  5433.56  5433.56  5433.56  5433.56  5433.56  5433.56  5433.56  5433.56  5433.56  5433.56  5433.56  5433.56  5433.56  5433.56  5433.56  5433.56  5433.56  5433.56  
5272.88  5272.88  5272.88  5272.88  5272.88  5272.88  5272.88  5272.88  5272.88  5272.88  5272.88  5272.88  5272.88  5272.88  5272.88  5272.88  5272.88  5272.88  5272.88  5272.88  5272.88  5272.88  5272.88  5272.88  
5363.22  5363.22  5363.22  5363.22  5363.22  5363.22  5363.22  5363.22  5363.22  5363.22  5363.22  5363.22  5363.22  5363.22  5363.22  5363.22  5363.22  5363.22  5363.22  5363.22  5363.22  5363.22  5363.22  5363.22  
5919.91  5919.91  5919.91  5919.91  5919.91  5919.91  5919.91  5919.91  5919.91  5919.91  5919.91  5919.91  5919.91  5919.91  5919.91  5919.91  5919.91  5919.91  5919.91  5919.91  5919.91  5919.91  5919.91  5919.91  
5995.57  5995.57  5995.57  5995.57  5995.57  5995.57  5995.57  5995.57  5995.57  5995.57  5995.57  5995.57  5995.57  5995.57  5995.57  5995.57  5995.57  5995.57  5995.57  5995.57  5995.57  5995.57  5995.57  5995.57  
5995.19  5995.19  5995.19  5995.19  5995.19  5995.19  5995.19  5995.19  5995.19  5995.19  5995.19  5995.19  5995.19  5995.19  5995.19  5995.19  5995.19  5995.19  5995.19  5995.19  5995.19  5995.19  5995.19  5995.19  
5145.99  5145.99  5145.99  5145.99  5145.99  5145.99  5145.99  5145.99  5145.99  5145.99  5145.99  5145.99  5145.99  5145.99  5145.99  5145.99  5145.99  5145.99  5145.99  5145.99  5145.99  5145.99  5145.99  5145.99  
5272.65  5272.65  5272.65  5272.65  5272.65  5272.65  5272.65  5272.65  5272.65  5272.65  5272.65  5272.65  5272.65  5272.65  5272.65  5272.65  5272.65  5272.65  5272.65  5272.65  5272.65  5272.65  5272.65  5272.65  
5918.22  5918.22  5918.22  5918.22  5918.22  5918.22  5918.22  5918.22  5918.22  5918.22  5918.22  5918.22  5918.22  5918.22  5918.22  5918.22  5918.22  5918.22  5918.22  5918.22  5918.22  5918.22  5918.22  5918.22  
