5300.05  5300.05  5300.05  5300.05  5300.05  5300.05  5300.05  5300.05  5300.05  5300.05  5300.05  5300.05  5300.05  5300.05  5300.05  5300.05  5300.05  5300.05  5300.05  5300.05  5300.05  5300.05  5300.05  5300.05  
5127.64  5127.64  5127.64  5127.64  5127.64  5127.64  5127.64  5127.64  5127.64  5127.64  5127.64  5127.64  5127.64  5127.64  5127.64  5127.64  5127.64  5127.64  5127.64  5127.64  5127.64  5127.64  5127.64  5127.64  
4996.41  4996.41  4996.41  4996.41  4996.41  4996.41  4996.41  4996.41  4996.41  4996.41  4996.41  4996.41  4996.41  4996.41  4996.41  4996.41  4996.41  4996.41  4996.41  4996.41  4996.41  4996.41  4996.41  4996.41  
5106.33  5106.33  5106.33  5106.33  5106.33  5106.33  5106.33  5106.33  5106.33  5106.33  5106.33  5106.33  5106.33  5106.33  5106.33  5106.33  5106.33  5106.33  5106.33  5106.33  5106.33  5106.33  5106.33  5106.33  
5024.66  5024.66  5024.66  5024.66  5024.66  5024.66  5024.66  5024.66  5024.66  5024.66  5024.66  5024.66  5024.66  5024.66  5024.66  5024.66  5024.66  5024.66  5024.66  5024.66  5024.66  5024.66  5024.66  5024.66  
5409.6  5409.6  5409.6  5409.6  5409.6  5409.6  5409.6  5409.6  5409.6  5409.6  5409.6  5409.6  5409.6  5409.6  5409.6  5409.6  5409.6  5409.6  5409.6  5409.6  5409.6  5409.6  5409.6  5409.6  
5220.86  5220.86  5220.86  5220.86  5220.86  5220.86  5220.86  5220.86  5220.86  5220.86  5220.86  5220.86  5220.86  5220.86  5220.86  5220.86  5220.86  5220.86  5220.86  5220.86  5220.86  5220.86  5220.86  5220.86  
5220.71  5220.71  5220.71  5220.71  5220.71  5220.71  5220.71  5220.71  5220.71  5220.71  5220.71  5220.71  5220.71  5220.71  5220.71  5220.71  5220.71  5220.71  5220.71  5220.71  5220.71  5220.71  5220.71  5220.71  
5402.55  5402.55  5402.55  5402.55  5402.55  5402.55  5402.55  5402.55  5402.55  5402.55  5402.55  5402.55  5402.55  5402.55  5402.55  5402.55  5402.55  5402.55  5402.55  5402.55  5402.55  5402.55  5402.55  5402.55  
5279.37  5279.37  5279.37  5279.37  5279.37  5279.37  5279.37  5279.37  5279.37  5279.37  5279.37  5279.37  5279.37  5279.37  5279.37  5279.37  5279.37  5279.37  5279.37  5279.37  5279.37  5279.37  5279.37  5279.37  
5060.32  5060.32  5060.32  5060.32  5060.32  5060.32  5060.32  5060.32  5060.32  5060.32  5060.32  5060.32  5060.32  5060.32  5060.32  5060.32  5060.32  5060.32  5060.32  5060.32  5060.32  5060.32  5060.32  5060.32  
5339.91  5339.91  5339.91  5339.91  5339.91  5339.91  5339.91  5339.91  5339.91  5339.91  5339.91  5339.91  5339.91  5339.91  5339.91  5339.91  5339.91  5339.91  5339.91  5339.91  5339.91  5339.91  5339.91  5339.91  
4959.79  4959.79  4959.79  4959.79  4959.79  4959.79  4959.79  4959.79  4959.79  4959.79  4959.79  4959.79  4959.79  4959.79  4959.79  4959.79  4959.79  4959.79  4959.79  4959.79  4959.79  4959.79  4959.79  4959.79  
5172.77  5172.77  5172.77  5172.77  5172.77  5172.77  5172.77  5172.77  5172.77  5172.77  5172.77  5172.77  5172.77  5172.77  5172.77  5172.77  5172.77  5172.77  5172.77  5172.77  5172.77  5172.77  5172.77  5172.77  
5440.19  5440.19  5440.19  5440.19  5440.19  5440.19  5440.19  5440.19  5440.19  5440.19  5440.19  5440.19  5440.19  5440.19  5440.19  5440.19  5440.19  5440.19  5440.19  5440.19  5440.19  5440.19  5440.19  5440.19  
5454.79  5454.79  5454.79  5454.79  5454.79  5454.79  5454.79  5454.79  5454.79  5454.79  5454.79  5454.79  5454.79  5454.79  5454.79  5454.79  5454.79  5454.79  5454.79  5454.79  5454.79  5454.79  5454.79  5454.79  
5339.91  5339.91  5339.91  5339.91  5339.91  5339.91  5339.91  5339.91  5339.91  5339.91  5339.91  5339.91  5339.91  5339.91  5339.91  5339.91  5339.91  5339.91  5339.91  5339.91  5339.91  5339.91  5339.91  5339.91  
4959.79  4959.79  4959.79  4959.79  4959.79  4959.79  4959.79  4959.79  4959.79  4959.79  4959.79  4959.79  4959.79  4959.79  4959.79  4959.79  4959.79  4959.79  4959.79  4959.79  4959.79  4959.79  4959.79  4959.79  
5172.77  5172.77  5172.77  5172.77  5172.77  5172.77  5172.77  5172.77  5172.77  5172.77  5172.77  5172.77  5172.77  5172.77  5172.77  5172.77  5172.77  5172.77  5172.77  5172.77  5172.77  5172.77  5172.77  5172.77  
5059.67  5059.67  5059.67  5059.67  5059.67  5059.67  5059.67  5059.67  5059.67  5059.67  5059.67  5059.67  5059.67  5059.67  5059.67  5059.67  5059.67  5059.67  5059.67  5059.67  5059.67  5059.67  5059.67  5059.67  
