11878.9  11878.9  11878.9  11878.9  11878.9  11878.9  11878.9  11878.9  11878.9  11878.9  11878.9  11878.9  11878.9  11878.9  11878.9  11878.9  11878.9  11878.9  
11941.5  11941.5  11941.5  11941.5  11941.5  11941.5  11941.5  11941.5  11941.5  11941.5  11941.5  11941.5  11941.5  11941.5  11941.5  11941.5  11941.5  11941.5  
11378.5  11378.5  11378.5  11378.5  11378.5  11378.5  11378.5  11378.5  11378.5  11378.5  11378.5  11378.5  11378.5  11378.5  11378.5  11378.5  11378.5  11378.5  
11509.2  11509.2  11509.2  11509.2  11509.2  11509.2  11509.2  11509.2  11509.2  11509.2  11509.2  11509.2  11509.2  11509.2  11509.2  11509.2  11509.2  11509.2  
11647  11647  11647  11647  11647  11647  11647  11647  11647  11647  11647  11647  11647  11647  11647  11647  11647  11647  
12490.6  12490.6  12490.6  12490.6  12490.6  12490.6  12490.6  12490.6  12490.6  12490.6  12490.6  12490.6  12490.6  12490.6  12490.6  12490.6  12490.6  12490.6  
12597.1  12597.1  12597.1  12597.1  12597.1  12597.1  12597.1  12597.1  12597.1  12597.1  12597.1  12597.1  12597.1  12597.1  12597.1  12597.1  12597.1  12597.1  
12024.4  12024.4  12024.4  12024.4  12024.4  12024.4  12024.4  12024.4  12024.4  12024.4  12024.4  12024.4  12024.4  12024.4  12024.4  12024.4  12024.4  12024.4  
12253.3  12253.3  12253.3  12253.3  12253.3  12253.3  12253.3  12253.3  12253.3  12253.3  12253.3  12253.3  12253.3  12253.3  12253.3  12253.3  12253.3  12253.3  
12127.7  12127.7  12127.7  12127.7  12127.7  12127.7  12127.7  12127.7  12127.7  12127.7  12127.7  12127.7  12127.7  12127.7  12127.7  12127.7  12127.7  12127.7  
12383  12383  12383  12383  12383  12383  12383  12383  12383  12383  12383  12383  12383  12383  12383  12383  12383  12383  
11347.4  11347.4  11347.4  11347.4  11347.4  11347.4  11347.4  11347.4  11347.4  11347.4  11347.4  11347.4  11347.4  11347.4  11347.4  11347.4  11347.4  11347.4  
11667.7  11667.7  11667.7  11667.7  11667.7  11667.7  11667.7  11667.7  11667.7  11667.7  11667.7  11667.7  11667.7  11667.7  11667.7  11667.7  11667.7  11667.7  
11521.1  11521.1  11521.1  11521.1  11521.1  11521.1  11521.1  11521.1  11521.1  11521.1  11521.1  11521.1  11521.1  11521.1  11521.1  11521.1  11521.1  11521.1  
12271.9  12271.9  12271.9  12271.9  12271.9  12271.9  12271.9  12271.9  12271.9  12271.9  12271.9  12271.9  12271.9  12271.9  12271.9  12271.9  12271.9  12271.9  
11778.2  11778.2  11778.2  11778.2  11778.2  11778.2  11778.2  11778.2  11778.2  11778.2  11778.2  11778.2  11778.2  11778.2  11778.2  11778.2  11778.2  11778.2  
12586.1  12586.1  12586.1  12586.1  12586.1  12586.1  12586.1  12586.1  12586.1  12586.1  12586.1  12586.1  12586.1  12586.1  12586.1  12586.1  12586.1  12586.1  
12126.6  12126.6  12126.6  12126.6  12126.6  12126.6  12126.6  12126.6  12126.6  12126.6  12126.6  12126.6  12126.6  12126.6  12126.6  12126.6  12126.6  12126.6  
12373.2  12373.2  12373.2  12373.2  12373.2  12373.2  12373.2  12373.2  12373.2  12373.2  12373.2  12373.2  12373.2  12373.2  12373.2  12373.2  12373.2  12373.2  
11778.2  11778.2  11778.2  11778.2  11778.2  11778.2  11778.2  11778.2  11778.2  11778.2  11778.2  11778.2  11778.2  11778.2  11778.2  11778.2  11778.2  11778.2  
