2998.7  2998.7  2998.7  2998.7  2998.7  2998.7  2998.7  2998.7  2998.7  2998.7  2998.7  2998.7  2998.7  2998.7  
4467.9  4467.9  4467.9  4467.9  4467.9  4467.9  4467.9  4467.9  4467.9  4467.9  4467.9  4467.9  4467.9  4467.9  
3673.16  3673.16  3673.16  3673.16  3673.16  3673.16  3673.16  3673.16  3673.16  3673.16  3673.16  3673.16  3673.16  3673.16  
3613.95  3613.95  3613.95  3613.95  3613.95  3613.95  3613.95  3613.95  3613.95  3613.95  3613.95  3613.95  3613.95  3613.95  
3772.19  3772.19  3772.19  3772.19  3772.19  3772.19  3772.19  3772.19  3772.19  3772.19  3772.19  3772.19  3772.19  3772.19  
4412.75  4412.75  4412.75  4412.75  4412.75  4412.75  4412.75  4412.75  4412.75  4412.75  4412.75  4412.75  4412.75  4412.75  
4110.77  4110.77  4110.77  4110.77  4110.77  4110.77  4110.77  4110.77  4110.77  4110.77  4110.77  4110.77  4110.77  4110.77  
4288.83  4288.83  4288.83  4288.83  4288.83  4288.83  4288.83  4288.83  4288.83  4288.83  4288.83  4288.83  4288.83  4288.83  
2901.02  2901.02  2901.02  2901.02  2901.02  2901.02  2901.02  2901.02  2901.02  2901.02  2901.02  2901.02  2901.02  2901.02  
3945.06  3945.06  3945.06  3945.06  3945.06  3945.06  3945.06  3945.06  3945.06  3945.06  3945.06  3945.06  3945.06  3945.06  
2859.43  2859.43  2859.43  2859.43  2859.43  2859.43  2859.43  2859.43  2859.43  2859.43  2859.43  2859.43  2859.43  2859.43  
3151.94  3151.94  3151.94  3151.94  3151.94  3151.94  3151.94  3151.94  3151.94  3151.94  3151.94  3151.94  3151.94  3151.94  
3925.15  3925.15  3925.15  3925.15  3925.15  3925.15  3925.15  3925.15  3925.15  3925.15  3925.15  3925.15  3925.15  3925.15  
3460.46  3460.46  3460.46  3460.46  3460.46  3460.46  3460.46  3460.46  3460.46  3460.46  3460.46  3460.46  3460.46  3460.46  
4525.13  4525.13  4525.13  4525.13  4525.13  4525.13  4525.13  4525.13  4525.13  4525.13  4525.13  4525.13  4525.13  4525.13  
3306.35  3306.35  3306.35  3306.35  3306.35  3306.35  3306.35  3306.35  3306.35  3306.35  3306.35  3306.35  3306.35  3306.35  
4128.63  4128.63  4128.63  4128.63  4128.63  4128.63  4128.63  4128.63  4128.63  4128.63  4128.63  4128.63  4128.63  4128.63  
3306.35  3306.35  3306.35  3306.35  3306.35  3306.35  3306.35  3306.35  3306.35  3306.35  3306.35  3306.35  3306.35  3306.35  
3132.79  3132.79  3132.79  3132.79  3132.79  3132.79  3132.79  3132.79  3132.79  3132.79  3132.79  3132.79  3132.79  3132.79  
3458.64  3458.64  3458.64  3458.64  3458.64  3458.64  3458.64  3458.64  3458.64  3458.64  3458.64  3458.64  3458.64  3458.64  
