5065.89  5065.89  5065.89  5065.89  5065.89  5065.89  5065.89  5065.89  5065.89  5065.89  5065.89  5065.89  5065.89  5065.89  5065.89  5065.89  5065.89  5065.89  5065.89  5065.89  5065.89  5065.89  5065.89  5065.89  
5112.12  5112.12  5112.12  5112.12  5112.12  5112.12  5112.12  5112.12  5112.12  5112.12  5112.12  5112.12  5112.12  5112.12  5112.12  5112.12  5112.12  5112.12  5112.12  5112.12  5112.12  5112.12  5112.12  5112.12  
5751.44  5751.44  5751.44  5751.44  5751.44  5751.44  5751.44  5751.44  5751.44  5751.44  5751.44  5751.44  5751.44  5751.44  5751.44  5751.44  5751.44  5751.44  5751.44  5751.44  5751.44  5751.44  5751.44  5751.44  
5770.85  5770.85  5770.85  5770.85  5770.85  5770.85  5770.85  5770.85  5770.85  5770.85  5770.85  5770.85  5770.85  5770.85  5770.85  5770.85  5770.85  5770.85  5770.85  5770.85  5770.85  5770.85  5770.85  5770.85  
5585.27  5585.27  5585.27  5585.27  5585.27  5585.27  5585.27  5585.27  5585.27  5585.27  5585.27  5585.27  5585.27  5585.27  5585.27  5585.27  5585.27  5585.27  5585.27  5585.27  5585.27  5585.27  5585.27  5585.27  
5875.73  5875.73  5875.73  5875.73  5875.73  5875.73  5875.73  5875.73  5875.73  5875.73  5875.73  5875.73  5875.73  5875.73  5875.73  5875.73  5875.73  5875.73  5875.73  5875.73  5875.73  5875.73  5875.73  5875.73  
5210.6  5210.6  5210.6  5210.6  5210.6  5210.6  5210.6  5210.6  5210.6  5210.6  5210.6  5210.6  5210.6  5210.6  5210.6  5210.6  5210.6  5210.6  5210.6  5210.6  5210.6  5210.6  5210.6  5210.6  
5672.73  5672.73  5672.73  5672.73  5672.73  5672.73  5672.73  5672.73  5672.73  5672.73  5672.73  5672.73  5672.73  5672.73  5672.73  5672.73  5672.73  5672.73  5672.73  5672.73  5672.73  5672.73  5672.73  5672.73  
5931.87  5931.87  5931.87  5931.87  5931.87  5931.87  5931.87  5931.87  5931.87  5931.87  5931.87  5931.87  5931.87  5931.87  5931.87  5931.87  5931.87  5931.87  5931.87  5931.87  5931.87  5931.87  5931.87  5931.87  
5301.08  5301.08  5301.08  5301.08  5301.08  5301.08  5301.08  5301.08  5301.08  5301.08  5301.08  5301.08  5301.08  5301.08  5301.08  5301.08  5301.08  5301.08  5301.08  5301.08  5301.08  5301.08  5301.08  5301.08  
5393.79  5393.79  5393.79  5393.79  5393.79  5393.79  5393.79  5393.79  5393.79  5393.79  5393.79  5393.79  5393.79  5393.79  5393.79  5393.79  5393.79  5393.79  5393.79  5393.79  5393.79  5393.79  5393.79  5393.79  
4964.42  4964.42  4964.42  4964.42  4964.42  4964.42  4964.42  4964.42  4964.42  4964.42  4964.42  4964.42  4964.42  4964.42  4964.42  4964.42  4964.42  4964.42  4964.42  4964.42  4964.42  4964.42  4964.42  4964.42  
4956.58  4956.58  4956.58  4956.58  4956.58  4956.58  4956.58  4956.58  4956.58  4956.58  4956.58  4956.58  4956.58  4956.58  4956.58  4956.58  4956.58  4956.58  4956.58  4956.58  4956.58  4956.58  4956.58  4956.58  
5944.11  5944.11  5944.11  5944.11  5944.11  5944.11  5944.11  5944.11  5944.11  5944.11  5944.11  5944.11  5944.11  5944.11  5944.11  5944.11  5944.11  5944.11  5944.11  5944.11  5944.11  5944.11  5944.11  5944.11  
5489.15  5489.15  5489.15  5489.15  5489.15  5489.15  5489.15  5489.15  5489.15  5489.15  5489.15  5489.15  5489.15  5489.15  5489.15  5489.15  5489.15  5489.15  5489.15  5489.15  5489.15  5489.15  5489.15  5489.15  
6021.09  6021.09  6021.09  6021.09  6021.09  6021.09  6021.09  6021.09  6021.09  6021.09  6021.09  6021.09  6021.09  6021.09  6021.09  6021.09  6021.09  6021.09  6021.09  6021.09  6021.09  6021.09  6021.09  6021.09  
5489.02  5489.02  5489.02  5489.02  5489.02  5489.02  5489.02  5489.02  5489.02  5489.02  5489.02  5489.02  5489.02  5489.02  5489.02  5489.02  5489.02  5489.02  5489.02  5489.02  5489.02  5489.02  5489.02  5489.02  
5211.13  5211.13  5211.13  5211.13  5211.13  5211.13  5211.13  5211.13  5211.13  5211.13  5211.13  5211.13  5211.13  5211.13  5211.13  5211.13  5211.13  5211.13  5211.13  5211.13  5211.13  5211.13  5211.13  5211.13  
5391.63  5391.63  5391.63  5391.63  5391.63  5391.63  5391.63  5391.63  5391.63  5391.63  5391.63  5391.63  5391.63  5391.63  5391.63  5391.63  5391.63  5391.63  5391.63  5391.63  5391.63  5391.63  5391.63  5391.63  
5588.14  5588.14  5588.14  5588.14  5588.14  5588.14  5588.14  5588.14  5588.14  5588.14  5588.14  5588.14  5588.14  5588.14  5588.14  5588.14  5588.14  5588.14  5588.14  5588.14  5588.14  5588.14  5588.14  5588.14  
