3291.97  3291.97  3291.97  3291.97  3291.97  3291.97  3291.97  3291.97  3291.97  3291.97  3291.97  3291.97  3291.97  3291.97  
3154.1  3154.1  3154.1  3154.1  3154.1  3154.1  3154.1  3154.1  3154.1  3154.1  3154.1  3154.1  3154.1  3154.1  
3095.14  3095.14  3095.14  3095.14  3095.14  3095.14  3095.14  3095.14  3095.14  3095.14  3095.14  3095.14  3095.14  3095.14  
3018.02  3018.02  3018.02  3018.02  3018.02  3018.02  3018.02  3018.02  3018.02  3018.02  3018.02  3018.02  3018.02  3018.02  
3335.98  3335.98  3335.98  3335.98  3335.98  3335.98  3335.98  3335.98  3335.98  3335.98  3335.98  3335.98  3335.98  3335.98  
4126.6  4126.6  4126.6  4126.6  4126.6  4126.6  4126.6  4126.6  4126.6  4126.6  4126.6  4126.6  4126.6  4126.6  
4004.85  4004.85  4004.85  4004.85  4004.85  4004.85  4004.85  4004.85  4004.85  4004.85  4004.85  4004.85  4004.85  4004.85  
2964.91  2964.91  2964.91  2964.91  2964.91  2964.91  2964.91  2964.91  2964.91  2964.91  2964.91  2964.91  2964.91  2964.91  
3618.57  3618.57  3618.57  3618.57  3618.57  3618.57  3618.57  3618.57  3618.57  3618.57  3618.57  3618.57  3618.57  3618.57  
3473.05  3473.05  3473.05  3473.05  3473.05  3473.05  3473.05  3473.05  3473.05  3473.05  3473.05  3473.05  3473.05  3473.05  
3758.04  3758.04  3758.04  3758.04  3758.04  3758.04  3758.04  3758.04  3758.04  3758.04  3758.04  3758.04  3758.04  3758.04  
4269.78  4269.78  4269.78  4269.78  4269.78  4269.78  4269.78  4269.78  4269.78  4269.78  4269.78  4269.78  4269.78  4269.78  
4544.36  4544.36  4544.36  4544.36  4544.36  4544.36  4544.36  4544.36  4544.36  4544.36  4544.36  4544.36  4544.36  4544.36  
3891.14  3891.14  3891.14  3891.14  3891.14  3891.14  3891.14  3891.14  3891.14  3891.14  3891.14  3891.14  3891.14  3891.14  
4404.29  4404.29  4404.29  4404.29  4404.29  4404.29  4404.29  4404.29  4404.29  4404.29  4404.29  4404.29  4404.29  4404.29  
4513.46  4513.46  4513.46  4513.46  4513.46  4513.46  4513.46  4513.46  4513.46  4513.46  4513.46  4513.46  4513.46  4513.46  
3632.93  3632.93  3632.93  3632.93  3632.93  3632.93  3632.93  3632.93  3632.93  3632.93  3632.93  3632.93  3632.93  3632.93  
3484.52  3484.52  3484.52  3484.52  3484.52  3484.52  3484.52  3484.52  3484.52  3484.52  3484.52  3484.52  3484.52  3484.52  
4248.5  4248.5  4248.5  4248.5  4248.5  4248.5  4248.5  4248.5  4248.5  4248.5  4248.5  4248.5  4248.5  4248.5  
3767.75  3767.75  3767.75  3767.75  3767.75  3767.75  3767.75  3767.75  3767.75  3767.75  3767.75  3767.75  3767.75  3767.75  
