3660.22  3660.22  3660.22  3660.22  3660.22  3660.22  3660.22  3660.22  3660.22  3660.22  3660.22  3660.22  3660.22  3660.22  
4192.02  4192.02  4192.02  4192.02  4192.02  4192.02  4192.02  4192.02  4192.02  4192.02  4192.02  4192.02  4192.02  4192.02  
4614.41  4614.41  4614.41  4614.41  4614.41  4614.41  4614.41  4614.41  4614.41  4614.41  4614.41  4614.41  4614.41  4614.41  
4525.07  4525.07  4525.07  4525.07  4525.07  4525.07  4525.07  4525.07  4525.07  4525.07  4525.07  4525.07  4525.07  4525.07  
3899.67  3899.67  3899.67  3899.67  3899.67  3899.67  3899.67  3899.67  3899.67  3899.67  3899.67  3899.67  3899.67  3899.67  
3600.91  3600.91  3600.91  3600.91  3600.91  3600.91  3600.91  3600.91  3600.91  3600.91  3600.91  3600.91  3600.91  3600.91  
4315.64  4315.64  4315.64  4315.64  4315.64  4315.64  4315.64  4315.64  4315.64  4315.64  4315.64  4315.64  4315.64  4315.64  
4450.7  4450.7  4450.7  4450.7  4450.7  4450.7  4450.7  4450.7  4450.7  4450.7  4450.7  4450.7  4450.7  4450.7  
3784.06  3784.06  3784.06  3784.06  3784.06  3784.06  3784.06  3784.06  3784.06  3784.06  3784.06  3784.06  3784.06  3784.06  
3464.16  3464.16  3464.16  3464.16  3464.16  3464.16  3464.16  3464.16  3464.16  3464.16  3464.16  3464.16  3464.16  3464.16  
3326.11  3326.11  3326.11  3326.11  3326.11  3326.11  3326.11  3326.11  3326.11  3326.11  3326.11  3326.11  3326.11  3326.11  
3011.15  3011.15  3011.15  3011.15  3011.15  3011.15  3011.15  3011.15  3011.15  3011.15  3011.15  3011.15  3011.15  3011.15  
2842.18  2842.18  2842.18  2842.18  2842.18  2842.18  2842.18  2842.18  2842.18  2842.18  2842.18  2842.18  2842.18  2842.18  
2876.53  2876.53  2876.53  2876.53  2876.53  2876.53  2876.53  2876.53  2876.53  2876.53  2876.53  2876.53  2876.53  2876.53  
3159.98  3159.98  3159.98  3159.98  3159.98  3159.98  3159.98  3159.98  3159.98  3159.98  3159.98  3159.98  3159.98  3159.98  
4043.94  4043.94  4043.94  4043.94  4043.94  4043.94  4043.94  4043.94  4043.94  4043.94  4043.94  4043.94  4043.94  4043.94  
3147.39  3147.39  3147.39  3147.39  3147.39  3147.39  3147.39  3147.39  3147.39  3147.39  3147.39  3147.39  3147.39  3147.39  
3336.57  3336.57  3336.57  3336.57  3336.57  3336.57  3336.57  3336.57  3336.57  3336.57  3336.57  3336.57  3336.57  3336.57  
4043.94  4043.94  4043.94  4043.94  4043.94  4043.94  4043.94  4043.94  4043.94  4043.94  4043.94  4043.94  4043.94  4043.94  
3009.71  3009.71  3009.71  3009.71  3009.71  3009.71  3009.71  3009.71  3009.71  3009.71  3009.71  3009.71  3009.71  3009.71  
