12538.8  12538.8  12538.8  12538.8  12538.8  12538.8  12538.8  12538.8  12538.8  12538.8  12538.8  12538.8  12538.8  12538.8  12538.8  12538.8  12538.8  12538.8  
11852.8  11852.8  11852.8  11852.8  11852.8  11852.8  11852.8  11852.8  11852.8  11852.8  11852.8  11852.8  11852.8  11852.8  11852.8  11852.8  11852.8  11852.8  
11631  11631  11631  11631  11631  11631  11631  11631  11631  11631  11631  11631  11631  11631  11631  11631  11631  11631  
11927.8  11927.8  11927.8  11927.8  11927.8  11927.8  11927.8  11927.8  11927.8  11927.8  11927.8  11927.8  11927.8  11927.8  11927.8  11927.8  11927.8  11927.8  
11550.3  11550.3  11550.3  11550.3  11550.3  11550.3  11550.3  11550.3  11550.3  11550.3  11550.3  11550.3  11550.3  11550.3  11550.3  11550.3  11550.3  11550.3  
12639.6  12639.6  12639.6  12639.6  12639.6  12639.6  12639.6  12639.6  12639.6  12639.6  12639.6  12639.6  12639.6  12639.6  12639.6  12639.6  12639.6  12639.6  
12275.8  12275.8  12275.8  12275.8  12275.8  12275.8  12275.8  12275.8  12275.8  12275.8  12275.8  12275.8  12275.8  12275.8  12275.8  12275.8  12275.8  12275.8  
12043.3  12043.3  12043.3  12043.3  12043.3  12043.3  12043.3  12043.3  12043.3  12043.3  12043.3  12043.3  12043.3  12043.3  12043.3  12043.3  12043.3  12043.3  
12163.3  12163.3  12163.3  12163.3  12163.3  12163.3  12163.3  12163.3  12163.3  12163.3  12163.3  12163.3  12163.3  12163.3  12163.3  12163.3  12163.3  12163.3  
11751.4  11751.4  11751.4  11751.4  11751.4  11751.4  11751.4  11751.4  11751.4  11751.4  11751.4  11751.4  11751.4  11751.4  11751.4  11751.4  11751.4  11751.4  
11121.7  11121.7  11121.7  11121.7  11121.7  11121.7  11121.7  11121.7  11121.7  11121.7  11121.7  11121.7  11121.7  11121.7  11121.7  11121.7  11121.7  11121.7  
12709.2  12709.2  12709.2  12709.2  12709.2  12709.2  12709.2  12709.2  12709.2  12709.2  12709.2  12709.2  12709.2  12709.2  12709.2  12709.2  12709.2  12709.2  
11276.7  11276.7  11276.7  11276.7  11276.7  11276.7  11276.7  11276.7  11276.7  11276.7  11276.7  11276.7  11276.7  11276.7  11276.7  11276.7  11276.7  11276.7  
11414.8  11414.8  11414.8  11414.8  11414.8  11414.8  11414.8  11414.8  11414.8  11414.8  11414.8  11414.8  11414.8  11414.8  11414.8  11414.8  11414.8  11414.8  
11026.3  11026.3  11026.3  11026.3  11026.3  11026.3  11026.3  11026.3  11026.3  11026.3  11026.3  11026.3  11026.3  11026.3  11026.3  11026.3  11026.3  11026.3  
12406.8  12406.8  12406.8  12406.8  12406.8  12406.8  12406.8  12406.8  12406.8  12406.8  12406.8  12406.8  12406.8  12406.8  12406.8  12406.8  12406.8  12406.8  
11248  11248  11248  11248  11248  11248  11248  11248  11248  11248  11248  11248  11248  11248  11248  11248  11248  11248  
11409.7  11409.7  11409.7  11409.7  11409.7  11409.7  11409.7  11409.7  11409.7  11409.7  11409.7  11409.7  11409.7  11409.7  11409.7  11409.7  11409.7  11409.7  
12404.1  12404.1  12404.1  12404.1  12404.1  12404.1  12404.1  12404.1  12404.1  12404.1  12404.1  12404.1  12404.1  12404.1  12404.1  12404.1  12404.1  12404.1  
12264.3  12264.3  12264.3  12264.3  12264.3  12264.3  12264.3  12264.3  12264.3  12264.3  12264.3  12264.3  12264.3  12264.3  12264.3  12264.3  12264.3  12264.3  
