11845.6  11845.6  11845.6  11845.6  11845.6  11845.6  11845.6  11845.6  11845.6  11845.6  11845.6  11845.6  11845.6  11845.6  11845.6  11845.6  11845.6  11845.6  
12151.6  12151.6  12151.6  12151.6  12151.6  12151.6  12151.6  12151.6  12151.6  12151.6  12151.6  12151.6  12151.6  12151.6  12151.6  12151.6  12151.6  12151.6  
12224.7  12224.7  12224.7  12224.7  12224.7  12224.7  12224.7  12224.7  12224.7  12224.7  12224.7  12224.7  12224.7  12224.7  12224.7  12224.7  12224.7  12224.7  
12039.4  12039.4  12039.4  12039.4  12039.4  12039.4  12039.4  12039.4  12039.4  12039.4  12039.4  12039.4  12039.4  12039.4  12039.4  12039.4  12039.4  12039.4  
11940.3  11940.3  11940.3  11940.3  11940.3  11940.3  11940.3  11940.3  11940.3  11940.3  11940.3  11940.3  11940.3  11940.3  11940.3  11940.3  11940.3  11940.3  
11775.4  11775.4  11775.4  11775.4  11775.4  11775.4  11775.4  11775.4  11775.4  11775.4  11775.4  11775.4  11775.4  11775.4  11775.4  11775.4  11775.4  11775.4  
12615.2  12615.2  12615.2  12615.2  12615.2  12615.2  12615.2  12615.2  12615.2  12615.2  12615.2  12615.2  12615.2  12615.2  12615.2  12615.2  12615.2  12615.2  
12360.9  12360.9  12360.9  12360.9  12360.9  12360.9  12360.9  12360.9  12360.9  12360.9  12360.9  12360.9  12360.9  12360.9  12360.9  12360.9  12360.9  12360.9  
12776.6  12776.6  12776.6  12776.6  12776.6  12776.6  12776.6  12776.6  12776.6  12776.6  12776.6  12776.6  12776.6  12776.6  12776.6  12776.6  12776.6  12776.6  
12644.8  12644.8  12644.8  12644.8  12644.8  12644.8  12644.8  12644.8  12644.8  12644.8  12644.8  12644.8  12644.8  12644.8  12644.8  12644.8  12644.8  12644.8  
11417.7  11417.7  11417.7  11417.7  11417.7  11417.7  11417.7  11417.7  11417.7  11417.7  11417.7  11417.7  11417.7  11417.7  11417.7  11417.7  11417.7  11417.7  
12807  12807  12807  12807  12807  12807  12807  12807  12807  12807  12807  12807  12807  12807  12807  12807  12807  12807  
12484  12484  12484  12484  12484  12484  12484  12484  12484  12484  12484  12484  12484  12484  12484  12484  12484  12484  
11380.2  11380.2  11380.2  11380.2  11380.2  11380.2  11380.2  11380.2  11380.2  11380.2  11380.2  11380.2  11380.2  11380.2  11380.2  11380.2  11380.2  11380.2  
11658.6  11658.6  11658.6  11658.6  11658.6  11658.6  11658.6  11658.6  11658.6  11658.6  11658.6  11658.6  11658.6  11658.6  11658.6  11658.6  11658.6  11658.6  
11544.1  11544.1  11544.1  11544.1  11544.1  11544.1  11544.1  11544.1  11544.1  11544.1  11544.1  11544.1  11544.1  11544.1  11544.1  11544.1  11544.1  11544.1  
12340.1  12340.1  12340.1  12340.1  12340.1  12340.1  12340.1  12340.1  12340.1  12340.1  12340.1  12340.1  12340.1  12340.1  12340.1  12340.1  12340.1  12340.1  
12471.6  12471.6  12471.6  12471.6  12471.6  12471.6  12471.6  12471.6  12471.6  12471.6  12471.6  12471.6  12471.6  12471.6  12471.6  12471.6  12471.6  12471.6  
11544.1  11544.1  11544.1  11544.1  11544.1  11544.1  11544.1  11544.1  11544.1  11544.1  11544.1  11544.1  11544.1  11544.1  11544.1  11544.1  11544.1  11544.1  
11653.6  11653.6  11653.6  11653.6  11653.6  11653.6  11653.6  11653.6  11653.6  11653.6  11653.6  11653.6  11653.6  11653.6  11653.6  11653.6  11653.6  11653.6  
