5424.07  5424.07  5424.07  5424.07  5424.07  5424.07  5424.07  5424.07  5424.07  5424.07  5424.07  5424.07  5424.07  5424.07  5424.07  5424.07  5424.07  5424.07  5424.07  5424.07  5424.07  5424.07  5424.07  5424.07  
5443.2  5443.2  5443.2  5443.2  5443.2  5443.2  5443.2  5443.2  5443.2  5443.2  5443.2  5443.2  5443.2  5443.2  5443.2  5443.2  5443.2  5443.2  5443.2  5443.2  5443.2  5443.2  5443.2  5443.2  
5325.63  5325.63  5325.63  5325.63  5325.63  5325.63  5325.63  5325.63  5325.63  5325.63  5325.63  5325.63  5325.63  5325.63  5325.63  5325.63  5325.63  5325.63  5325.63  5325.63  5325.63  5325.63  5325.63  5325.63  
5569.86  5569.86  5569.86  5569.86  5569.86  5569.86  5569.86  5569.86  5569.86  5569.86  5569.86  5569.86  5569.86  5569.86  5569.86  5569.86  5569.86  5569.86  5569.86  5569.86  5569.86  5569.86  5569.86  5569.86  
5049.32  5049.32  5049.32  5049.32  5049.32  5049.32  5049.32  5049.32  5049.32  5049.32  5049.32  5049.32  5049.32  5049.32  5049.32  5049.32  5049.32  5049.32  5049.32  5049.32  5049.32  5049.32  5049.32  5049.32  
5262.12  5262.12  5262.12  5262.12  5262.12  5262.12  5262.12  5262.12  5262.12  5262.12  5262.12  5262.12  5262.12  5262.12  5262.12  5262.12  5262.12  5262.12  5262.12  5262.12  5262.12  5262.12  5262.12  5262.12  
5382.46  5382.46  5382.46  5382.46  5382.46  5382.46  5382.46  5382.46  5382.46  5382.46  5382.46  5382.46  5382.46  5382.46  5382.46  5382.46  5382.46  5382.46  5382.46  5382.46  5382.46  5382.46  5382.46  5382.46  
5086.42  5086.42  5086.42  5086.42  5086.42  5086.42  5086.42  5086.42  5086.42  5086.42  5086.42  5086.42  5086.42  5086.42  5086.42  5086.42  5086.42  5086.42  5086.42  5086.42  5086.42  5086.42  5086.42  5086.42  
5404.6  5404.6  5404.6  5404.6  5404.6  5404.6  5404.6  5404.6  5404.6  5404.6  5404.6  5404.6  5404.6  5404.6  5404.6  5404.6  5404.6  5404.6  5404.6  5404.6  5404.6  5404.6  5404.6  5404.6  
5341.16  5341.16  5341.16  5341.16  5341.16  5341.16  5341.16  5341.16  5341.16  5341.16  5341.16  5341.16  5341.16  5341.16  5341.16  5341.16  5341.16  5341.16  5341.16  5341.16  5341.16  5341.16  5341.16  5341.16  
5496.6  5496.6  5496.6  5496.6  5496.6  5496.6  5496.6  5496.6  5496.6  5496.6  5496.6  5496.6  5496.6  5496.6  5496.6  5496.6  5496.6  5496.6  5496.6  5496.6  5496.6  5496.6  5496.6  5496.6  
5396.46  5396.46  5396.46  5396.46  5396.46  5396.46  5396.46  5396.46  5396.46  5396.46  5396.46  5396.46  5396.46  5396.46  5396.46  5396.46  5396.46  5396.46  5396.46  5396.46  5396.46  5396.46  5396.46  5396.46  
5199.36  5199.36  5199.36  5199.36  5199.36  5199.36  5199.36  5199.36  5199.36  5199.36  5199.36  5199.36  5199.36  5199.36  5199.36  5199.36  5199.36  5199.36  5199.36  5199.36  5199.36  5199.36  5199.36  5199.36  
5349.32  5349.32  5349.32  5349.32  5349.32  5349.32  5349.32  5349.32  5349.32  5349.32  5349.32  5349.32  5349.32  5349.32  5349.32  5349.32  5349.32  5349.32  5349.32  5349.32  5349.32  5349.32  5349.32  5349.32  
5437.05  5437.05  5437.05  5437.05  5437.05  5437.05  5437.05  5437.05  5437.05  5437.05  5437.05  5437.05  5437.05  5437.05  5437.05  5437.05  5437.05  5437.05  5437.05  5437.05  5437.05  5437.05  5437.05  5437.05  
5215.21  5215.21  5215.21  5215.21  5215.21  5215.21  5215.21  5215.21  5215.21  5215.21  5215.21  5215.21  5215.21  5215.21  5215.21  5215.21  5215.21  5215.21  5215.21  5215.21  5215.21  5215.21  5215.21  5215.21  
4962.57  4962.57  4962.57  4962.57  4962.57  4962.57  4962.57  4962.57  4962.57  4962.57  4962.57  4962.57  4962.57  4962.57  4962.57  4962.57  4962.57  4962.57  4962.57  4962.57  4962.57  4962.57  4962.57  4962.57  
5553.6  5553.6  5553.6  5553.6  5553.6  5553.6  5553.6  5553.6  5553.6  5553.6  5553.6  5553.6  5553.6  5553.6  5553.6  5553.6  5553.6  5553.6  5553.6  5553.6  5553.6  5553.6  5553.6  5553.6  
5294.74  5294.74  5294.74  5294.74  5294.74  5294.74  5294.74  5294.74  5294.74  5294.74  5294.74  5294.74  5294.74  5294.74  5294.74  5294.74  5294.74  5294.74  5294.74  5294.74  5294.74  5294.74  5294.74  5294.74  
5240.04  5240.04  5240.04  5240.04  5240.04  5240.04  5240.04  5240.04  5240.04  5240.04  5240.04  5240.04  5240.04  5240.04  5240.04  5240.04  5240.04  5240.04  5240.04  5240.04  5240.04  5240.04  5240.04  5240.04  
5163.38  5163.38  5163.38  5163.38  5163.38  5163.38  5163.38  5163.38  5163.38  5163.38  5163.38  5163.38  5163.38  5163.38  5163.38  5163.38  5163.38  5163.38  5163.38  5163.38  5163.38  5163.38  5163.38  5163.38  
5276.29  5276.29  5276.29  5276.29  5276.29  5276.29  5276.29  5276.29  5276.29  5276.29  5276.29  5276.29  5276.29  5276.29  5276.29  5276.29  5276.29  5276.29  5276.29  5276.29  5276.29  5276.29  5276.29  5276.29  
5364.72  5364.72  5364.72  5364.72  5364.72  5364.72  5364.72  5364.72  5364.72  5364.72  5364.72  5364.72  5364.72  5364.72  5364.72  5364.72  5364.72  5364.72  5364.72  5364.72  5364.72  5364.72  5364.72  5364.72  
5011.66  5011.66  5011.66  5011.66  5011.66  5011.66  5011.66  5011.66  5011.66  5011.66  5011.66  5011.66  5011.66  5011.66  5011.66  5011.66  5011.66  5011.66  5011.66  5011.66  5011.66  5011.66  5011.66  5011.66  
5655.77  5655.77  5655.77  5655.77  5655.77  5655.77  5655.77  5655.77  5655.77  5655.77  5655.77  5655.77  5655.77  5655.77  5655.77  5655.77  5655.77  5655.77  5655.77  5655.77  5655.77  5655.77  5655.77  5655.77  
5588.73  5588.73  5588.73  5588.73  5588.73  5588.73  5588.73  5588.73  5588.73  5588.73  5588.73  5588.73  5588.73  5588.73  5588.73  5588.73  5588.73  5588.73  5588.73  5588.73  5588.73  5588.73  5588.73  5588.73  
5530.64  5530.64  5530.64  5530.64  5530.64  5530.64  5530.64  5530.64  5530.64  5530.64  5530.64  5530.64  5530.64  5530.64  5530.64  5530.64  5530.64  5530.64  5530.64  5530.64  5530.64  5530.64  5530.64  5530.64  
5510.47  5510.47  5510.47  5510.47  5510.47  5510.47  5510.47  5510.47  5510.47  5510.47  5510.47  5510.47  5510.47  5510.47  5510.47  5510.47  5510.47  5510.47  5510.47  5510.47  5510.47  5510.47  5510.47  5510.47  
5465.83  5465.83  5465.83  5465.83  5465.83  5465.83  5465.83  5465.83  5465.83  5465.83  5465.83  5465.83  5465.83  5465.83  5465.83  5465.83  5465.83  5465.83  5465.83  5465.83  5465.83  5465.83  5465.83  5465.83  
5006.79  5006.79  5006.79  5006.79  5006.79  5006.79  5006.79  5006.79  5006.79  5006.79  5006.79  5006.79  5006.79  5006.79  5006.79  5006.79  5006.79  5006.79  5006.79  5006.79  5006.79  5006.79  5006.79  5006.79  
5061.46  5061.46  5061.46  5061.46  5061.46  5061.46  5061.46  5061.46  5061.46  5061.46  5061.46  5061.46  5061.46  5061.46  5061.46  5061.46  5061.46  5061.46  5061.46  5061.46  5061.46  5061.46  5061.46  5061.46  
5182.99  5182.99  5182.99  5182.99  5182.99  5182.99  5182.99  5182.99  5182.99  5182.99  5182.99  5182.99  5182.99  5182.99  5182.99  5182.99  5182.99  5182.99  5182.99  5182.99  5182.99  5182.99  5182.99  5182.99  
5870.83  5870.83  5870.83  5870.83  5870.83  5870.83  5870.83  5870.83  5870.83  5870.83  5870.83  5870.83  5870.83  5870.83  5870.83  5870.83  5870.83  5870.83  5870.83  5870.83  5870.83  5870.83  5870.83  5870.83  
5815.86  5815.86  5815.86  5815.86  5815.86  5815.86  5815.86  5815.86  5815.86  5815.86  5815.86  5815.86  5815.86  5815.86  5815.86  5815.86  5815.86  5815.86  5815.86  5815.86  5815.86  5815.86  5815.86  5815.86  
5756.28  5756.28  5756.28  5756.28  5756.28  5756.28  5756.28  5756.28  5756.28  5756.28  5756.28  5756.28  5756.28  5756.28  5756.28  5756.28  5756.28  5756.28  5756.28  5756.28  5756.28  5756.28  5756.28  5756.28  
5738.58  5738.58  5738.58  5738.58  5738.58  5738.58  5738.58  5738.58  5738.58  5738.58  5738.58  5738.58  5738.58  5738.58  5738.58  5738.58  5738.58  5738.58  5738.58  5738.58  5738.58  5738.58  5738.58  5738.58  
5145.42  5145.42  5145.42  5145.42  5145.42  5145.42  5145.42  5145.42  5145.42  5145.42  5145.42  5145.42  5145.42  5145.42  5145.42  5145.42  5145.42  5145.42  5145.42  5145.42  5145.42  5145.42  5145.42  5145.42  
5316.78  5316.78  5316.78  5316.78  5316.78  5316.78  5316.78  5316.78  5316.78  5316.78  5316.78  5316.78  5316.78  5316.78  5316.78  5316.78  5316.78  5316.78  5316.78  5316.78  5316.78  5316.78  5316.78  5316.78  
5100.33  5100.33  5100.33  5100.33  5100.33  5100.33  5100.33  5100.33  5100.33  5100.33  5100.33  5100.33  5100.33  5100.33  5100.33  5100.33  5100.33  5100.33  5100.33  5100.33  5100.33  5100.33  5100.33  5100.33  
5225.51  5225.51  5225.51  5225.51  5225.51  5225.51  5225.51  5225.51  5225.51  5225.51  5225.51  5225.51  5225.51  5225.51  5225.51  5225.51  5225.51  5225.51  5225.51  5225.51  5225.51  5225.51  5225.51  5225.51  
5487.96  5487.96  5487.96  5487.96  5487.96  5487.96  5487.96  5487.96  5487.96  5487.96  5487.96  5487.96  5487.96  5487.96  5487.96  5487.96  5487.96  5487.96  5487.96  5487.96  5487.96  5487.96  5487.96  5487.96  
5073.11  5073.11  5073.11  5073.11  5073.11  5073.11  5073.11  5073.11  5073.11  5073.11  5073.11  5073.11  5073.11  5073.11  5073.11  5073.11  5073.11  5073.11  5073.11  5073.11  5073.11  5073.11  5073.11  5073.11  
5879.55  5879.55  5879.55  5879.55  5879.55  5879.55  5879.55  5879.55  5879.55  5879.55  5879.55  5879.55  5879.55  5879.55  5879.55  5879.55  5879.55  5879.55  5879.55  5879.55  5879.55  5879.55  5879.55  5879.55  
5848.67  5848.67  5848.67  5848.67  5848.67  5848.67  5848.67  5848.67  5848.67  5848.67  5848.67  5848.67  5848.67  5848.67  5848.67  5848.67  5848.67  5848.67  5848.67  5848.67  5848.67  5848.67  5848.67  5848.67  
5709.26  5709.26  5709.26  5709.26  5709.26  5709.26  5709.26  5709.26  5709.26  5709.26  5709.26  5709.26  5709.26  5709.26  5709.26  5709.26  5709.26  5709.26  5709.26  5709.26  5709.26  5709.26  5709.26  5709.26  
5732.58  5732.58  5732.58  5732.58  5732.58  5732.58  5732.58  5732.58  5732.58  5732.58  5732.58  5732.58  5732.58  5732.58  5732.58  5732.58  5732.58  5732.58  5732.58  5732.58  5732.58  5732.58  5732.58  5732.58  
5826.03  5826.03  5826.03  5826.03  5826.03  5826.03  5826.03  5826.03  5826.03  5826.03  5826.03  5826.03  5826.03  5826.03  5826.03  5826.03  5826.03  5826.03  5826.03  5826.03  5826.03  5826.03  5826.03  5826.03  
5249.79  5249.79  5249.79  5249.79  5249.79  5249.79  5249.79  5249.79  5249.79  5249.79  5249.79  5249.79  5249.79  5249.79  5249.79  5249.79  5249.79  5249.79  5249.79  5249.79  5249.79  5249.79  5249.79  5249.79  
5113.51  5113.51  5113.51  5113.51  5113.51  5113.51  5113.51  5113.51  5113.51  5113.51  5113.51  5113.51  5113.51  5113.51  5113.51  5113.51  5113.51  5113.51  5113.51  5113.51  5113.51  5113.51  5113.51  5113.51  
5681.3  5681.3  5681.3  5681.3  5681.3  5681.3  5681.3  5681.3  5681.3  5681.3  5681.3  5681.3  5681.3  5681.3  5681.3  5681.3  5681.3  5681.3  5681.3  5681.3  5681.3  5681.3  5681.3  5681.3  
5027.42  5027.42  5027.42  5027.42  5027.42  5027.42  5027.42  5027.42  5027.42  5027.42  5027.42  5027.42  5027.42  5027.42  5027.42  5027.42  5027.42  5027.42  5027.42  5027.42  5027.42  5027.42  5027.42  5027.42  
5176.28  5176.28  5176.28  5176.28  5176.28  5176.28  5176.28  5176.28  5176.28  5176.28  5176.28  5176.28  5176.28  5176.28  5176.28  5176.28  5176.28  5176.28  5176.28  5176.28  5176.28  5176.28  5176.28  5176.28  
5800.57  5800.57  5800.57  5800.57  5800.57  5800.57  5800.57  5800.57  5800.57  5800.57  5800.57  5800.57  5800.57  5800.57  5800.57  5800.57  5800.57  5800.57  5800.57  5800.57  5800.57  5800.57  5800.57  5800.57  
5697.5  5697.5  5697.5  5697.5  5697.5  5697.5  5697.5  5697.5  5697.5  5697.5  5697.5  5697.5  5697.5  5697.5  5697.5  5697.5  5697.5  5697.5  5697.5  5697.5  5697.5  5697.5  5697.5  5697.5  
5652.44  5652.44  5652.44  5652.44  5652.44  5652.44  5652.44  5652.44  5652.44  5652.44  5652.44  5652.44  5652.44  5652.44  5652.44  5652.44  5652.44  5652.44  5652.44  5652.44  5652.44  5652.44  5652.44  5652.44  
5775.08  5775.08  5775.08  5775.08  5775.08  5775.08  5775.08  5775.08  5775.08  5775.08  5775.08  5775.08  5775.08  5775.08  5775.08  5775.08  5775.08  5775.08  5775.08  5775.08  5775.08  5775.08  5775.08  5775.08  
4947.77  4947.77  4947.77  4947.77  4947.77  4947.77  4947.77  4947.77  4947.77  4947.77  4947.77  4947.77  4947.77  4947.77  4947.77  4947.77  4947.77  4947.77  4947.77  4947.77  4947.77  4947.77  4947.77  4947.77  
5609.5  5609.5  5609.5  5609.5  5609.5  5609.5  5609.5  5609.5  5609.5  5609.5  5609.5  5609.5  5609.5  5609.5  5609.5  5609.5  5609.5  5609.5  5609.5  5609.5  5609.5  5609.5  5609.5  5609.5  
4979.9  4979.9  4979.9  4979.9  4979.9  4979.9  4979.9  4979.9  4979.9  4979.9  4979.9  4979.9  4979.9  4979.9  4979.9  4979.9  4979.9  4979.9  4979.9  4979.9  4979.9  4979.9  4979.9  4979.9  
5631.35  5631.35  5631.35  5631.35  5631.35  5631.35  5631.35  5631.35  5631.35  5631.35  5631.35  5631.35  5631.35  5631.35  5631.35  5631.35  5631.35  5631.35  5631.35  5631.35  5631.35  5631.35  5631.35  5631.35  
5676.41  5676.41  5676.41  5676.41  5676.41  5676.41  5676.41  5676.41  5676.41  5676.41  5676.41  5676.41  5676.41  5676.41  5676.41  5676.41  5676.41  5676.41  5676.41  5676.41  5676.41  5676.41  5676.41  5676.41  
5460.69  5460.69  5460.69  5460.69  5460.69  5460.69  5460.69  5460.69  5460.69  5460.69  5460.69  5460.69  5460.69  5460.69  5460.69  5460.69  5460.69  5460.69  5460.69  5460.69  5460.69  5460.69  5460.69  5460.69  
5794.5  5794.5  5794.5  5794.5  5794.5  5794.5  5794.5  5794.5  5794.5  5794.5  5794.5  5794.5  5794.5  5794.5  5794.5  5794.5  5794.5  5794.5  5794.5  5794.5  5794.5  5794.5  5794.5  5794.5  
5130.89  5130.89  5130.89  5130.89  5130.89  5130.89  5130.89  5130.89  5130.89  5130.89  5130.89  5130.89  5130.89  5130.89  5130.89  5130.89  5130.89  5130.89  5130.89  5130.89  5130.89  5130.89  5130.89  5130.89  
4947.77  4947.77  4947.77  4947.77  4947.77  4947.77  4947.77  4947.77  4947.77  4947.77  4947.77  4947.77  4947.77  4947.77  4947.77  4947.77  4947.77  4947.77  4947.77  4947.77  4947.77  4947.77  4947.77  4947.77  
4979.9  4979.9  4979.9  4979.9  4979.9  4979.9  4979.9  4979.9  4979.9  4979.9  4979.9  4979.9  4979.9  4979.9  4979.9  4979.9  4979.9  4979.9  4979.9  4979.9  4979.9  4979.9  4979.9  4979.9  
5530.35  5530.35  5530.35  5530.35  5530.35  5530.35  5530.35  5530.35  5530.35  5530.35  5530.35  5530.35  5530.35  5530.35  5530.35  5530.35  5530.35  5530.35  5530.35  5530.35  5530.35  5530.35  5530.35  5530.35  
5631.35  5631.35  5631.35  5631.35  5631.35  5631.35  5631.35  5631.35  5631.35  5631.35  5631.35  5631.35  5631.35  5631.35  5631.35  5631.35  5631.35  5631.35  5631.35  5631.35  5631.35  5631.35  5631.35  5631.35  
5609.5  5609.5  5609.5  5609.5  5609.5  5609.5  5609.5  5609.5  5609.5  5609.5  5609.5  5609.5  5609.5  5609.5  5609.5  5609.5  5609.5  5609.5  5609.5  5609.5  5609.5  5609.5  5609.5  5609.5  
5294.65  5294.65  5294.65  5294.65  5294.65  5294.65  5294.65  5294.65  5294.65  5294.65  5294.65  5294.65  5294.65  5294.65  5294.65  5294.65  5294.65  5294.65  5294.65  5294.65  5294.65  5294.65  5294.65  5294.65  
5841.4  5841.4  5841.4  5841.4  5841.4  5841.4  5841.4  5841.4  5841.4  5841.4  5841.4  5841.4  5841.4  5841.4  5841.4  5841.4  5841.4  5841.4  5841.4  5841.4  5841.4  5841.4  5841.4  5841.4  
5587.23  5587.23  5587.23  5587.23  5587.23  5587.23  5587.23  5587.23  5587.23  5587.23  5587.23  5587.23  5587.23  5587.23  5587.23  5587.23  5587.23  5587.23  5587.23  5587.23  5587.23  5587.23  5587.23  5587.23  
5775.08  5775.08  5775.08  5775.08  5775.08  5775.08  5775.08  5775.08  5775.08  5775.08  5775.08  5775.08  5775.08  5775.08  5775.08  5775.08  5775.08  5775.08  5775.08  5775.08  5775.08  5775.08  5775.08  5775.08  
5558.3  5558.3  5558.3  5558.3  5558.3  5558.3  5558.3  5558.3  5558.3  5558.3  5558.3  5558.3  5558.3  5558.3  5558.3  5558.3  5558.3  5558.3  5558.3  5558.3  5558.3  5558.3  5558.3  5558.3  
5368.88  5368.88  5368.88  5368.88  5368.88  5368.88  5368.88  5368.88  5368.88  5368.88  5368.88  5368.88  5368.88  5368.88  5368.88  5368.88  5368.88  5368.88  5368.88  5368.88  5368.88  5368.88  5368.88  5368.88  
5199.36  5199.36  5199.36  5199.36  5199.36  5199.36  5199.36  5199.36  5199.36  5199.36  5199.36  5199.36  5199.36  5199.36  5199.36  5199.36  5199.36  5199.36  5199.36  5199.36  5199.36  5199.36  5199.36  5199.36  
5130.89  5130.89  5130.89  5130.89  5130.89  5130.89  5130.89  5130.89  5130.89  5130.89  5130.89  5130.89  5130.89  5130.89  5130.89  5130.89  5130.89  5130.89  5130.89  5130.89  5130.89  5130.89  5130.89  5130.89  
5751.68  5751.68  5751.68  5751.68  5751.68  5751.68  5751.68  5751.68  5751.68  5751.68  5751.68  5751.68  5751.68  5751.68  5751.68  5751.68  5751.68  5751.68  5751.68  5751.68  5751.68  5751.68  5751.68  5751.68  
5272.44  5272.44  5272.44  5272.44  5272.44  5272.44  5272.44  5272.44  5272.44  5272.44  5272.44  5272.44  5272.44  5272.44  5272.44  5272.44  5272.44  5272.44  5272.44  5272.44  5272.44  5272.44  5272.44  5272.44  
5508  5508  5508  5508  5508  5508  5508  5508  5508  5508  5508  5508  5508  5508  5508  5508  5508  5508  5508  5508  5508  5508  5508  5508  
