12321.4  12321.4  12321.4  12321.4  12321.4  12321.4  12321.4  12321.4  12321.4  12321.4  12321.4  12321.4  12321.4  12321.4  12321.4  12321.4  12321.4  12321.4  
12525.1  12525.1  12525.1  12525.1  12525.1  12525.1  12525.1  12525.1  12525.1  12525.1  12525.1  12525.1  12525.1  12525.1  12525.1  12525.1  12525.1  12525.1  
12128.2  12128.2  12128.2  12128.2  12128.2  12128.2  12128.2  12128.2  12128.2  12128.2  12128.2  12128.2  12128.2  12128.2  12128.2  12128.2  12128.2  12128.2  
12012.6  12012.6  12012.6  12012.6  12012.6  12012.6  12012.6  12012.6  12012.6  12012.6  12012.6  12012.6  12012.6  12012.6  12012.6  12012.6  12012.6  12012.6  
12262.6  12262.6  12262.6  12262.6  12262.6  12262.6  12262.6  12262.6  12262.6  12262.6  12262.6  12262.6  12262.6  12262.6  12262.6  12262.6  12262.6  12262.6  
12425.7  12425.7  12425.7  12425.7  12425.7  12425.7  12425.7  12425.7  12425.7  12425.7  12425.7  12425.7  12425.7  12425.7  12425.7  12425.7  12425.7  12425.7  
12657.4  12657.4  12657.4  12657.4  12657.4  12657.4  12657.4  12657.4  12657.4  12657.4  12657.4  12657.4  12657.4  12657.4  12657.4  12657.4  12657.4  12657.4  
11874.8  11874.8  11874.8  11874.8  11874.8  11874.8  11874.8  11874.8  11874.8  11874.8  11874.8  11874.8  11874.8  11874.8  11874.8  11874.8  11874.8  11874.8  
11744  11744  11744  11744  11744  11744  11744  11744  11744  11744  11744  11744  11744  11744  11744  11744  11744  11744  
12634.8  12634.8  12634.8  12634.8  12634.8  12634.8  12634.8  12634.8  12634.8  12634.8  12634.8  12634.8  12634.8  12634.8  12634.8  12634.8  12634.8  12634.8  
11861.5  11861.5  11861.5  11861.5  11861.5  11861.5  11861.5  11861.5  11861.5  11861.5  11861.5  11861.5  11861.5  11861.5  11861.5  11861.5  11861.5  11861.5  
12753.5  12753.5  12753.5  12753.5  12753.5  12753.5  12753.5  12753.5  12753.5  12753.5  12753.5  12753.5  12753.5  12753.5  12753.5  12753.5  12753.5  12753.5  
12163  12163  12163  12163  12163  12163  12163  12163  12163  12163  12163  12163  12163  12163  12163  12163  12163  12163  
11344.7  11344.7  11344.7  11344.7  11344.7  11344.7  11344.7  11344.7  11344.7  11344.7  11344.7  11344.7  11344.7  11344.7  11344.7  11344.7  11344.7  11344.7  
11484.9  11484.9  11484.9  11484.9  11484.9  11484.9  11484.9  11484.9  11484.9  11484.9  11484.9  11484.9  11484.9  11484.9  11484.9  11484.9  11484.9  11484.9  
11626.4  11626.4  11626.4  11626.4  11626.4  11626.4  11626.4  11626.4  11626.4  11626.4  11626.4  11626.4  11626.4  11626.4  11626.4  11626.4  11626.4  11626.4  
11344.7  11344.7  11344.7  11344.7  11344.7  11344.7  11344.7  11344.7  11344.7  11344.7  11344.7  11344.7  11344.7  11344.7  11344.7  11344.7  11344.7  11344.7  
11484.9  11484.9  11484.9  11484.9  11484.9  11484.9  11484.9  11484.9  11484.9  11484.9  11484.9  11484.9  11484.9  11484.9  11484.9  11484.9  11484.9  11484.9  
11626.4  11626.4  11626.4  11626.4  11626.4  11626.4  11626.4  11626.4  11626.4  11626.4  11626.4  11626.4  11626.4  11626.4  11626.4  11626.4  11626.4  11626.4  
12015.5  12015.5  12015.5  12015.5  12015.5  12015.5  12015.5  12015.5  12015.5  12015.5  12015.5  12015.5  12015.5  12015.5  12015.5  12015.5  12015.5  12015.5  
