6143.47  6143.47  6143.47  6143.47  6143.47  6143.47  6143.47  6143.47  6143.47  6143.47  6143.47  6143.47  6143.47  6143.47  6143.47  6143.47  
5946.55  5946.55  5946.55  5946.55  5946.55  5946.55  5946.55  5946.55  5946.55  5946.55  5946.55  5946.55  5946.55  5946.55  5946.55  5946.55  
5796.62  5796.62  5796.62  5796.62  5796.62  5796.62  5796.62  5796.62  5796.62  5796.62  5796.62  5796.62  5796.62  5796.62  5796.62  5796.62  
6544.18  6544.18  6544.18  6544.18  6544.18  6544.18  6544.18  6544.18  6544.18  6544.18  6544.18  6544.18  6544.18  6544.18  6544.18  6544.18  
5475.99  5475.99  5475.99  5475.99  5475.99  5475.99  5475.99  5475.99  5475.99  5475.99  5475.99  5475.99  5475.99  5475.99  5475.99  5475.99  
6748.22  6748.22  6748.22  6748.22  6748.22  6748.22  6748.22  6748.22  6748.22  6748.22  6748.22  6748.22  6748.22  6748.22  6748.22  6748.22  
6343.12  6343.12  6343.12  6343.12  6343.12  6343.12  6343.12  6343.12  6343.12  6343.12  6343.12  6343.12  6343.12  6343.12  6343.12  6343.12  
6851.04  6851.04  6851.04  6851.04  6851.04  6851.04  6851.04  6851.04  6851.04  6851.04  6851.04  6851.04  6851.04  6851.04  6851.04  6851.04  
5624.87  5624.87  5624.87  5624.87  5624.87  5624.87  5624.87  5624.87  5624.87  5624.87  5624.87  5624.87  5624.87  5624.87  5624.87  5624.87  
7017.16  7017.16  7017.16  7017.16  7017.16  7017.16  7017.16  7017.16  7017.16  7017.16  7017.16  7017.16  7017.16  7017.16  7017.16  7017.16  
7890.8  7890.8  7890.8  7890.8  7890.8  7890.8  7890.8  7890.8  7890.8  7890.8  7890.8  7890.8  7890.8  7890.8  7890.8  7890.8  
7771.34  7771.34  7771.34  7771.34  7771.34  7771.34  7771.34  7771.34  7771.34  7771.34  7771.34  7771.34  7771.34  7771.34  7771.34  7771.34  
7271.67  7271.67  7271.67  7271.67  7271.67  7271.67  7271.67  7271.67  7271.67  7271.67  7271.67  7271.67  7271.67  7271.67  7271.67  7271.67  
8186.72  8186.72  8186.72  8186.72  8186.72  8186.72  8186.72  8186.72  8186.72  8186.72  8186.72  8186.72  8186.72  8186.72  8186.72  8186.72  
5258.84  5258.84  5258.84  5258.84  5258.84  5258.84  5258.84  5258.84  5258.84  5258.84  5258.84  5258.84  5258.84  5258.84  5258.84  5258.84  
7538.35  7538.35  7538.35  7538.35  7538.35  7538.35  7538.35  7538.35  7538.35  7538.35  7538.35  7538.35  7538.35  7538.35  7538.35  7538.35  
8186.72  8186.72  8186.72  8186.72  8186.72  8186.72  8186.72  8186.72  8186.72  8186.72  8186.72  8186.72  8186.72  8186.72  8186.72  8186.72  
5258.84  5258.84  5258.84  5258.84  5258.84  5258.84  5258.84  5258.84  5258.84  5258.84  5258.84  5258.84  5258.84  5258.84  5258.84  5258.84  
7269.46  7269.46  7269.46  7269.46  7269.46  7269.46  7269.46  7269.46  7269.46  7269.46  7269.46  7269.46  7269.46  7269.46  7269.46  7269.46  
7538.35  7538.35  7538.35  7538.35  7538.35  7538.35  7538.35  7538.35  7538.35  7538.35  7538.35  7538.35  7538.35  7538.35  7538.35  7538.35  
