3030.65  3030.65  3030.65  3030.65  3030.65  3030.65  3030.65  3030.65  3030.65  3030.65  3030.65  3030.65  3030.65  3030.65  
4547.52  4547.52  4547.52  4547.52  4547.52  4547.52  4547.52  4547.52  4547.52  4547.52  4547.52  4547.52  4547.52  4547.52  
3077.15  3077.15  3077.15  3077.15  3077.15  3077.15  3077.15  3077.15  3077.15  3077.15  3077.15  3077.15  3077.15  3077.15  
4378.85  4378.85  4378.85  4378.85  4378.85  4378.85  4378.85  4378.85  4378.85  4378.85  4378.85  4378.85  4378.85  4378.85  
3496.28  3496.28  3496.28  3496.28  3496.28  3496.28  3496.28  3496.28  3496.28  3496.28  3496.28  3496.28  3496.28  3496.28  
3422.14  3422.14  3422.14  3422.14  3422.14  3422.14  3422.14  3422.14  3422.14  3422.14  3422.14  3422.14  3422.14  3422.14  
4434.21  4434.21  4434.21  4434.21  4434.21  4434.21  4434.21  4434.21  4434.21  4434.21  4434.21  4434.21  4434.21  4434.21  
4239.91  4239.91  4239.91  4239.91  4239.91  4239.91  4239.91  4239.91  4239.91  4239.91  4239.91  4239.91  4239.91  4239.91  
3252.21  3252.21  3252.21  3252.21  3252.21  3252.21  3252.21  3252.21  3252.21  3252.21  3252.21  3252.21  3252.21  3252.21  
4207.35  4207.35  4207.35  4207.35  4207.35  4207.35  4207.35  4207.35  4207.35  4207.35  4207.35  4207.35  4207.35  4207.35  
3230  3230  3230  3230  3230  3230  3230  3230  3230  3230  3230  3230  3230  3230  
4076.61  4076.61  4076.61  4076.61  4076.61  4076.61  4076.61  4076.61  4076.61  4076.61  4076.61  4076.61  4076.61  4076.61  
3640.84  3640.84  3640.84  3640.84  3640.84  3640.84  3640.84  3640.84  3640.84  3640.84  3640.84  3640.84  3640.84  3640.84  
3928.24  3928.24  3928.24  3928.24  3928.24  3928.24  3928.24  3928.24  3928.24  3928.24  3928.24  3928.24  3928.24  3928.24  
2833.04  2833.04  2833.04  2833.04  2833.04  2833.04  2833.04  2833.04  2833.04  2833.04  2833.04  2833.04  2833.04  2833.04  
3787.38  3787.38  3787.38  3787.38  3787.38  3787.38  3787.38  3787.38  3787.38  3787.38  3787.38  3787.38  3787.38  3787.38  
2833.04  2833.04  2833.04  2833.04  2833.04  2833.04  2833.04  2833.04  2833.04  2833.04  2833.04  2833.04  2833.04  2833.04  
3635.57  3635.57  3635.57  3635.57  3635.57  3635.57  3635.57  3635.57  3635.57  3635.57  3635.57  3635.57  3635.57  3635.57  
3928.17  3928.17  3928.17  3928.17  3928.17  3928.17  3928.17  3928.17  3928.17  3928.17  3928.17  3928.17  3928.17  3928.17  
3787.38  3787.38  3787.38  3787.38  3787.38  3787.38  3787.38  3787.38  3787.38  3787.38  3787.38  3787.38  3787.38  3787.38  
