3089.8  3089.8  3089.8  3089.8  3089.8  3089.8  3089.8  3089.8  3089.8  3089.8  3089.8  3089.8  3089.8  3089.8  
4158.81  4158.81  4158.81  4158.81  4158.81  4158.81  4158.81  4158.81  4158.81  4158.81  4158.81  4158.81  4158.81  4158.81  
3471.85  3471.85  3471.85  3471.85  3471.85  3471.85  3471.85  3471.85  3471.85  3471.85  3471.85  3471.85  3471.85  3471.85  
4460.06  4460.06  4460.06  4460.06  4460.06  4460.06  4460.06  4460.06  4460.06  4460.06  4460.06  4460.06  4460.06  4460.06  
3420.19  3420.19  3420.19  3420.19  3420.19  3420.19  3420.19  3420.19  3420.19  3420.19  3420.19  3420.19  3420.19  3420.19  
4280.88  4280.88  4280.88  4280.88  4280.88  4280.88  4280.88  4280.88  4280.88  4280.88  4280.88  4280.88  4280.88  4280.88  
3116.51  3116.51  3116.51  3116.51  3116.51  3116.51  3116.51  3116.51  3116.51  3116.51  3116.51  3116.51  3116.51  3116.51  
4532.73  4532.73  4532.73  4532.73  4532.73  4532.73  4532.73  4532.73  4532.73  4532.73  4532.73  4532.73  4532.73  4532.73  
4410.44  4410.44  4410.44  4410.44  4410.44  4410.44  4410.44  4410.44  4410.44  4410.44  4410.44  4410.44  4410.44  4410.44  
2902.32  2902.32  2902.32  2902.32  2902.32  2902.32  2902.32  2902.32  2902.32  2902.32  2902.32  2902.32  2902.32  2902.32  
3273.1  3273.1  3273.1  3273.1  3273.1  3273.1  3273.1  3273.1  3273.1  3273.1  3273.1  3273.1  3273.1  3273.1  
4031.64  4031.64  4031.64  4031.64  4031.64  4031.64  4031.64  4031.64  4031.64  4031.64  4031.64  4031.64  4031.64  4031.64  
2879.99  2879.99  2879.99  2879.99  2879.99  2879.99  2879.99  2879.99  2879.99  2879.99  2879.99  2879.99  2879.99  2879.99  
3617.03  3617.03  3617.03  3617.03  3617.03  3617.03  3617.03  3617.03  3617.03  3617.03  3617.03  3617.03  3617.03  3617.03  
3764.28  3764.28  3764.28  3764.28  3764.28  3764.28  3764.28  3764.28  3764.28  3764.28  3764.28  3764.28  3764.28  3764.28  
3910.94  3910.94  3910.94  3910.94  3910.94  3910.94  3910.94  3910.94  3910.94  3910.94  3910.94  3910.94  3910.94  3910.94  
3764.28  3764.28  3764.28  3764.28  3764.28  3764.28  3764.28  3764.28  3764.28  3764.28  3764.28  3764.28  3764.28  3764.28  
3296.91  3296.91  3296.91  3296.91  3296.91  3296.91  3296.91  3296.91  3296.91  3296.91  3296.91  3296.91  3296.91  3296.91  
3617.03  3617.03  3617.03  3617.03  3617.03  3617.03  3617.03  3617.03  3617.03  3617.03  3617.03  3617.03  3617.03  3617.03  
3910.94  3910.94  3910.94  3910.94  3910.94  3910.94  3910.94  3910.94  3910.94  3910.94  3910.94  3910.94  3910.94  3910.94  
