11967.9  11967.9  11967.9  11967.9  11967.9  11967.9  11967.9  11967.9  11967.9  11967.9  11967.9  11967.9  11967.9  11967.9  11967.9  11967.9  11967.9  11967.9  
11637  11637  11637  11637  11637  11637  11637  11637  11637  11637  11637  11637  11637  11637  11637  11637  11637  11637  
11893.8  11893.8  11893.8  11893.8  11893.8  11893.8  11893.8  11893.8  11893.8  11893.8  11893.8  11893.8  11893.8  11893.8  11893.8  11893.8  11893.8  11893.8  
11781.1  11781.1  11781.1  11781.1  11781.1  11781.1  11781.1  11781.1  11781.1  11781.1  11781.1  11781.1  11781.1  11781.1  11781.1  11781.1  11781.1  11781.1  
12042.4  12042.4  12042.4  12042.4  12042.4  12042.4  12042.4  12042.4  12042.4  12042.4  12042.4  12042.4  12042.4  12042.4  12042.4  12042.4  12042.4  12042.4  
11523.4  11523.4  11523.4  11523.4  11523.4  11523.4  11523.4  11523.4  11523.4  11523.4  11523.4  11523.4  11523.4  11523.4  11523.4  11523.4  11523.4  11523.4  
11455.1  11455.1  11455.1  11455.1  11455.1  11455.1  11455.1  11455.1  11455.1  11455.1  11455.1  11455.1  11455.1  11455.1  11455.1  11455.1  11455.1  11455.1  
12634.9  12634.9  12634.9  12634.9  12634.9  12634.9  12634.9  12634.9  12634.9  12634.9  12634.9  12634.9  12634.9  12634.9  12634.9  12634.9  12634.9  12634.9  
11289  11289  11289  11289  11289  11289  11289  11289  11289  11289  11289  11289  11289  11289  11289  11289  11289  11289  
12266.8  12266.8  12266.8  12266.8  12266.8  12266.8  12266.8  12266.8  12266.8  12266.8  12266.8  12266.8  12266.8  12266.8  12266.8  12266.8  12266.8  12266.8  
12376.2  12376.2  12376.2  12376.2  12376.2  12376.2  12376.2  12376.2  12376.2  12376.2  12376.2  12376.2  12376.2  12376.2  12376.2  12376.2  12376.2  12376.2  
12158.6  12158.6  12158.6  12158.6  12158.6  12158.6  12158.6  12158.6  12158.6  12158.6  12158.6  12158.6  12158.6  12158.6  12158.6  12158.6  12158.6  12158.6  
11116.3  11116.3  11116.3  11116.3  11116.3  11116.3  11116.3  11116.3  11116.3  11116.3  11116.3  11116.3  11116.3  11116.3  11116.3  11116.3  11116.3  11116.3  
11082.1  11082.1  11082.1  11082.1  11082.1  11082.1  11082.1  11082.1  11082.1  11082.1  11082.1  11082.1  11082.1  11082.1  11082.1  11082.1  11082.1  11082.1  
12755.4  12755.4  12755.4  12755.4  12755.4  12755.4  12755.4  12755.4  12755.4  12755.4  12755.4  12755.4  12755.4  12755.4  12755.4  12755.4  12755.4  12755.4  
12509.9  12509.9  12509.9  12509.9  12509.9  12509.9  12509.9  12509.9  12509.9  12509.9  12509.9  12509.9  12509.9  12509.9  12509.9  12509.9  12509.9  12509.9  
12753.6  12753.6  12753.6  12753.6  12753.6  12753.6  12753.6  12753.6  12753.6  12753.6  12753.6  12753.6  12753.6  12753.6  12753.6  12753.6  12753.6  12753.6  
11311.6  11311.6  11311.6  11311.6  11311.6  11311.6  11311.6  11311.6  11311.6  11311.6  11311.6  11311.6  11311.6  11311.6  11311.6  11311.6  11311.6  11311.6  
12509.9  12509.9  12509.9  12509.9  12509.9  12509.9  12509.9  12509.9  12509.9  12509.9  12509.9  12509.9  12509.9  12509.9  12509.9  12509.9  12509.9  12509.9  
11670.3  11670.3  11670.3  11670.3  11670.3  11670.3  11670.3  11670.3  11670.3  11670.3  11670.3  11670.3  11670.3  11670.3  11670.3  11670.3  11670.3  11670.3  
