5998.63  5998.63  5998.63  5998.63  5998.63  5998.63  5998.63  5998.63  5998.63  5998.63  5998.63  5998.63  5998.63  5998.63  5998.63  5998.63  
5774.37  5774.37  5774.37  5774.37  5774.37  5774.37  5774.37  5774.37  5774.37  5774.37  5774.37  5774.37  5774.37  5774.37  5774.37  5774.37  
5845.49  5845.49  5845.49  5845.49  5845.49  5845.49  5845.49  5845.49  5845.49  5845.49  5845.49  5845.49  5845.49  5845.49  5845.49  5845.49  
5571.41  5571.41  5571.41  5571.41  5571.41  5571.41  5571.41  5571.41  5571.41  5571.41  5571.41  5571.41  5571.41  5571.41  5571.41  5571.41  
6360.77  6360.77  6360.77  6360.77  6360.77  6360.77  6360.77  6360.77  6360.77  6360.77  6360.77  6360.77  6360.77  6360.77  6360.77  6360.77  
5628.71  5628.71  5628.71  5628.71  5628.71  5628.71  5628.71  5628.71  5628.71  5628.71  5628.71  5628.71  5628.71  5628.71  5628.71  5628.71  
6445.75  6445.75  6445.75  6445.75  6445.75  6445.75  6445.75  6445.75  6445.75  6445.75  6445.75  6445.75  6445.75  6445.75  6445.75  6445.75  
7041.8  7041.8  7041.8  7041.8  7041.8  7041.8  7041.8  7041.8  7041.8  7041.8  7041.8  7041.8  7041.8  7041.8  7041.8  7041.8  
6686.23  6686.23  6686.23  6686.23  6686.23  6686.23  6686.23  6686.23  6686.23  6686.23  6686.23  6686.23  6686.23  6686.23  6686.23  6686.23  
6733.76  6733.76  6733.76  6733.76  6733.76  6733.76  6733.76  6733.76  6733.76  6733.76  6733.76  6733.76  6733.76  6733.76  6733.76  6733.76  
6536.06  6536.06  6536.06  6536.06  6536.06  6536.06  6536.06  6536.06  6536.06  6536.06  6536.06  6536.06  6536.06  6536.06  6536.06  6536.06  
6891.28  6891.28  6891.28  6891.28  6891.28  6891.28  6891.28  6891.28  6891.28  6891.28  6891.28  6891.28  6891.28  6891.28  6891.28  6891.28  
5214.84  5214.84  5214.84  5214.84  5214.84  5214.84  5214.84  5214.84  5214.84  5214.84  5214.84  5214.84  5214.84  5214.84  5214.84  5214.84  
7245.27  7245.27  7245.27  7245.27  7245.27  7245.27  7245.27  7245.27  7245.27  7245.27  7245.27  7245.27  7245.27  7245.27  7245.27  7245.27  
6175.43  6175.43  6175.43  6175.43  6175.43  6175.43  6175.43  6175.43  6175.43  6175.43  6175.43  6175.43  6175.43  6175.43  6175.43  6175.43  
5420.58  5420.58  5420.58  5420.58  5420.58  5420.58  5420.58  5420.58  5420.58  5420.58  5420.58  5420.58  5420.58  5420.58  5420.58  5420.58  
5214.84  5214.84  5214.84  5214.84  5214.84  5214.84  5214.84  5214.84  5214.84  5214.84  5214.84  5214.84  5214.84  5214.84  5214.84  5214.84  
7245.27  7245.27  7245.27  7245.27  7245.27  7245.27  7245.27  7245.27  7245.27  7245.27  7245.27  7245.27  7245.27  7245.27  7245.27  7245.27  
6175.43  6175.43  6175.43  6175.43  6175.43  6175.43  6175.43  6175.43  6175.43  6175.43  6175.43  6175.43  6175.43  6175.43  6175.43  6175.43  
5392.11  5392.11  5392.11  5392.11  5392.11  5392.11  5392.11  5392.11  5392.11  5392.11  5392.11  5392.11  5392.11  5392.11  5392.11  5392.11  
