4131.08  4131.08  4131.08  4131.08  4131.08  4131.08  4131.08  4131.08  4131.08  4131.08  4131.08  4131.08  4131.08  4131.08  
4420.49  4420.49  4420.49  4420.49  4420.49  4420.49  4420.49  4420.49  4420.49  4420.49  4420.49  4420.49  4420.49  4420.49  
3824.91  3824.91  3824.91  3824.91  3824.91  3824.91  3824.91  3824.91  3824.91  3824.91  3824.91  3824.91  3824.91  3824.91  
4372.5  4372.5  4372.5  4372.5  4372.5  4372.5  4372.5  4372.5  4372.5  4372.5  4372.5  4372.5  4372.5  4372.5  
4037.95  4037.95  4037.95  4037.95  4037.95  4037.95  4037.95  4037.95  4037.95  4037.95  4037.95  4037.95  4037.95  4037.95  
3642.7  3642.7  3642.7  3642.7  3642.7  3642.7  3642.7  3642.7  3642.7  3642.7  3642.7  3642.7  3642.7  3642.7  
4245.38  4245.38  4245.38  4245.38  4245.38  4245.38  4245.38  4245.38  4245.38  4245.38  4245.38  4245.38  4245.38  4245.38  
3705.43  3705.43  3705.43  3705.43  3705.43  3705.43  3705.43  3705.43  3705.43  3705.43  3705.43  3705.43  3705.43  3705.43  
3903.84  3903.84  3903.84  3903.84  3903.84  3903.84  3903.84  3903.84  3903.84  3903.84  3903.84  3903.84  3903.84  3903.84  
2925.91  2925.91  2925.91  2925.91  2925.91  2925.91  2925.91  2925.91  2925.91  2925.91  2925.91  2925.91  2925.91  2925.91  
4568.93  4568.93  4568.93  4568.93  4568.93  4568.93  4568.93  4568.93  4568.93  4568.93  4568.93  4568.93  4568.93  4568.93  
3528.65  3528.65  3528.65  3528.65  3528.65  3528.65  3528.65  3528.65  3528.65  3528.65  3528.65  3528.65  3528.65  3528.65  
3386.77  3386.77  3386.77  3386.77  3386.77  3386.77  3386.77  3386.77  3386.77  3386.77  3386.77  3386.77  3386.77  3386.77  
3095.24  3095.24  3095.24  3095.24  3095.24  3095.24  3095.24  3095.24  3095.24  3095.24  3095.24  3095.24  3095.24  3095.24  
3233.28  3233.28  3233.28  3233.28  3233.28  3233.28  3233.28  3233.28  3233.28  3233.28  3233.28  3233.28  3233.28  3233.28  
4531.52  4531.52  4531.52  4531.52  4531.52  4531.52  4531.52  4531.52  4531.52  4531.52  4531.52  4531.52  4531.52  4531.52  
2890.89  2890.89  2890.89  2890.89  2890.89  2890.89  2890.89  2890.89  2890.89  2890.89  2890.89  2890.89  2890.89  2890.89  
3095.24  3095.24  3095.24  3095.24  3095.24  3095.24  3095.24  3095.24  3095.24  3095.24  3095.24  3095.24  3095.24  3095.24  
3370.67  3370.67  3370.67  3370.67  3370.67  3370.67  3370.67  3370.67  3370.67  3370.67  3370.67  3370.67  3370.67  3370.67  
3233.28  3233.28  3233.28  3233.28  3233.28  3233.28  3233.28  3233.28  3233.28  3233.28  3233.28  3233.28  3233.28  3233.28  
