12197  12197  12197  12197  12197  12197  12197  12197  12197  12197  12197  12197  12197  12197  12197  12197  12197  12197  
12387.6  12387.6  12387.6  12387.6  12387.6  12387.6  12387.6  12387.6  12387.6  12387.6  12387.6  12387.6  12387.6  12387.6  12387.6  12387.6  12387.6  12387.6  
12503.3  12503.3  12503.3  12503.3  12503.3  12503.3  12503.3  12503.3  12503.3  12503.3  12503.3  12503.3  12503.3  12503.3  12503.3  12503.3  12503.3  12503.3  
12424.8  12424.8  12424.8  12424.8  12424.8  12424.8  12424.8  12424.8  12424.8  12424.8  12424.8  12424.8  12424.8  12424.8  12424.8  12424.8  12424.8  12424.8  
12014.6  12014.6  12014.6  12014.6  12014.6  12014.6  12014.6  12014.6  12014.6  12014.6  12014.6  12014.6  12014.6  12014.6  12014.6  12014.6  12014.6  12014.6  
11739.1  11739.1  11739.1  11739.1  11739.1  11739.1  11739.1  11739.1  11739.1  11739.1  11739.1  11739.1  11739.1  11739.1  11739.1  11739.1  11739.1  11739.1  
11784.9  11784.9  11784.9  11784.9  11784.9  11784.9  11784.9  11784.9  11784.9  11784.9  11784.9  11784.9  11784.9  11784.9  11784.9  11784.9  11784.9  11784.9  
11876.7  11876.7  11876.7  11876.7  11876.7  11876.7  11876.7  11876.7  11876.7  11876.7  11876.7  11876.7  11876.7  11876.7  11876.7  11876.7  11876.7  11876.7  
12588.8  12588.8  12588.8  12588.8  12588.8  12588.8  12588.8  12588.8  12588.8  12588.8  12588.8  12588.8  12588.8  12588.8  12588.8  12588.8  12588.8  12588.8  
12103  12103  12103  12103  12103  12103  12103  12103  12103  12103  12103  12103  12103  12103  12103  12103  12103  12103  
11982.6  11982.6  11982.6  11982.6  11982.6  11982.6  11982.6  11982.6  11982.6  11982.6  11982.6  11982.6  11982.6  11982.6  11982.6  11982.6  11982.6  11982.6  
12678.6  12678.6  12678.6  12678.6  12678.6  12678.6  12678.6  12678.6  12678.6  12678.6  12678.6  12678.6  12678.6  12678.6  12678.6  12678.6  12678.6  12678.6  
12765.1  12765.1  12765.1  12765.1  12765.1  12765.1  12765.1  12765.1  12765.1  12765.1  12765.1  12765.1  12765.1  12765.1  12765.1  12765.1  12765.1  12765.1  
12294.9  12294.9  12294.9  12294.9  12294.9  12294.9  12294.9  12294.9  12294.9  12294.9  12294.9  12294.9  12294.9  12294.9  12294.9  12294.9  12294.9  12294.9  
11498.6  11498.6  11498.6  11498.6  11498.6  11498.6  11498.6  11498.6  11498.6  11498.6  11498.6  11498.6  11498.6  11498.6  11498.6  11498.6  11498.6  11498.6  
11630.5  11630.5  11630.5  11630.5  11630.5  11630.5  11630.5  11630.5  11630.5  11630.5  11630.5  11630.5  11630.5  11630.5  11630.5  11630.5  11630.5  11630.5  
11498.6  11498.6  11498.6  11498.6  11498.6  11498.6  11498.6  11498.6  11498.6  11498.6  11498.6  11498.6  11498.6  11498.6  11498.6  11498.6  11498.6  11498.6  
11630.5  11630.5  11630.5  11630.5  11630.5  11630.5  11630.5  11630.5  11630.5  11630.5  11630.5  11630.5  11630.5  11630.5  11630.5  11630.5  11630.5  11630.5  
12758.6  12758.6  12758.6  12758.6  12758.6  12758.6  12758.6  12758.6  12758.6  12758.6  12758.6  12758.6  12758.6  12758.6  12758.6  12758.6  12758.6  12758.6  
11869.6  11869.6  11869.6  11869.6  11869.6  11869.6  11869.6  11869.6  11869.6  11869.6  11869.6  11869.6  11869.6  11869.6  11869.6  11869.6  11869.6  11869.6  
