5335.48  5335.48  5335.48  5335.48  5335.48  5335.48  5335.48  5335.48  5335.48  5335.48  5335.48  5335.48  5335.48  5335.48  5335.48  5335.48  5335.48  5335.48  5335.48  5335.48  5335.48  5335.48  5335.48  5335.48  
5289.16  5289.16  5289.16  5289.16  5289.16  5289.16  5289.16  5289.16  5289.16  5289.16  5289.16  5289.16  5289.16  5289.16  5289.16  5289.16  5289.16  5289.16  5289.16  5289.16  5289.16  5289.16  5289.16  5289.16  
5371.81  5371.81  5371.81  5371.81  5371.81  5371.81  5371.81  5371.81  5371.81  5371.81  5371.81  5371.81  5371.81  5371.81  5371.81  5371.81  5371.81  5371.81  5371.81  5371.81  5371.81  5371.81  5371.81  5371.81  
5402.51  5402.51  5402.51  5402.51  5402.51  5402.51  5402.51  5402.51  5402.51  5402.51  5402.51  5402.51  5402.51  5402.51  5402.51  5402.51  5402.51  5402.51  5402.51  5402.51  5402.51  5402.51  5402.51  5402.51  
5462.52  5462.52  5462.52  5462.52  5462.52  5462.52  5462.52  5462.52  5462.52  5462.52  5462.52  5462.52  5462.52  5462.52  5462.52  5462.52  5462.52  5462.52  5462.52  5462.52  5462.52  5462.52  5462.52  5462.52  
5052.57  5052.57  5052.57  5052.57  5052.57  5052.57  5052.57  5052.57  5052.57  5052.57  5052.57  5052.57  5052.57  5052.57  5052.57  5052.57  5052.57  5052.57  5052.57  5052.57  5052.57  5052.57  5052.57  5052.57  
5066.25  5066.25  5066.25  5066.25  5066.25  5066.25  5066.25  5066.25  5066.25  5066.25  5066.25  5066.25  5066.25  5066.25  5066.25  5066.25  5066.25  5066.25  5066.25  5066.25  5066.25  5066.25  5066.25  5066.25  
5125.86  5125.86  5125.86  5125.86  5125.86  5125.86  5125.86  5125.86  5125.86  5125.86  5125.86  5125.86  5125.86  5125.86  5125.86  5125.86  5125.86  5125.86  5125.86  5125.86  5125.86  5125.86  5125.86  5125.86  
5184.93  5184.93  5184.93  5184.93  5184.93  5184.93  5184.93  5184.93  5184.93  5184.93  5184.93  5184.93  5184.93  5184.93  5184.93  5184.93  5184.93  5184.93  5184.93  5184.93  5184.93  5184.93  5184.93  5184.93  
5238.58  5238.58  5238.58  5238.58  5238.58  5238.58  5238.58  5238.58  5238.58  5238.58  5238.58  5238.58  5238.58  5238.58  5238.58  5238.58  5238.58  5238.58  5238.58  5238.58  5238.58  5238.58  5238.58  5238.58  
5561.56  5561.56  5561.56  5561.56  5561.56  5561.56  5561.56  5561.56  5561.56  5561.56  5561.56  5561.56  5561.56  5561.56  5561.56  5561.56  5561.56  5561.56  5561.56  5561.56  5561.56  5561.56  5561.56  5561.56  
5695.73  5695.73  5695.73  5695.73  5695.73  5695.73  5695.73  5695.73  5695.73  5695.73  5695.73  5695.73  5695.73  5695.73  5695.73  5695.73  5695.73  5695.73  5695.73  5695.73  5695.73  5695.73  5695.73  5695.73  
5676.59  5676.59  5676.59  5676.59  5676.59  5676.59  5676.59  5676.59  5676.59  5676.59  5676.59  5676.59  5676.59  5676.59  5676.59  5676.59  5676.59  5676.59  5676.59  5676.59  5676.59  5676.59  5676.59  5676.59  
5599.7  5599.7  5599.7  5599.7  5599.7  5599.7  5599.7  5599.7  5599.7  5599.7  5599.7  5599.7  5599.7  5599.7  5599.7  5599.7  5599.7  5599.7  5599.7  5599.7  5599.7  5599.7  5599.7  5599.7  
5616.49  5616.49  5616.49  5616.49  5616.49  5616.49  5616.49  5616.49  5616.49  5616.49  5616.49  5616.49  5616.49  5616.49  5616.49  5616.49  5616.49  5616.49  5616.49  5616.49  5616.49  5616.49  5616.49  5616.49  
5513.4  5513.4  5513.4  5513.4  5513.4  5513.4  5513.4  5513.4  5513.4  5513.4  5513.4  5513.4  5513.4  5513.4  5513.4  5513.4  5513.4  5513.4  5513.4  5513.4  5513.4  5513.4  5513.4  5513.4  
5133.39  5133.39  5133.39  5133.39  5133.39  5133.39  5133.39  5133.39  5133.39  5133.39  5133.39  5133.39  5133.39  5133.39  5133.39  5133.39  5133.39  5133.39  5133.39  5133.39  5133.39  5133.39  5133.39  5133.39  
5453.08  5453.08  5453.08  5453.08  5453.08  5453.08  5453.08  5453.08  5453.08  5453.08  5453.08  5453.08  5453.08  5453.08  5453.08  5453.08  5453.08  5453.08  5453.08  5453.08  5453.08  5453.08  5453.08  5453.08  
5187.1  5187.1  5187.1  5187.1  5187.1  5187.1  5187.1  5187.1  5187.1  5187.1  5187.1  5187.1  5187.1  5187.1  5187.1  5187.1  5187.1  5187.1  5187.1  5187.1  5187.1  5187.1  5187.1  5187.1  
5249.92  5249.92  5249.92  5249.92  5249.92  5249.92  5249.92  5249.92  5249.92  5249.92  5249.92  5249.92  5249.92  5249.92  5249.92  5249.92  5249.92  5249.92  5249.92  5249.92  5249.92  5249.92  5249.92  5249.92  
