11854.3  11854.3  11854.3  11854.3  11854.3  11854.3  11854.3  11854.3  11854.3  11854.3  11854.3  11854.3  11854.3  11854.3  11854.3  11854.3  11854.3  11854.3  
12337.7  12337.7  12337.7  12337.7  12337.7  12337.7  12337.7  12337.7  12337.7  12337.7  12337.7  12337.7  12337.7  12337.7  12337.7  12337.7  12337.7  12337.7  
12222.1  12222.1  12222.1  12222.1  12222.1  12222.1  12222.1  12222.1  12222.1  12222.1  12222.1  12222.1  12222.1  12222.1  12222.1  12222.1  12222.1  12222.1  
12528  12528  12528  12528  12528  12528  12528  12528  12528  12528  12528  12528  12528  12528  12528  12528  12528  12528  
12651.4  12651.4  12651.4  12651.4  12651.4  12651.4  12651.4  12651.4  12651.4  12651.4  12651.4  12651.4  12651.4  12651.4  12651.4  12651.4  12651.4  12651.4  
12438.9  12438.9  12438.9  12438.9  12438.9  12438.9  12438.9  12438.9  12438.9  12438.9  12438.9  12438.9  12438.9  12438.9  12438.9  12438.9  12438.9  12438.9  
11754  11754  11754  11754  11754  11754  11754  11754  11754  11754  11754  11754  11754  11754  11754  11754  11754  11754  
12735.1  12735.1  12735.1  12735.1  12735.1  12735.1  12735.1  12735.1  12735.1  12735.1  12735.1  12735.1  12735.1  12735.1  12735.1  12735.1  12735.1  12735.1  
12832.3  12832.3  12832.3  12832.3  12832.3  12832.3  12832.3  12832.3  12832.3  12832.3  12832.3  12832.3  12832.3  12832.3  12832.3  12832.3  12832.3  12832.3  
11633.6  11633.6  11633.6  11633.6  11633.6  11633.6  11633.6  11633.6  11633.6  11633.6  11633.6  11633.6  11633.6  11633.6  11633.6  11633.6  11633.6  11633.6  
12106.5  12106.5  12106.5  12106.5  12106.5  12106.5  12106.5  12106.5  12106.5  12106.5  12106.5  12106.5  12106.5  12106.5  12106.5  12106.5  12106.5  12106.5  
11980.2  11980.2  11980.2  11980.2  11980.2  11980.2  11980.2  11980.2  11980.2  11980.2  11980.2  11980.2  11980.2  11980.2  11980.2  11980.2  11980.2  11980.2  
11501.2  11501.2  11501.2  11501.2  11501.2  11501.2  11501.2  11501.2  11501.2  11501.2  11501.2  11501.2  11501.2  11501.2  11501.2  11501.2  11501.2  11501.2  
11018.3  11018.3  11018.3  11018.3  11018.3  11018.3  11018.3  11018.3  11018.3  11018.3  11018.3  11018.3  11018.3  11018.3  11018.3  11018.3  11018.3  11018.3  
11186.7  11186.7  11186.7  11186.7  11186.7  11186.7  11186.7  11186.7  11186.7  11186.7  11186.7  11186.7  11186.7  11186.7  11186.7  11186.7  11186.7  11186.7  
11350.9  11350.9  11350.9  11350.9  11350.9  11350.9  11350.9  11350.9  11350.9  11350.9  11350.9  11350.9  11350.9  11350.9  11350.9  11350.9  11350.9  11350.9  
11018.3  11018.3  11018.3  11018.3  11018.3  11018.3  11018.3  11018.3  11018.3  11018.3  11018.3  11018.3  11018.3  11018.3  11018.3  11018.3  11018.3  11018.3  
11186.7  11186.7  11186.7  11186.7  11186.7  11186.7  11186.7  11186.7  11186.7  11186.7  11186.7  11186.7  11186.7  11186.7  11186.7  11186.7  11186.7  11186.7  
11350.9  11350.9  11350.9  11350.9  11350.9  11350.9  11350.9  11350.9  11350.9  11350.9  11350.9  11350.9  11350.9  11350.9  11350.9  11350.9  11350.9  11350.9  
11509.4  11509.4  11509.4  11509.4  11509.4  11509.4  11509.4  11509.4  11509.4  11509.4  11509.4  11509.4  11509.4  11509.4  11509.4  11509.4  11509.4  11509.4  
