4455.21  4455.21  4455.21  4455.21  4455.21  4455.21  4455.21  4455.21  4455.21  4455.21  4455.21  4455.21  4455.21  4455.21  
3763.04  3763.04  3763.04  3763.04  3763.04  3763.04  3763.04  3763.04  3763.04  3763.04  3763.04  3763.04  3763.04  3763.04  
3663.41  3663.41  3663.41  3663.41  3663.41  3663.41  3663.41  3663.41  3663.41  3663.41  3663.41  3663.41  3663.41  3663.41  
4363.98  4363.98  4363.98  4363.98  4363.98  4363.98  4363.98  4363.98  4363.98  4363.98  4363.98  4363.98  4363.98  4363.98  
4119.45  4119.45  4119.45  4119.45  4119.45  4119.45  4119.45  4119.45  4119.45  4119.45  4119.45  4119.45  4119.45  4119.45  
4300.77  4300.77  4300.77  4300.77  4300.77  4300.77  4300.77  4300.77  4300.77  4300.77  4300.77  4300.77  4300.77  4300.77  
4572.25  4572.25  4572.25  4572.25  4572.25  4572.25  4572.25  4572.25  4572.25  4572.25  4572.25  4572.25  4572.25  4572.25  
4156.65  4156.65  4156.65  4156.65  4156.65  4156.65  4156.65  4156.65  4156.65  4156.65  4156.65  4156.65  4156.65  4156.65  
3949.04  3949.04  3949.04  3949.04  3949.04  3949.04  3949.04  3949.04  3949.04  3949.04  3949.04  3949.04  3949.04  3949.04  
3015.43  3015.43  3015.43  3015.43  3015.43  3015.43  3015.43  3015.43  3015.43  3015.43  3015.43  3015.43  3015.43  3015.43  
2859.34  2859.34  2859.34  2859.34  2859.34  2859.34  2859.34  2859.34  2859.34  2859.34  2859.34  2859.34  2859.34  2859.34  
2818.78  2818.78  2818.78  2818.78  2818.78  2818.78  2818.78  2818.78  2818.78  2818.78  2818.78  2818.78  2818.78  2818.78  
3913.57  3913.57  3913.57  3913.57  3913.57  3913.57  3913.57  3913.57  3913.57  3913.57  3913.57  3913.57  3913.57  3913.57  
3194.85  3194.85  3194.85  3194.85  3194.85  3194.85  3194.85  3194.85  3194.85  3194.85  3194.85  3194.85  3194.85  3194.85  
3374.44  3374.44  3374.44  3374.44  3374.44  3374.44  3374.44  3374.44  3374.44  3374.44  3374.44  3374.44  3374.44  3374.44  
3526.76  3526.76  3526.76  3526.76  3526.76  3526.76  3526.76  3526.76  3526.76  3526.76  3526.76  3526.76  3526.76  3526.76  
3194.85  3194.85  3194.85  3194.85  3194.85  3194.85  3194.85  3194.85  3194.85  3194.85  3194.85  3194.85  3194.85  3194.85  
3374.44  3374.44  3374.44  3374.44  3374.44  3374.44  3374.44  3374.44  3374.44  3374.44  3374.44  3374.44  3374.44  3374.44  
2998.09  2998.09  2998.09  2998.09  2998.09  2998.09  2998.09  2998.09  2998.09  2998.09  2998.09  2998.09  2998.09  2998.09  
3526.76  3526.76  3526.76  3526.76  3526.76  3526.76  3526.76  3526.76  3526.76  3526.76  3526.76  3526.76  3526.76  3526.76  
