4208.86  4208.86  4208.86  4208.86  4208.86  4208.86  4208.86  4208.86  4208.86  4208.86  4208.86  4208.86  4208.86  4208.86  
3339.06  3339.06  3339.06  3339.06  3339.06  3339.06  3339.06  3339.06  3339.06  3339.06  3339.06  3339.06  3339.06  3339.06  
3406.21  3406.21  3406.21  3406.21  3406.21  3406.21  3406.21  3406.21  3406.21  3406.21  3406.21  3406.21  3406.21  3406.21  
4418.35  4418.35  4418.35  4418.35  4418.35  4418.35  4418.35  4418.35  4418.35  4418.35  4418.35  4418.35  4418.35  4418.35  
3842.56  3842.56  3842.56  3842.56  3842.56  3842.56  3842.56  3842.56  3842.56  3842.56  3842.56  3842.56  3842.56  3842.56  
4460.97  4460.97  4460.97  4460.97  4460.97  4460.97  4460.97  4460.97  4460.97  4460.97  4460.97  4460.97  4460.97  4460.97  
4057.33  4057.33  4057.33  4057.33  4057.33  4057.33  4057.33  4057.33  4057.33  4057.33  4057.33  4057.33  4057.33  4057.33  
4305.76  4305.76  4305.76  4305.76  4305.76  4305.76  4305.76  4305.76  4305.76  4305.76  4305.76  4305.76  4305.76  4305.76  
3928.14  3928.14  3928.14  3928.14  3928.14  3928.14  3928.14  3928.14  3928.14  3928.14  3928.14  3928.14  3928.14  3928.14  
4581.57  4581.57  4581.57  4581.57  4581.57  4581.57  4581.57  4581.57  4581.57  4581.57  4581.57  4581.57  4581.57  4581.57  
3696.76  3696.76  3696.76  3696.76  3696.76  3696.76  3696.76  3696.76  3696.76  3696.76  3696.76  3696.76  3696.76  3696.76  
4094.2  4094.2  4094.2  4094.2  4094.2  4094.2  4094.2  4094.2  4094.2  4094.2  4094.2  4094.2  4094.2  4094.2  
3545.75  3545.75  3545.75  3545.75  3545.75  3545.75  3545.75  3545.75  3545.75  3545.75  3545.75  3545.75  3545.75  3545.75  
3187.64  3187.64  3187.64  3187.64  3187.64  3187.64  3187.64  3187.64  3187.64  3187.64  3187.64  3187.64  3187.64  3187.64  
2855.1  2855.1  2855.1  2855.1  2855.1  2855.1  2855.1  2855.1  2855.1  2855.1  2855.1  2855.1  2855.1  2855.1  
3037.54  3037.54  3037.54  3037.54  3037.54  3037.54  3037.54  3037.54  3037.54  3037.54  3037.54  3037.54  3037.54  3037.54  
2855.1  2855.1  2855.1  2855.1  2855.1  2855.1  2855.1  2855.1  2855.1  2855.1  2855.1  2855.1  2855.1  2855.1  
3037.54  3037.54  3037.54  3037.54  3037.54  3037.54  3037.54  3037.54  3037.54  3037.54  3037.54  3037.54  3037.54  3037.54  
3187.11  3187.11  3187.11  3187.11  3187.11  3187.11  3187.11  3187.11  3187.11  3187.11  3187.11  3187.11  3187.11  3187.11  
3676.64  3676.64  3676.64  3676.64  3676.64  3676.64  3676.64  3676.64  3676.64  3676.64  3676.64  3676.64  3676.64  3676.64  
