4464.38  4464.38  4464.38  4464.38  4464.38  4464.38  4464.38  4464.38  4464.38  4464.38  4464.38  4464.38  4464.38  4464.38  
3717.87  3717.87  3717.87  3717.87  3717.87  3717.87  3717.87  3717.87  3717.87  3717.87  3717.87  3717.87  3717.87  3717.87  
3666.91  3666.91  3666.91  3666.91  3666.91  3666.91  3666.91  3666.91  3666.91  3666.91  3666.91  3666.91  3666.91  3666.91  
4125.73  4125.73  4125.73  4125.73  4125.73  4125.73  4125.73  4125.73  4125.73  4125.73  4125.73  4125.73  4125.73  4125.73  
4056.62  4056.62  4056.62  4056.62  4056.62  4056.62  4056.62  4056.62  4056.62  4056.62  4056.62  4056.62  4056.62  4056.62  
4541.28  4541.28  4541.28  4541.28  4541.28  4541.28  4541.28  4541.28  4541.28  4541.28  4541.28  4541.28  4541.28  4541.28  
3489.82  3489.82  3489.82  3489.82  3489.82  3489.82  3489.82  3489.82  3489.82  3489.82  3489.82  3489.82  3489.82  3489.82  
3521.51  3521.51  3521.51  3521.51  3521.51  3521.51  3521.51  3521.51  3521.51  3521.51  3521.51  3521.51  3521.51  3521.51  
4214.36  4214.36  4214.36  4214.36  4214.36  4214.36  4214.36  4214.36  4214.36  4214.36  4214.36  4214.36  4214.36  4214.36  
3335.51  3335.51  3335.51  3335.51  3335.51  3335.51  3335.51  3335.51  3335.51  3335.51  3335.51  3335.51  3335.51  3335.51  
3887.54  3887.54  3887.54  3887.54  3887.54  3887.54  3887.54  3887.54  3887.54  3887.54  3887.54  3887.54  3887.54  3887.54  
4359.87  4359.87  4359.87  4359.87  4359.87  4359.87  4359.87  4359.87  4359.87  4359.87  4359.87  4359.87  4359.87  4359.87  
3862.52  3862.52  3862.52  3862.52  3862.52  3862.52  3862.52  3862.52  3862.52  3862.52  3862.52  3862.52  3862.52  3862.52  
3165.51  3165.51  3165.51  3165.51  3165.51  3165.51  3165.51  3165.51  3165.51  3165.51  3165.51  3165.51  3165.51  3165.51  
2844.31  2844.31  2844.31  2844.31  2844.31  2844.31  2844.31  2844.31  2844.31  2844.31  2844.31  2844.31  2844.31  2844.31  
3029.09  3029.09  3029.09  3029.09  3029.09  3029.09  3029.09  3029.09  3029.09  3029.09  3029.09  3029.09  3029.09  3029.09  
2844.31  2844.31  2844.31  2844.31  2844.31  2844.31  2844.31  2844.31  2844.31  2844.31  2844.31  2844.31  2844.31  2844.31  
3311.6  3311.6  3311.6  3311.6  3311.6  3311.6  3311.6  3311.6  3311.6  3311.6  3311.6  3311.6  3311.6  3311.6  
3029.09  3029.09  3029.09  3029.09  3029.09  3029.09  3029.09  3029.09  3029.09  3029.09  3029.09  3029.09  3029.09  3029.09  
3165.33  3165.33  3165.33  3165.33  3165.33  3165.33  3165.33  3165.33  3165.33  3165.33  3165.33  3165.33  3165.33  3165.33  
