7140.53  7140.53  7140.53  7140.53  7140.53  7140.53  7140.53  7140.53  7140.53  7140.53  7140.53  7140.53  7140.53  7140.53  7140.53  7140.53  
7183.2  7183.2  7183.2  7183.2  7183.2  7183.2  7183.2  7183.2  7183.2  7183.2  7183.2  7183.2  7183.2  7183.2  7183.2  7183.2  
7665.08  7665.08  7665.08  7665.08  7665.08  7665.08  7665.08  7665.08  7665.08  7665.08  7665.08  7665.08  7665.08  7665.08  7665.08  7665.08  
7387.85  7387.85  7387.85  7387.85  7387.85  7387.85  7387.85  7387.85  7387.85  7387.85  7387.85  7387.85  7387.85  7387.85  7387.85  7387.85  
7441.53  7441.53  7441.53  7441.53  7441.53  7441.53  7441.53  7441.53  7441.53  7441.53  7441.53  7441.53  7441.53  7441.53  7441.53  7441.53  
6712.16  6712.16  6712.16  6712.16  6712.16  6712.16  6712.16  6712.16  6712.16  6712.16  6712.16  6712.16  6712.16  6712.16  6712.16  6712.16  
6344.1  6344.1  6344.1  6344.1  6344.1  6344.1  6344.1  6344.1  6344.1  6344.1  6344.1  6344.1  6344.1  6344.1  6344.1  6344.1  
6521.89  6521.89  6521.89  6521.89  6521.89  6521.89  6521.89  6521.89  6521.89  6521.89  6521.89  6521.89  6521.89  6521.89  6521.89  6521.89  
6925.88  6925.88  6925.88  6925.88  6925.88  6925.88  6925.88  6925.88  6925.88  6925.88  6925.88  6925.88  6925.88  6925.88  6925.88  6925.88  
5837.23  5837.23  5837.23  5837.23  5837.23  5837.23  5837.23  5837.23  5837.23  5837.23  5837.23  5837.23  5837.23  5837.23  5837.23  5837.23  
6695.14  6695.14  6695.14  6695.14  6695.14  6695.14  6695.14  6695.14  6695.14  6695.14  6695.14  6695.14  6695.14  6695.14  6695.14  6695.14  
7639.29  7639.29  7639.29  7639.29  7639.29  7639.29  7639.29  7639.29  7639.29  7639.29  7639.29  7639.29  7639.29  7639.29  7639.29  7639.29  
6517.86  6517.86  6517.86  6517.86  6517.86  6517.86  6517.86  6517.86  6517.86  6517.86  6517.86  6517.86  6517.86  6517.86  6517.86  6517.86  
5790.16  5790.16  5790.16  5790.16  5790.16  5790.16  5790.16  5790.16  5790.16  5790.16  5790.16  5790.16  5790.16  5790.16  5790.16  5790.16  
6022.92  6022.92  6022.92  6022.92  6022.92  6022.92  6022.92  6022.92  6022.92  6022.92  6022.92  6022.92  6022.92  6022.92  6022.92  6022.92  
6204.88  6204.88  6204.88  6204.88  6204.88  6204.88  6204.88  6204.88  6204.88  6204.88  6204.88  6204.88  6204.88  6204.88  6204.88  6204.88  
6923.45  6923.45  6923.45  6923.45  6923.45  6923.45  6923.45  6923.45  6923.45  6923.45  6923.45  6923.45  6923.45  6923.45  6923.45  6923.45  
6022.92  6022.92  6022.92  6022.92  6022.92  6022.92  6022.92  6022.92  6022.92  6022.92  6022.92  6022.92  6022.92  6022.92  6022.92  6022.92  
6204.88  6204.88  6204.88  6204.88  6204.88  6204.88  6204.88  6204.88  6204.88  6204.88  6204.88  6204.88  6204.88  6204.88  6204.88  6204.88  
6341.03  6341.03  6341.03  6341.03  6341.03  6341.03  6341.03  6341.03  6341.03  6341.03  6341.03  6341.03  6341.03  6341.03  6341.03  6341.03  
