11456.5  11456.5  11456.5  11456.5  11456.5  11456.5  11456.5  11456.5  11456.5  11456.5  11456.5  11456.5  11456.5  11456.5  11456.5  11456.5  11456.5  11456.5  
12322  12322  12322  12322  12322  12322  12322  12322  12322  12322  12322  12322  12322  12322  12322  12322  12322  12322  
11725.6  11725.6  11725.6  11725.6  11725.6  11725.6  11725.6  11725.6  11725.6  11725.6  11725.6  11725.6  11725.6  11725.6  11725.6  11725.6  11725.6  11725.6  
12250.7  12250.7  12250.7  12250.7  12250.7  12250.7  12250.7  12250.7  12250.7  12250.7  12250.7  12250.7  12250.7  12250.7  12250.7  12250.7  12250.7  12250.7  
12458.8  12458.8  12458.8  12458.8  12458.8  12458.8  12458.8  12458.8  12458.8  12458.8  12458.8  12458.8  12458.8  12458.8  12458.8  12458.8  12458.8  12458.8  
11695.4  11695.4  11695.4  11695.4  11695.4  11695.4  11695.4  11695.4  11695.4  11695.4  11695.4  11695.4  11695.4  11695.4  11695.4  11695.4  11695.4  11695.4  
12556.1  12556.1  12556.1  12556.1  12556.1  12556.1  12556.1  12556.1  12556.1  12556.1  12556.1  12556.1  12556.1  12556.1  12556.1  12556.1  12556.1  12556.1  
11833.2  11833.2  11833.2  11833.2  11833.2  11833.2  11833.2  11833.2  11833.2  11833.2  11833.2  11833.2  11833.2  11833.2  11833.2  11833.2  11833.2  11833.2  
12149  12149  12149  12149  12149  12149  12149  12149  12149  12149  12149  12149  12149  12149  12149  12149  12149  12149  
12044.1  12044.1  12044.1  12044.1  12044.1  12044.1  12044.1  12044.1  12044.1  12044.1  12044.1  12044.1  12044.1  12044.1  12044.1  12044.1  12044.1  12044.1  
12366.2  12366.2  12366.2  12366.2  12366.2  12366.2  12366.2  12366.2  12366.2  12366.2  12366.2  12366.2  12366.2  12366.2  12366.2  12366.2  12366.2  12366.2  
11937.8  11937.8  11937.8  11937.8  11937.8  11937.8  11937.8  11937.8  11937.8  11937.8  11937.8  11937.8  11937.8  11937.8  11937.8  11937.8  11937.8  11937.8  
11563.1  11563.1  11563.1  11563.1  11563.1  11563.1  11563.1  11563.1  11563.1  11563.1  11563.1  11563.1  11563.1  11563.1  11563.1  11563.1  11563.1  11563.1  
11821.8  11821.8  11821.8  11821.8  11821.8  11821.8  11821.8  11821.8  11821.8  11821.8  11821.8  11821.8  11821.8  11821.8  11821.8  11821.8  11821.8  11821.8  
12626.5  12626.5  12626.5  12626.5  12626.5  12626.5  12626.5  12626.5  12626.5  12626.5  12626.5  12626.5  12626.5  12626.5  12626.5  12626.5  12626.5  12626.5  
11389.3  11389.3  11389.3  11389.3  11389.3  11389.3  11389.3  11389.3  11389.3  11389.3  11389.3  11389.3  11389.3  11389.3  11389.3  11389.3  11389.3  11389.3  
11561.5  11561.5  11561.5  11561.5  11561.5  11561.5  11561.5  11561.5  11561.5  11561.5  11561.5  11561.5  11561.5  11561.5  11561.5  11561.5  11561.5  11561.5  
12626.5  12626.5  12626.5  12626.5  12626.5  12626.5  12626.5  12626.5  12626.5  12626.5  12626.5  12626.5  12626.5  12626.5  12626.5  12626.5  12626.5  12626.5  
11389.3  11389.3  11389.3  11389.3  11389.3  11389.3  11389.3  11389.3  11389.3  11389.3  11389.3  11389.3  11389.3  11389.3  11389.3  11389.3  11389.3  11389.3  
12036.2  12036.2  12036.2  12036.2  12036.2  12036.2  12036.2  12036.2  12036.2  12036.2  12036.2  12036.2  12036.2  12036.2  12036.2  12036.2  12036.2  12036.2  
