3028.45  3028.45  3028.45  3028.45  3028.45  3028.45  3028.45  3028.45  3028.45  3028.45  3028.45  3028.45  3028.45  3028.45  
3873.62  3873.62  3873.62  3873.62  3873.62  3873.62  3873.62  3873.62  3873.62  3873.62  3873.62  3873.62  3873.62  3873.62  
3394.94  3394.94  3394.94  3394.94  3394.94  3394.94  3394.94  3394.94  3394.94  3394.94  3394.94  3394.94  3394.94  3394.94  
3962.06  3962.06  3962.06  3962.06  3962.06  3962.06  3962.06  3962.06  3962.06  3962.06  3962.06  3962.06  3962.06  3962.06  
3292.56  3292.56  3292.56  3292.56  3292.56  3292.56  3292.56  3292.56  3292.56  3292.56  3292.56  3292.56  3292.56  3292.56  
3223.72  3223.72  3223.72  3223.72  3223.72  3223.72  3223.72  3223.72  3223.72  3223.72  3223.72  3223.72  3223.72  3223.72  
4409.85  4409.85  4409.85  4409.85  4409.85  4409.85  4409.85  4409.85  4409.85  4409.85  4409.85  4409.85  4409.85  4409.85  
3058.19  3058.19  3058.19  3058.19  3058.19  3058.19  3058.19  3058.19  3058.19  3058.19  3058.19  3058.19  3058.19  3058.19  
3730.27  3730.27  3730.27  3730.27  3730.27  3730.27  3730.27  3730.27  3730.27  3730.27  3730.27  3730.27  3730.27  3730.27  
4120.77  4120.77  4120.77  4120.77  4120.77  4120.77  4120.77  4120.77  4120.77  4120.77  4120.77  4120.77  4120.77  4120.77  
3689.27  3689.27  3689.27  3689.27  3689.27  3689.27  3689.27  3689.27  3689.27  3689.27  3689.27  3689.27  3689.27  3689.27  
4150.4  4150.4  4150.4  4150.4  4150.4  4150.4  4150.4  4150.4  4150.4  4150.4  4150.4  4150.4  4150.4  4150.4  
3537.82  3537.82  3537.82  3537.82  3537.82  3537.82  3537.82  3537.82  3537.82  3537.82  3537.82  3537.82  3537.82  3537.82  
4528.73  4528.73  4528.73  4528.73  4528.73  4528.73  4528.73  4528.73  4528.73  4528.73  4528.73  4528.73  4528.73  4528.73  
2861.37  2861.37  2861.37  2861.37  2861.37  2861.37  2861.37  2861.37  2861.37  2861.37  2861.37  2861.37  2861.37  2861.37  
4299.05  4299.05  4299.05  4299.05  4299.05  4299.05  4299.05  4299.05  4299.05  4299.05  4299.05  4299.05  4299.05  4299.05  
2861.37  2861.37  2861.37  2861.37  2861.37  2861.37  2861.37  2861.37  2861.37  2861.37  2861.37  2861.37  2861.37  2861.37  
4521.72  4521.72  4521.72  4521.72  4521.72  4521.72  4521.72  4521.72  4521.72  4521.72  4521.72  4521.72  4521.72  4521.72  
3535.1  3535.1  3535.1  3535.1  3535.1  3535.1  3535.1  3535.1  3535.1  3535.1  3535.1  3535.1  3535.1  3535.1  
4299.05  4299.05  4299.05  4299.05  4299.05  4299.05  4299.05  4299.05  4299.05  4299.05  4299.05  4299.05  4299.05  4299.05  
