6550.07  6550.07  6550.07  6550.07  6550.07  6550.07  6550.07  6550.07  6550.07  6550.07  6550.07  6550.07  6550.07  6550.07  6550.07  6550.07  
6209.76  6209.76  6209.76  6209.76  6209.76  6209.76  6209.76  6209.76  6209.76  6209.76  6209.76  6209.76  6209.76  6209.76  6209.76  6209.76  
6301.31  6301.31  6301.31  6301.31  6301.31  6301.31  6301.31  6301.31  6301.31  6301.31  6301.31  6301.31  6301.31  6301.31  6301.31  6301.31  
7275.87  7275.87  7275.87  7275.87  7275.87  7275.87  7275.87  7275.87  7275.87  7275.87  7275.87  7275.87  7275.87  7275.87  7275.87  7275.87  
6787.32  6787.32  6787.32  6787.32  6787.32  6787.32  6787.32  6787.32  6787.32  6787.32  6787.32  6787.32  6787.32  6787.32  6787.32  6787.32  
6740.91  6740.91  6740.91  6740.91  6740.91  6740.91  6740.91  6740.91  6740.91  6740.91  6740.91  6740.91  6740.91  6740.91  6740.91  6740.91  
7335.5  7335.5  7335.5  7335.5  7335.5  7335.5  7335.5  7335.5  7335.5  7335.5  7335.5  7335.5  7335.5  7335.5  7335.5  7335.5  
6516.58  6516.58  6516.58  6516.58  6516.58  6516.58  6516.58  6516.58  6516.58  6516.58  6516.58  6516.58  6516.58  6516.58  6516.58  6516.58  
7770.5  7770.5  7770.5  7770.5  7770.5  7770.5  7770.5  7770.5  7770.5  7770.5  7770.5  7770.5  7770.5  7770.5  7770.5  7770.5  
7535.65  7535.65  7535.65  7535.65  7535.65  7535.65  7535.65  7535.65  7535.65  7535.65  7535.65  7535.65  7535.65  7535.65  7535.65  7535.65  
7575.26  7575.26  7575.26  7575.26  7575.26  7575.26  7575.26  7575.26  7575.26  7575.26  7575.26  7575.26  7575.26  7575.26  7575.26  7575.26  
6959.42  6959.42  6959.42  6959.42  6959.42  6959.42  6959.42  6959.42  6959.42  6959.42  6959.42  6959.42  6959.42  6959.42  6959.42  6959.42  
7131.15  7131.15  7131.15  7131.15  7131.15  7131.15  7131.15  7131.15  7131.15  7131.15  7131.15  7131.15  7131.15  7131.15  7131.15  7131.15  
7871.55  7871.55  7871.55  7871.55  7871.55  7871.55  7871.55  7871.55  7871.55  7871.55  7871.55  7871.55  7871.55  7871.55  7871.55  7871.55  
5840.52  5840.52  5840.52  5840.52  5840.52  5840.52  5840.52  5840.52  5840.52  5840.52  5840.52  5840.52  5840.52  5840.52  5840.52  5840.52  
6025.35  6025.35  6025.35  6025.35  6025.35  6025.35  6025.35  6025.35  6025.35  6025.35  6025.35  6025.35  6025.35  6025.35  6025.35  6025.35  
5840.52  5840.52  5840.52  5840.52  5840.52  5840.52  5840.52  5840.52  5840.52  5840.52  5840.52  5840.52  5840.52  5840.52  5840.52  5840.52  
6025.35  6025.35  6025.35  6025.35  6025.35  6025.35  6025.35  6025.35  6025.35  6025.35  6025.35  6025.35  6025.35  6025.35  6025.35  6025.35  
6948.83  6948.83  6948.83  6948.83  6948.83  6948.83  6948.83  6948.83  6948.83  6948.83  6948.83  6948.83  6948.83  6948.83  6948.83  6948.83  
7867.34  7867.34  7867.34  7867.34  7867.34  7867.34  7867.34  7867.34  7867.34  7867.34  7867.34  7867.34  7867.34  7867.34  7867.34  7867.34  
