5479.66  5479.66  5479.66  5479.66  5479.66  5479.66  5479.66  5479.66  5479.66  5479.66  5479.66  5479.66  5479.66  5479.66  5479.66  5479.66  5479.66  5479.66  5479.66  5479.66  5479.66  5479.66  5479.66  5479.66  
5523.63  5523.63  5523.63  5523.63  5523.63  5523.63  5523.63  5523.63  5523.63  5523.63  5523.63  5523.63  5523.63  5523.63  5523.63  5523.63  5523.63  5523.63  5523.63  5523.63  5523.63  5523.63  5523.63  5523.63  
5410.72  5410.72  5410.72  5410.72  5410.72  5410.72  5410.72  5410.72  5410.72  5410.72  5410.72  5410.72  5410.72  5410.72  5410.72  5410.72  5410.72  5410.72  5410.72  5410.72  5410.72  5410.72  5410.72  5410.72  
5451.98  5451.98  5451.98  5451.98  5451.98  5451.98  5451.98  5451.98  5451.98  5451.98  5451.98  5451.98  5451.98  5451.98  5451.98  5451.98  5451.98  5451.98  5451.98  5451.98  5451.98  5451.98  5451.98  5451.98  
5362.81  5362.81  5362.81  5362.81  5362.81  5362.81  5362.81  5362.81  5362.81  5362.81  5362.81  5362.81  5362.81  5362.81  5362.81  5362.81  5362.81  5362.81  5362.81  5362.81  5362.81  5362.81  5362.81  5362.81  
5311.32  5311.32  5311.32  5311.32  5311.32  5311.32  5311.32  5311.32  5311.32  5311.32  5311.32  5311.32  5311.32  5311.32  5311.32  5311.32  5311.32  5311.32  5311.32  5311.32  5311.32  5311.32  5311.32  5311.32  
5178.24  5178.24  5178.24  5178.24  5178.24  5178.24  5178.24  5178.24  5178.24  5178.24  5178.24  5178.24  5178.24  5178.24  5178.24  5178.24  5178.24  5178.24  5178.24  5178.24  5178.24  5178.24  5178.24  5178.24  
5126.24  5126.24  5126.24  5126.24  5126.24  5126.24  5126.24  5126.24  5126.24  5126.24  5126.24  5126.24  5126.24  5126.24  5126.24  5126.24  5126.24  5126.24  5126.24  5126.24  5126.24  5126.24  5126.24  5126.24  
5166.42  5166.42  5166.42  5166.42  5166.42  5166.42  5166.42  5166.42  5166.42  5166.42  5166.42  5166.42  5166.42  5166.42  5166.42  5166.42  5166.42  5166.42  5166.42  5166.42  5166.42  5166.42  5166.42  5166.42  
5555.94  5555.94  5555.94  5555.94  5555.94  5555.94  5555.94  5555.94  5555.94  5555.94  5555.94  5555.94  5555.94  5555.94  5555.94  5555.94  5555.94  5555.94  5555.94  5555.94  5555.94  5555.94  5555.94  5555.94  
5353.29  5353.29  5353.29  5353.29  5353.29  5353.29  5353.29  5353.29  5353.29  5353.29  5353.29  5353.29  5353.29  5353.29  5353.29  5353.29  5353.29  5353.29  5353.29  5353.29  5353.29  5353.29  5353.29  5353.29  
5269.03  5269.03  5269.03  5269.03  5269.03  5269.03  5269.03  5269.03  5269.03  5269.03  5269.03  5269.03  5269.03  5269.03  5269.03  5269.03  5269.03  5269.03  5269.03  5269.03  5269.03  5269.03  5269.03  5269.03  
5594.37  5594.37  5594.37  5594.37  5594.37  5594.37  5594.37  5594.37  5594.37  5594.37  5594.37  5594.37  5594.37  5594.37  5594.37  5594.37  5594.37  5594.37  5594.37  5594.37  5594.37  5594.37  5594.37  5594.37  
5030.31  5030.31  5030.31  5030.31  5030.31  5030.31  5030.31  5030.31  5030.31  5030.31  5030.31  5030.31  5030.31  5030.31  5030.31  5030.31  5030.31  5030.31  5030.31  5030.31  5030.31  5030.31  5030.31  5030.31  
5079.62  5079.62  5079.62  5079.62  5079.62  5079.62  5079.62  5079.62  5079.62  5079.62  5079.62  5079.62  5079.62  5079.62  5079.62  5079.62  5079.62  5079.62  5079.62  5079.62  5079.62  5079.62  5079.62  5079.62  
5228.53  5228.53  5228.53  5228.53  5228.53  5228.53  5228.53  5228.53  5228.53  5228.53  5228.53  5228.53  5228.53  5228.53  5228.53  5228.53  5228.53  5228.53  5228.53  5228.53  5228.53  5228.53  5228.53  5228.53  
5030.31  5030.31  5030.31  5030.31  5030.31  5030.31  5030.31  5030.31  5030.31  5030.31  5030.31  5030.31  5030.31  5030.31  5030.31  5030.31  5030.31  5030.31  5030.31  5030.31  5030.31  5030.31  5030.31  5030.31  
5590.71  5590.71  5590.71  5590.71  5590.71  5590.71  5590.71  5590.71  5590.71  5590.71  5590.71  5590.71  5590.71  5590.71  5590.71  5590.71  5590.71  5590.71  5590.71  5590.71  5590.71  5590.71  5590.71  5590.71  
5079.62  5079.62  5079.62  5079.62  5079.62  5079.62  5079.62  5079.62  5079.62  5079.62  5079.62  5079.62  5079.62  5079.62  5079.62  5079.62  5079.62  5079.62  5079.62  5079.62  5079.62  5079.62  5079.62  5079.62  
5228.53  5228.53  5228.53  5228.53  5228.53  5228.53  5228.53  5228.53  5228.53  5228.53  5228.53  5228.53  5228.53  5228.53  5228.53  5228.53  5228.53  5228.53  5228.53  5228.53  5228.53  5228.53  5228.53  5228.53  
