12476.3  12476.3  12476.3  12476.3  12476.3  12476.3  12476.3  12476.3  12476.3  12476.3  12476.3  12476.3  12476.3  12476.3  12476.3  12476.3  12476.3  12476.3  
12215.7  12215.7  12215.7  12215.7  12215.7  12215.7  12215.7  12215.7  12215.7  12215.7  12215.7  12215.7  12215.7  12215.7  12215.7  12215.7  12215.7  12215.7  
12399.4  12399.4  12399.4  12399.4  12399.4  12399.4  12399.4  12399.4  12399.4  12399.4  12399.4  12399.4  12399.4  12399.4  12399.4  12399.4  12399.4  12399.4  
11495.5  11495.5  11495.5  11495.5  11495.5  11495.5  11495.5  11495.5  11495.5  11495.5  11495.5  11495.5  11495.5  11495.5  11495.5  11495.5  11495.5  11495.5  
11531.3  11531.3  11531.3  11531.3  11531.3  11531.3  11531.3  11531.3  11531.3  11531.3  11531.3  11531.3  11531.3  11531.3  11531.3  11531.3  11531.3  11531.3  
11390.3  11390.3  11390.3  11390.3  11390.3  11390.3  11390.3  11390.3  11390.3  11390.3  11390.3  11390.3  11390.3  11390.3  11390.3  11390.3  11390.3  11390.3  
11312  11312  11312  11312  11312  11312  11312  11312  11312  11312  11312  11312  11312  11312  11312  11312  11312  11312  
12322.3  12322.3  12322.3  12322.3  12322.3  12322.3  12322.3  12322.3  12322.3  12322.3  12322.3  12322.3  12322.3  12322.3  12322.3  12322.3  12322.3  12322.3  
12109.2  12109.2  12109.2  12109.2  12109.2  12109.2  12109.2  12109.2  12109.2  12109.2  12109.2  12109.2  12109.2  12109.2  12109.2  12109.2  12109.2  12109.2  
11288.2  11288.2  11288.2  11288.2  11288.2  11288.2  11288.2  11288.2  11288.2  11288.2  11288.2  11288.2  11288.2  11288.2  11288.2  11288.2  11288.2  11288.2  
12512.1  12512.1  12512.1  12512.1  12512.1  12512.1  12512.1  12512.1  12512.1  12512.1  12512.1  12512.1  12512.1  12512.1  12512.1  12512.1  12512.1  12512.1  
11220.6  11220.6  11220.6  11220.6  11220.6  11220.6  11220.6  11220.6  11220.6  11220.6  11220.6  11220.6  11220.6  11220.6  11220.6  11220.6  11220.6  11220.6  
11644.2  11644.2  11644.2  11644.2  11644.2  11644.2  11644.2  11644.2  11644.2  11644.2  11644.2  11644.2  11644.2  11644.2  11644.2  11644.2  11644.2  11644.2  
11887.6  11887.6  11887.6  11887.6  11887.6  11887.6  11887.6  11887.6  11887.6  11887.6  11887.6  11887.6  11887.6  11887.6  11887.6  11887.6  11887.6  11887.6  
11998.8  11998.8  11998.8  11998.8  11998.8  11998.8  11998.8  11998.8  11998.8  11998.8  11998.8  11998.8  11998.8  11998.8  11998.8  11998.8  11998.8  11998.8  
11774.3  11774.3  11774.3  11774.3  11774.3  11774.3  11774.3  11774.3  11774.3  11774.3  11774.3  11774.3  11774.3  11774.3  11774.3  11774.3  11774.3  11774.3  
11774.3  11774.3  11774.3  11774.3  11774.3  11774.3  11774.3  11774.3  11774.3  11774.3  11774.3  11774.3  11774.3  11774.3  11774.3  11774.3  11774.3  11774.3  
11642.3  11642.3  11642.3  11642.3  11642.3  11642.3  11642.3  11642.3  11642.3  11642.3  11642.3  11642.3  11642.3  11642.3  11642.3  11642.3  11642.3  11642.3  
11886.2  11886.2  11886.2  11886.2  11886.2  11886.2  11886.2  11886.2  11886.2  11886.2  11886.2  11886.2  11886.2  11886.2  11886.2  11886.2  11886.2  11886.2  
11998  11998  11998  11998  11998  11998  11998  11998  11998  11998  11998  11998  11998  11998  11998  11998  11998  11998  
