3794.42  3794.42  3794.42  3794.42  3794.42  3794.42  3794.42  3794.42  3794.42  3794.42  3794.42  3794.42  3794.42  3794.42  
3155.07  3155.07  3155.07  3155.07  3155.07  3155.07  3155.07  3155.07  3155.07  3155.07  3155.07  3155.07  3155.07  3155.07  
3835  3835  3835  3835  3835  3835  3835  3835  3835  3835  3835  3835  3835  3835  
3409.21  3409.21  3409.21  3409.21  3409.21  3409.21  3409.21  3409.21  3409.21  3409.21  3409.21  3409.21  3409.21  3409.21  
4117.82  4117.82  4117.82  4117.82  4117.82  4117.82  4117.82  4117.82  4117.82  4117.82  4117.82  4117.82  4117.82  4117.82  
3466.22  3466.22  3466.22  3466.22  3466.22  3466.22  3466.22  3466.22  3466.22  3466.22  3466.22  3466.22  3466.22  3466.22  
4168.21  4168.21  4168.21  4168.21  4168.21  4168.21  4168.21  4168.21  4168.21  4168.21  4168.21  4168.21  4168.21  4168.21  
3229.1  3229.1  3229.1  3229.1  3229.1  3229.1  3229.1  3229.1  3229.1  3229.1  3229.1  3229.1  3229.1  3229.1  
3319.25  3319.25  3319.25  3319.25  3319.25  3319.25  3319.25  3319.25  3319.25  3319.25  3319.25  3319.25  3319.25  3319.25  
4515.89  4515.89  4515.89  4515.89  4515.89  4515.89  4515.89  4515.89  4515.89  4515.89  4515.89  4515.89  4515.89  4515.89  
4563.09  4563.09  4563.09  4563.09  4563.09  4563.09  4563.09  4563.09  4563.09  4563.09  4563.09  4563.09  4563.09  4563.09  
3980.56  3980.56  3980.56  3980.56  3980.56  3980.56  3980.56  3980.56  3980.56  3980.56  3980.56  3980.56  3980.56  3980.56  
4348.45  4348.45  4348.45  4348.45  4348.45  4348.45  4348.45  4348.45  4348.45  4348.45  4348.45  4348.45  4348.45  4348.45  
2996.25  2996.25  2996.25  2996.25  2996.25  2996.25  2996.25  2996.25  2996.25  2996.25  2996.25  2996.25  2996.25  2996.25  
2840.96  2840.96  2840.96  2840.96  2840.96  2840.96  2840.96  2840.96  2840.96  2840.96  2840.96  2840.96  2840.96  2840.96  
3636.94  3636.94  3636.94  3636.94  3636.94  3636.94  3636.94  3636.94  3636.94  3636.94  3636.94  3636.94  3636.94  3636.94  
2840.96  2840.96  2840.96  2840.96  2840.96  2840.96  2840.96  2840.96  2840.96  2840.96  2840.96  2840.96  2840.96  2840.96  
4322.7  4322.7  4322.7  4322.7  4322.7  4322.7  4322.7  4322.7  4322.7  4322.7  4322.7  4322.7  4322.7  4322.7  
3636.94  3636.94  3636.94  3636.94  3636.94  3636.94  3636.94  3636.94  3636.94  3636.94  3636.94  3636.94  3636.94  3636.94  
2993.74  2993.74  2993.74  2993.74  2993.74  2993.74  2993.74  2993.74  2993.74  2993.74  2993.74  2993.74  2993.74  2993.74  
