6759.56  6759.56  6759.56  6759.56  6759.56  6759.56  6759.56  6759.56  6759.56  6759.56  6759.56  6759.56  6759.56  6759.56  6759.56  6759.56  
6341.78  6341.78  6341.78  6341.78  6341.78  6341.78  6341.78  6341.78  6341.78  6341.78  6341.78  6341.78  6341.78  6341.78  6341.78  6341.78  
6456.64  6456.64  6456.64  6456.64  6456.64  6456.64  6456.64  6456.64  6456.64  6456.64  6456.64  6456.64  6456.64  6456.64  6456.64  6456.64  
6664.48  6664.48  6664.48  6664.48  6664.48  6664.48  6664.48  6664.48  6664.48  6664.48  6664.48  6664.48  6664.48  6664.48  6664.48  6664.48  
6532.23  6532.23  6532.23  6532.23  6532.23  6532.23  6532.23  6532.23  6532.23  6532.23  6532.23  6532.23  6532.23  6532.23  6532.23  6532.23  
6859.2  6859.2  6859.2  6859.2  6859.2  6859.2  6859.2  6859.2  6859.2  6859.2  6859.2  6859.2  6859.2  6859.2  6859.2  6859.2  
7051.43  7051.43  7051.43  7051.43  7051.43  7051.43  7051.43  7051.43  7051.43  7051.43  7051.43  7051.43  7051.43  7051.43  7051.43  7051.43  
6948.98  6948.98  6948.98  6948.98  6948.98  6948.98  6948.98  6948.98  6948.98  6948.98  6948.98  6948.98  6948.98  6948.98  6948.98  6948.98  
7258.81  7258.81  7258.81  7258.81  7258.81  7258.81  7258.81  7258.81  7258.81  7258.81  7258.81  7258.81  7258.81  7258.81  7258.81  7258.81  
7194.63  7194.63  7194.63  7194.63  7194.63  7194.63  7194.63  7194.63  7194.63  7194.63  7194.63  7194.63  7194.63  7194.63  7194.63  7194.63  
7660.71  7660.71  7660.71  7660.71  7660.71  7660.71  7660.71  7660.71  7660.71  7660.71  7660.71  7660.71  7660.71  7660.71  7660.71  7660.71  
7934  7934  7934  7934  7934  7934  7934  7934  7934  7934  7934  7934  7934  7934  7934  7934  
7790.72  7790.72  7790.72  7790.72  7790.72  7790.72  7790.72  7790.72  7790.72  7790.72  7790.72  7790.72  7790.72  7790.72  7790.72  7790.72  
7411.25  7411.25  7411.25  7411.25  7411.25  7411.25  7411.25  7411.25  7411.25  7411.25  7411.25  7411.25  7411.25  7411.25  7411.25  7411.25  
6257.08  6257.08  6257.08  6257.08  6257.08  6257.08  6257.08  6257.08  6257.08  6257.08  6257.08  6257.08  6257.08  6257.08  6257.08  6257.08  
7561.55  7561.55  7561.55  7561.55  7561.55  7561.55  7561.55  7561.55  7561.55  7561.55  7561.55  7561.55  7561.55  7561.55  7561.55  7561.55  
7411.25  7411.25  7411.25  7411.25  7411.25  7411.25  7411.25  7411.25  7411.25  7411.25  7411.25  7411.25  7411.25  7411.25  7411.25  7411.25  
7884.12  7884.12  7884.12  7884.12  7884.12  7884.12  7884.12  7884.12  7884.12  7884.12  7884.12  7884.12  7884.12  7884.12  7884.12  7884.12  
6257.08  6257.08  6257.08  6257.08  6257.08  6257.08  6257.08  6257.08  6257.08  6257.08  6257.08  6257.08  6257.08  6257.08  6257.08  6257.08  
7561.55  7561.55  7561.55  7561.55  7561.55  7561.55  7561.55  7561.55  7561.55  7561.55  7561.55  7561.55  7561.55  7561.55  7561.55  7561.55  
