12338.3  12338.3  12338.3  12338.3  12338.3  12338.3  12338.3  12338.3  12338.3  12338.3  12338.3  12338.3  12338.3  12338.3  12338.3  12338.3  12338.3  12338.3  
11753.5  11753.5  11753.5  11753.5  11753.5  11753.5  11753.5  11753.5  11753.5  11753.5  11753.5  11753.5  11753.5  11753.5  11753.5  11753.5  11753.5  11753.5  
11823.9  11823.9  11823.9  11823.9  11823.9  11823.9  11823.9  11823.9  11823.9  11823.9  11823.9  11823.9  11823.9  11823.9  11823.9  11823.9  11823.9  11823.9  
12457.6  12457.6  12457.6  12457.6  12457.6  12457.6  12457.6  12457.6  12457.6  12457.6  12457.6  12457.6  12457.6  12457.6  12457.6  12457.6  12457.6  12457.6  
10941.1  10941.1  10941.1  10941.1  10941.1  10941.1  10941.1  10941.1  10941.1  10941.1  10941.1  10941.1  10941.1  10941.1  10941.1  10941.1  10941.1  10941.1  
11015.9  11015.9  11015.9  11015.9  11015.9  11015.9  11015.9  11015.9  11015.9  11015.9  11015.9  11015.9  11015.9  11015.9  11015.9  11015.9  11015.9  11015.9  
11208.5  11208.5  11208.5  11208.5  11208.5  11208.5  11208.5  11208.5  11208.5  11208.5  11208.5  11208.5  11208.5  11208.5  11208.5  11208.5  11208.5  11208.5  
11269.7  11269.7  11269.7  11269.7  11269.7  11269.7  11269.7  11269.7  11269.7  11269.7  11269.7  11269.7  11269.7  11269.7  11269.7  11269.7  11269.7  11269.7  
12167.6  12167.6  12167.6  12167.6  12167.6  12167.6  12167.6  12167.6  12167.6  12167.6  12167.6  12167.6  12167.6  12167.6  12167.6  12167.6  12167.6  12167.6  
12572  12572  12572  12572  12572  12572  12572  12572  12572  12572  12572  12572  12572  12572  12572  12572  12572  12572  
12193.9  12193.9  12193.9  12193.9  12193.9  12193.9  12193.9  12193.9  12193.9  12193.9  12193.9  12193.9  12193.9  12193.9  12193.9  12193.9  12193.9  12193.9  
11447.4  11447.4  11447.4  11447.4  11447.4  11447.4  11447.4  11447.4  11447.4  11447.4  11447.4  11447.4  11447.4  11447.4  11447.4  11447.4  11447.4  11447.4  
11619.3  11619.3  11619.3  11619.3  11619.3  11619.3  11619.3  11619.3  11619.3  11619.3  11619.3  11619.3  11619.3  11619.3  11619.3  11619.3  11619.3  11619.3  
10787.6  10787.6  10787.6  10787.6  10787.6  10787.6  10787.6  10787.6  10787.6  10787.6  10787.6  10787.6  10787.6  10787.6  10787.6  10787.6  10787.6  10787.6  
12000.4  12000.4  12000.4  12000.4  12000.4  12000.4  12000.4  12000.4  12000.4  12000.4  12000.4  12000.4  12000.4  12000.4  12000.4  12000.4  12000.4  12000.4  
10825.1  10825.1  10825.1  10825.1  10825.1  10825.1  10825.1  10825.1  10825.1  10825.1  10825.1  10825.1  10825.1  10825.1  10825.1  10825.1  10825.1  10825.1  
11439.2  11439.2  11439.2  11439.2  11439.2  11439.2  11439.2  11439.2  11439.2  11439.2  11439.2  11439.2  11439.2  11439.2  11439.2  11439.2  11439.2  11439.2  
12000.4  12000.4  12000.4  12000.4  12000.4  12000.4  12000.4  12000.4  12000.4  12000.4  12000.4  12000.4  12000.4  12000.4  12000.4  12000.4  12000.4  12000.4  
12571.4  12571.4  12571.4  12571.4  12571.4  12571.4  12571.4  12571.4  12571.4  12571.4  12571.4  12571.4  12571.4  12571.4  12571.4  12571.4  12571.4  12571.4  
11616.3  11616.3  11616.3  11616.3  11616.3  11616.3  11616.3  11616.3  11616.3  11616.3  11616.3  11616.3  11616.3  11616.3  11616.3  11616.3  11616.3  11616.3  
