11644.3  11644.3  11644.3  11644.3  11644.3  11644.3  11644.3  11644.3  11644.3  11644.3  11644.3  11644.3  11644.3  11644.3  11644.3  11644.3  11644.3  11644.3  
11804.9  11804.9  11804.9  11804.9  11804.9  11804.9  11804.9  11804.9  11804.9  11804.9  11804.9  11804.9  11804.9  11804.9  11804.9  11804.9  11804.9  11804.9  
11576.6  11576.6  11576.6  11576.6  11576.6  11576.6  11576.6  11576.6  11576.6  11576.6  11576.6  11576.6  11576.6  11576.6  11576.6  11576.6  11576.6  11576.6  
12654.4  12654.4  12654.4  12654.4  12654.4  12654.4  12654.4  12654.4  12654.4  12654.4  12654.4  12654.4  12654.4  12654.4  12654.4  12654.4  12654.4  12654.4  
11484.2  11484.2  11484.2  11484.2  11484.2  11484.2  11484.2  11484.2  11484.2  11484.2  11484.2  11484.2  11484.2  11484.2  11484.2  11484.2  11484.2  11484.2  
12790.5  12790.5  12790.5  12790.5  12790.5  12790.5  12790.5  12790.5  12790.5  12790.5  12790.5  12790.5  12790.5  12790.5  12790.5  12790.5  12790.5  12790.5  
12751.1  12751.1  12751.1  12751.1  12751.1  12751.1  12751.1  12751.1  12751.1  12751.1  12751.1  12751.1  12751.1  12751.1  12751.1  12751.1  12751.1  12751.1  
12059.1  12059.1  12059.1  12059.1  12059.1  12059.1  12059.1  12059.1  12059.1  12059.1  12059.1  12059.1  12059.1  12059.1  12059.1  12059.1  12059.1  12059.1  
11771.5  11771.5  11771.5  11771.5  11771.5  11771.5  11771.5  11771.5  11771.5  11771.5  11771.5  11771.5  11771.5  11771.5  11771.5  11771.5  11771.5  11771.5  
12083.3  12083.3  12083.3  12083.3  12083.3  12083.3  12083.3  12083.3  12083.3  12083.3  12083.3  12083.3  12083.3  12083.3  12083.3  12083.3  12083.3  12083.3  
11931  11931  11931  11931  11931  11931  11931  11931  11931  11931  11931  11931  11931  11931  11931  11931  11931  11931  
12614  12614  12614  12614  12614  12614  12614  12614  12614  12614  12614  12614  12614  12614  12614  12614  12614  12614  
12214.9  12214.9  12214.9  12214.9  12214.9  12214.9  12214.9  12214.9  12214.9  12214.9  12214.9  12214.9  12214.9  12214.9  12214.9  12214.9  12214.9  12214.9  
12347.6  12347.6  12347.6  12347.6  12347.6  12347.6  12347.6  12347.6  12347.6  12347.6  12347.6  12347.6  12347.6  12347.6  12347.6  12347.6  12347.6  12347.6  
12481.2  12481.2  12481.2  12481.2  12481.2  12481.2  12481.2  12481.2  12481.2  12481.2  12481.2  12481.2  12481.2  12481.2  12481.2  12481.2  12481.2  12481.2  
11358.2  11358.2  11358.2  11358.2  11358.2  11358.2  11358.2  11358.2  11358.2  11358.2  11358.2  11358.2  11358.2  11358.2  11358.2  11358.2  11358.2  11358.2  
11358.2  11358.2  11358.2  11358.2  11358.2  11358.2  11358.2  11358.2  11358.2  11358.2  11358.2  11358.2  11358.2  11358.2  11358.2  11358.2  11358.2  11358.2  
12477.3  12477.3  12477.3  12477.3  12477.3  12477.3  12477.3  12477.3  12477.3  12477.3  12477.3  12477.3  12477.3  12477.3  12477.3  12477.3  12477.3  12477.3  
12234  12234  12234  12234  12234  12234  12234  12234  12234  12234  12234  12234  12234  12234  12234  12234  12234  12234  
11916.5  11916.5  11916.5  11916.5  11916.5  11916.5  11916.5  11916.5  11916.5  11916.5  11916.5  11916.5  11916.5  11916.5  11916.5  11916.5  11916.5  11916.5  
