5405.84  5405.84  5405.84  5405.84  5405.84  5405.84  5405.84  5405.84  5405.84  5405.84  5405.84  5405.84  5405.84  5405.84  5405.84  5405.84  5405.84  5405.84  5405.84  5405.84  5405.84  5405.84  5405.84  5405.84  
5510.01  5510.01  5510.01  5510.01  5510.01  5510.01  5510.01  5510.01  5510.01  5510.01  5510.01  5510.01  5510.01  5510.01  5510.01  5510.01  5510.01  5510.01  5510.01  5510.01  5510.01  5510.01  5510.01  5510.01  
5616.35  5616.35  5616.35  5616.35  5616.35  5616.35  5616.35  5616.35  5616.35  5616.35  5616.35  5616.35  5616.35  5616.35  5616.35  5616.35  5616.35  5616.35  5616.35  5616.35  5616.35  5616.35  5616.35  5616.35  
5558.29  5558.29  5558.29  5558.29  5558.29  5558.29  5558.29  5558.29  5558.29  5558.29  5558.29  5558.29  5558.29  5558.29  5558.29  5558.29  5558.29  5558.29  5558.29  5558.29  5558.29  5558.29  5558.29  5558.29  
5576.87  5576.87  5576.87  5576.87  5576.87  5576.87  5576.87  5576.87  5576.87  5576.87  5576.87  5576.87  5576.87  5576.87  5576.87  5576.87  5576.87  5576.87  5576.87  5576.87  5576.87  5576.87  5576.87  5576.87  
5477.56  5477.56  5477.56  5477.56  5477.56  5477.56  5477.56  5477.56  5477.56  5477.56  5477.56  5477.56  5477.56  5477.56  5477.56  5477.56  5477.56  5477.56  5477.56  5477.56  5477.56  5477.56  5477.56  5477.56  
5437.6  5437.6  5437.6  5437.6  5437.6  5437.6  5437.6  5437.6  5437.6  5437.6  5437.6  5437.6  5437.6  5437.6  5437.6  5437.6  5437.6  5437.6  5437.6  5437.6  5437.6  5437.6  5437.6  5437.6  
5244.44  5244.44  5244.44  5244.44  5244.44  5244.44  5244.44  5244.44  5244.44  5244.44  5244.44  5244.44  5244.44  5244.44  5244.44  5244.44  5244.44  5244.44  5244.44  5244.44  5244.44  5244.44  5244.44  5244.44  
5310.58  5310.58  5310.58  5310.58  5310.58  5310.58  5310.58  5310.58  5310.58  5310.58  5310.58  5310.58  5310.58  5310.58  5310.58  5310.58  5310.58  5310.58  5310.58  5310.58  5310.58  5310.58  5310.58  5310.58  
5133.47  5133.47  5133.47  5133.47  5133.47  5133.47  5133.47  5133.47  5133.47  5133.47  5133.47  5133.47  5133.47  5133.47  5133.47  5133.47  5133.47  5133.47  5133.47  5133.47  5133.47  5133.47  5133.47  5133.47  
5361.05  5361.05  5361.05  5361.05  5361.05  5361.05  5361.05  5361.05  5361.05  5361.05  5361.05  5361.05  5361.05  5361.05  5361.05  5361.05  5361.05  5361.05  5361.05  5361.05  5361.05  5361.05  5361.05  5361.05  
5262.47  5262.47  5262.47  5262.47  5262.47  5262.47  5262.47  5262.47  5262.47  5262.47  5262.47  5262.47  5262.47  5262.47  5262.47  5262.47  5262.47  5262.47  5262.47  5262.47  5262.47  5262.47  5262.47  5262.47  
5668.09  5668.09  5668.09  5668.09  5668.09  5668.09  5668.09  5668.09  5668.09  5668.09  5668.09  5668.09  5668.09  5668.09  5668.09  5668.09  5668.09  5668.09  5668.09  5668.09  5668.09  5668.09  5668.09  5668.09  
5730.19  5730.19  5730.19  5730.19  5730.19  5730.19  5730.19  5730.19  5730.19  5730.19  5730.19  5730.19  5730.19  5730.19  5730.19  5730.19  5730.19  5730.19  5730.19  5730.19  5730.19  5730.19  5730.19  5730.19  
5075.23  5075.23  5075.23  5075.23  5075.23  5075.23  5075.23  5075.23  5075.23  5075.23  5075.23  5075.23  5075.23  5075.23  5075.23  5075.23  5075.23  5075.23  5075.23  5075.23  5075.23  5075.23  5075.23  5075.23  
5192.32  5192.32  5192.32  5192.32  5192.32  5192.32  5192.32  5192.32  5192.32  5192.32  5192.32  5192.32  5192.32  5192.32  5192.32  5192.32  5192.32  5192.32  5192.32  5192.32  5192.32  5192.32  5192.32  5192.32  
5075.23  5075.23  5075.23  5075.23  5075.23  5075.23  5075.23  5075.23  5075.23  5075.23  5075.23  5075.23  5075.23  5075.23  5075.23  5075.23  5075.23  5075.23  5075.23  5075.23  5075.23  5075.23  5075.23  5075.23  
5725.61  5725.61  5725.61  5725.61  5725.61  5725.61  5725.61  5725.61  5725.61  5725.61  5725.61  5725.61  5725.61  5725.61  5725.61  5725.61  5725.61  5725.61  5725.61  5725.61  5725.61  5725.61  5725.61  5725.61  
5130.87  5130.87  5130.87  5130.87  5130.87  5130.87  5130.87  5130.87  5130.87  5130.87  5130.87  5130.87  5130.87  5130.87  5130.87  5130.87  5130.87  5130.87  5130.87  5130.87  5130.87  5130.87  5130.87  5130.87  
5192.32  5192.32  5192.32  5192.32  5192.32  5192.32  5192.32  5192.32  5192.32  5192.32  5192.32  5192.32  5192.32  5192.32  5192.32  5192.32  5192.32  5192.32  5192.32  5192.32  5192.32  5192.32  5192.32  5192.32  
