11563.7  11563.7  11563.7  11563.7  11563.7  11563.7  11563.7  11563.7  11563.7  11563.7  11563.7  11563.7  11563.7  11563.7  11563.7  11563.7  11563.7  11563.7  
12364.3  12364.3  12364.3  12364.3  12364.3  12364.3  12364.3  12364.3  12364.3  12364.3  12364.3  12364.3  12364.3  12364.3  12364.3  12364.3  12364.3  12364.3  
12242.5  12242.5  12242.5  12242.5  12242.5  12242.5  12242.5  12242.5  12242.5  12242.5  12242.5  12242.5  12242.5  12242.5  12242.5  12242.5  12242.5  12242.5  
11696.5  11696.5  11696.5  11696.5  11696.5  11696.5  11696.5  11696.5  11696.5  11696.5  11696.5  11696.5  11696.5  11696.5  11696.5  11696.5  11696.5  11696.5  
12474.1  12474.1  12474.1  12474.1  12474.1  12474.1  12474.1  12474.1  12474.1  12474.1  12474.1  12474.1  12474.1  12474.1  12474.1  12474.1  12474.1  12474.1  
11824.1  11824.1  11824.1  11824.1  11824.1  11824.1  11824.1  11824.1  11824.1  11824.1  11824.1  11824.1  11824.1  11824.1  11824.1  11824.1  11824.1  11824.1  
11963.6  11963.6  11963.6  11963.6  11963.6  11963.6  11963.6  11963.6  11963.6  11963.6  11963.6  11963.6  11963.6  11963.6  11963.6  11963.6  11963.6  11963.6  
12604.5  12604.5  12604.5  12604.5  12604.5  12604.5  12604.5  12604.5  12604.5  12604.5  12604.5  12604.5  12604.5  12604.5  12604.5  12604.5  12604.5  12604.5  
12749.6  12749.6  12749.6  12749.6  12749.6  12749.6  12749.6  12749.6  12749.6  12749.6  12749.6  12749.6  12749.6  12749.6  12749.6  12749.6  12749.6  12749.6  
12103.9  12103.9  12103.9  12103.9  12103.9  12103.9  12103.9  12103.9  12103.9  12103.9  12103.9  12103.9  12103.9  12103.9  12103.9  12103.9  12103.9  12103.9  
12258  12258  12258  12258  12258  12258  12258  12258  12258  12258  12258  12258  12258  12258  12258  12258  12258  12258  
11957.6  11957.6  11957.6  11957.6  11957.6  11957.6  11957.6  11957.6  11957.6  11957.6  11957.6  11957.6  11957.6  11957.6  11957.6  11957.6  11957.6  11957.6  
12597.5  12597.5  12597.5  12597.5  12597.5  12597.5  12597.5  12597.5  12597.5  12597.5  12597.5  12597.5  12597.5  12597.5  12597.5  12597.5  12597.5  12597.5  
11672.8  11672.8  11672.8  11672.8  11672.8  11672.8  11672.8  11672.8  11672.8  11672.8  11672.8  11672.8  11672.8  11672.8  11672.8  11672.8  11672.8  11672.8  
12481.2  12481.2  12481.2  12481.2  12481.2  12481.2  12481.2  12481.2  12481.2  12481.2  12481.2  12481.2  12481.2  12481.2  12481.2  12481.2  12481.2  12481.2  
11491.2  11491.2  11491.2  11491.2  11491.2  11491.2  11491.2  11491.2  11491.2  11491.2  11491.2  11491.2  11491.2  11491.2  11491.2  11491.2  11491.2  11491.2  
12744.6  12744.6  12744.6  12744.6  12744.6  12744.6  12744.6  12744.6  12744.6  12744.6  12744.6  12744.6  12744.6  12744.6  12744.6  12744.6  12744.6  12744.6  
12098.1  12098.1  12098.1  12098.1  12098.1  12098.1  12098.1  12098.1  12098.1  12098.1  12098.1  12098.1  12098.1  12098.1  12098.1  12098.1  12098.1  12098.1  
11818.8  11818.8  11818.8  11818.8  11818.8  11818.8  11818.8  11818.8  11818.8  11818.8  11818.8  11818.8  11818.8  11818.8  11818.8  11818.8  11818.8  11818.8  
11491.2  11491.2  11491.2  11491.2  11491.2  11491.2  11491.2  11491.2  11491.2  11491.2  11491.2  11491.2  11491.2  11491.2  11491.2  11491.2  11491.2  11491.2  
