5571.24  5571.24  5571.24  5571.24  5571.24  5571.24  5571.24  5571.24  5571.24  5571.24  5571.24  5571.24  5571.24  5571.24  5571.24  5571.24  5571.24  5571.24  5571.24  5571.24  5571.24  5571.24  5571.24  5571.24  
5505.44  5505.44  5505.44  5505.44  5505.44  5505.44  5505.44  5505.44  5505.44  5505.44  5505.44  5505.44  5505.44  5505.44  5505.44  5505.44  5505.44  5505.44  5505.44  5505.44  5505.44  5505.44  5505.44  5505.44  
5786.82  5786.82  5786.82  5786.82  5786.82  5786.82  5786.82  5786.82  5786.82  5786.82  5786.82  5786.82  5786.82  5786.82  5786.82  5786.82  5786.82  5786.82  5786.82  5786.82  5786.82  5786.82  5786.82  5786.82  
5647.35  5647.35  5647.35  5647.35  5647.35  5647.35  5647.35  5647.35  5647.35  5647.35  5647.35  5647.35  5647.35  5647.35  5647.35  5647.35  5647.35  5647.35  5647.35  5647.35  5647.35  5647.35  5647.35  5647.35  
5440.73  5440.73  5440.73  5440.73  5440.73  5440.73  5440.73  5440.73  5440.73  5440.73  5440.73  5440.73  5440.73  5440.73  5440.73  5440.73  5440.73  5440.73  5440.73  5440.73  5440.73  5440.73  5440.73  5440.73  
5716.13  5716.13  5716.13  5716.13  5716.13  5716.13  5716.13  5716.13  5716.13  5716.13  5716.13  5716.13  5716.13  5716.13  5716.13  5716.13  5716.13  5716.13  5716.13  5716.13  5716.13  5716.13  5716.13  5716.13  
5836.71  5836.71  5836.71  5836.71  5836.71  5836.71  5836.71  5836.71  5836.71  5836.71  5836.71  5836.71  5836.71  5836.71  5836.71  5836.71  5836.71  5836.71  5836.71  5836.71  5836.71  5836.71  5836.71  5836.71  
5284.78  5284.78  5284.78  5284.78  5284.78  5284.78  5284.78  5284.78  5284.78  5284.78  5284.78  5284.78  5284.78  5284.78  5284.78  5284.78  5284.78  5284.78  5284.78  5284.78  5284.78  5284.78  5284.78  5284.78  
5898.13  5898.13  5898.13  5898.13  5898.13  5898.13  5898.13  5898.13  5898.13  5898.13  5898.13  5898.13  5898.13  5898.13  5898.13  5898.13  5898.13  5898.13  5898.13  5898.13  5898.13  5898.13  5898.13  5898.13  
5050.03  5050.03  5050.03  5050.03  5050.03  5050.03  5050.03  5050.03  5050.03  5050.03  5050.03  5050.03  5050.03  5050.03  5050.03  5050.03  5050.03  5050.03  5050.03  5050.03  5050.03  5050.03  5050.03  5050.03  
5363.41  5363.41  5363.41  5363.41  5363.41  5363.41  5363.41  5363.41  5363.41  5363.41  5363.41  5363.41  5363.41  5363.41  5363.41  5363.41  5363.41  5363.41  5363.41  5363.41  5363.41  5363.41  5363.41  5363.41  
5123.82  5123.82  5123.82  5123.82  5123.82  5123.82  5123.82  5123.82  5123.82  5123.82  5123.82  5123.82  5123.82  5123.82  5123.82  5123.82  5123.82  5123.82  5123.82  5123.82  5123.82  5123.82  5123.82  5123.82  
5013.94  5013.94  5013.94  5013.94  5013.94  5013.94  5013.94  5013.94  5013.94  5013.94  5013.94  5013.94  5013.94  5013.94  5013.94  5013.94  5013.94  5013.94  5013.94  5013.94  5013.94  5013.94  5013.94  5013.94  
5202.76  5202.76  5202.76  5202.76  5202.76  5202.76  5202.76  5202.76  5202.76  5202.76  5202.76  5202.76  5202.76  5202.76  5202.76  5202.76  5202.76  5202.76  5202.76  5202.76  5202.76  5202.76  5202.76  5202.76  
6054  6054  6054  6054  6054  6054  6054  6054  6054  6054  6054  6054  6054  6054  6054  6054  6054  6054  6054  6054  6054  6054  6054  6054  
5959.26  5959.26  5959.26  5959.26  5959.26  5959.26  5959.26  5959.26  5959.26  5959.26  5959.26  5959.26  5959.26  5959.26  5959.26  5959.26  5959.26  5959.26  5959.26  5959.26  5959.26  5959.26  5959.26  5959.26  
6053.75  6053.75  6053.75  6053.75  6053.75  6053.75  6053.75  6053.75  6053.75  6053.75  6053.75  6053.75  6053.75  6053.75  6053.75  6053.75  6053.75  6053.75  6053.75  6053.75  6053.75  6053.75  6053.75  6053.75  
5200.67  5200.67  5200.67  5200.67  5200.67  5200.67  5200.67  5200.67  5200.67  5200.67  5200.67  5200.67  5200.67  5200.67  5200.67  5200.67  5200.67  5200.67  5200.67  5200.67  5200.67  5200.67  5200.67  5200.67  
5298.47  5298.47  5298.47  5298.47  5298.47  5298.47  5298.47  5298.47  5298.47  5298.47  5298.47  5298.47  5298.47  5298.47  5298.47  5298.47  5298.47  5298.47  5298.47  5298.47  5298.47  5298.47  5298.47  5298.47  
5959.26  5959.26  5959.26  5959.26  5959.26  5959.26  5959.26  5959.26  5959.26  5959.26  5959.26  5959.26  5959.26  5959.26  5959.26  5959.26  5959.26  5959.26  5959.26  5959.26  5959.26  5959.26  5959.26  5959.26  
