6075.74  6075.74  6075.74  6075.74  6075.74  6075.74  6075.74  6075.74  6075.74  6075.74  6075.74  6075.74  6075.74  6075.74  6075.74  6075.74  
6207.43  6207.43  6207.43  6207.43  6207.43  6207.43  6207.43  6207.43  6207.43  6207.43  6207.43  6207.43  6207.43  6207.43  6207.43  6207.43  
6528.28  6528.28  6528.28  6528.28  6528.28  6528.28  6528.28  6528.28  6528.28  6528.28  6528.28  6528.28  6528.28  6528.28  6528.28  6528.28  
6931.09  6931.09  6931.09  6931.09  6931.09  6931.09  6931.09  6931.09  6931.09  6931.09  6931.09  6931.09  6931.09  6931.09  6931.09  6931.09  
7010.57  7010.57  7010.57  7010.57  7010.57  7010.57  7010.57  7010.57  7010.57  7010.57  7010.57  7010.57  7010.57  7010.57  7010.57  7010.57  
6802.78  6802.78  6802.78  6802.78  6802.78  6802.78  6802.78  6802.78  6802.78  6802.78  6802.78  6802.78  6802.78  6802.78  6802.78  6802.78  
5939.3  5939.3  5939.3  5939.3  5939.3  5939.3  5939.3  5939.3  5939.3  5939.3  5939.3  5939.3  5939.3  5939.3  5939.3  5939.3  
5797.08  5797.08  5797.08  5797.08  5797.08  5797.08  5797.08  5797.08  5797.08  5797.08  5797.08  5797.08  5797.08  5797.08  5797.08  5797.08  
5697.08  5697.08  5697.08  5697.08  5697.08  5697.08  5697.08  5697.08  5697.08  5697.08  5697.08  5697.08  5697.08  5697.08  5697.08  5697.08  
6262.85  6262.85  6262.85  6262.85  6262.85  6262.85  6262.85  6262.85  6262.85  6262.85  6262.85  6262.85  6262.85  6262.85  6262.85  6262.85  
6395.52  6395.52  6395.52  6395.52  6395.52  6395.52  6395.52  6395.52  6395.52  6395.52  6395.52  6395.52  6395.52  6395.52  6395.52  6395.52  
7055.32  7055.32  7055.32  7055.32  7055.32  7055.32  7055.32  7055.32  7055.32  7055.32  7055.32  7055.32  7055.32  7055.32  7055.32  7055.32  
6664.18  6664.18  6664.18  6664.18  6664.18  6664.18  6664.18  6664.18  6664.18  6664.18  6664.18  6664.18  6664.18  6664.18  6664.18  6664.18  
7362.59  7362.59  7362.59  7362.59  7362.59  7362.59  7362.59  7362.59  7362.59  7362.59  7362.59  7362.59  7362.59  7362.59  7362.59  7362.59  
7202.59  7202.59  7202.59  7202.59  7202.59  7202.59  7202.59  7202.59  7202.59  7202.59  7202.59  7202.59  7202.59  7202.59  7202.59  7202.59  
5599.05  5599.05  5599.05  5599.05  5599.05  5599.05  5599.05  5599.05  5599.05  5599.05  5599.05  5599.05  5599.05  5599.05  5599.05  5599.05  
7346.29  7346.29  7346.29  7346.29  7346.29  7346.29  7346.29  7346.29  7346.29  7346.29  7346.29  7346.29  7346.29  7346.29  7346.29  7346.29  
7191.75  7191.75  7191.75  7191.75  7191.75  7191.75  7191.75  7191.75  7191.75  7191.75  7191.75  7191.75  7191.75  7191.75  7191.75  7191.75  
5599.05  5599.05  5599.05  5599.05  5599.05  5599.05  5599.05  5599.05  5599.05  5599.05  5599.05  5599.05  5599.05  5599.05  5599.05  5599.05  
5930.29  5930.29  5930.29  5930.29  5930.29  5930.29  5930.29  5930.29  5930.29  5930.29  5930.29  5930.29  5930.29  5930.29  5930.29  5930.29  
