3835.46  3835.46  3835.46  3835.46  3835.46  3835.46  3835.46  3835.46  3835.46  3835.46  3835.46  3835.46  3835.46  3835.46  
3136.86  3136.86  3136.86  3136.86  3136.86  3136.86  3136.86  3136.86  3136.86  3136.86  3136.86  3136.86  3136.86  3136.86  
4117.88  4117.88  4117.88  4117.88  4117.88  4117.88  4117.88  4117.88  4117.88  4117.88  4117.88  4117.88  4117.88  4117.88  
3911.94  3911.94  3911.94  3911.94  3911.94  3911.94  3911.94  3911.94  3911.94  3911.94  3911.94  3911.94  3911.94  3911.94  
4071.42  4071.42  4071.42  4071.42  4071.42  4071.42  4071.42  4071.42  4071.42  4071.42  4071.42  4071.42  4071.42  4071.42  
3552.16  3552.16  3552.16  3552.16  3552.16  3552.16  3552.16  3552.16  3552.16  3552.16  3552.16  3552.16  3552.16  3552.16  
4261.26  4261.26  4261.26  4261.26  4261.26  4261.26  4261.26  4261.26  4261.26  4261.26  4261.26  4261.26  4261.26  4261.26  
4400.49  4400.49  4400.49  4400.49  4400.49  4400.49  4400.49  4400.49  4400.49  4400.49  4400.49  4400.49  4400.49  4400.49  
3166.25  3166.25  3166.25  3166.25  3166.25  3166.25  3166.25  3166.25  3166.25  3166.25  3166.25  3166.25  3166.25  3166.25  
2984.77  2984.77  2984.77  2984.77  2984.77  2984.77  2984.77  2984.77  2984.77  2984.77  2984.77  2984.77  2984.77  2984.77  
3436.48  3436.48  3436.48  3436.48  3436.48  3436.48  3436.48  3436.48  3436.48  3436.48  3436.48  3436.48  3436.48  3436.48  
3596.15  3596.15  3596.15  3596.15  3596.15  3596.15  3596.15  3596.15  3596.15  3596.15  3596.15  3596.15  3596.15  3596.15  
2934.77  2934.77  2934.77  2934.77  2934.77  2934.77  2934.77  2934.77  2934.77  2934.77  2934.77  2934.77  2934.77  2934.77  
3713.44  3713.44  3713.44  3713.44  3713.44  3713.44  3713.44  3713.44  3713.44  3713.44  3713.44  3713.44  3713.44  3713.44  
3298.37  3298.37  3298.37  3298.37  3298.37  3298.37  3298.37  3298.37  3298.37  3298.37  3298.37  3298.37  3298.37  3298.37  
4531.9  4531.9  4531.9  4531.9  4531.9  4531.9  4531.9  4531.9  4531.9  4531.9  4531.9  4531.9  4531.9  4531.9  
4531.77  4531.77  4531.77  4531.77  4531.77  4531.77  4531.77  4531.77  4531.77  4531.77  4531.77  4531.77  4531.77  4531.77  
4266.72  4266.72  4266.72  4266.72  4266.72  4266.72  4266.72  4266.72  4266.72  4266.72  4266.72  4266.72  4266.72  4266.72  
3297.57  3297.57  3297.57  3297.57  3297.57  3297.57  3297.57  3297.57  3297.57  3297.57  3297.57  3297.57  3297.57  3297.57  
3439.51  3439.51  3439.51  3439.51  3439.51  3439.51  3439.51  3439.51  3439.51  3439.51  3439.51  3439.51  3439.51  3439.51  
