4301.04  4301.04  4301.04  4301.04  4301.04  4301.04  4301.04  4301.04  4301.04  4301.04  4301.04  4301.04  4301.04  4301.04  
3698.34  3698.34  3698.34  3698.34  3698.34  3698.34  3698.34  3698.34  3698.34  3698.34  3698.34  3698.34  3698.34  3698.34  
3627.83  3627.83  3627.83  3627.83  3627.83  3627.83  3627.83  3627.83  3627.83  3627.83  3627.83  3627.83  3627.83  3627.83  
3394.45  3394.45  3394.45  3394.45  3394.45  3394.45  3394.45  3394.45  3394.45  3394.45  3394.45  3394.45  3394.45  3394.45  
4016.57  4016.57  4016.57  4016.57  4016.57  4016.57  4016.57  4016.57  4016.57  4016.57  4016.57  4016.57  4016.57  4016.57  
3360.86  3360.86  3360.86  3360.86  3360.86  3360.86  3360.86  3360.86  3360.86  3360.86  3360.86  3360.86  3360.86  3360.86  
4386.05  4386.05  4386.05  4386.05  4386.05  4386.05  4386.05  4386.05  4386.05  4386.05  4386.05  4386.05  4386.05  4386.05  
3537  3537  3537  3537  3537  3537  3537  3537  3537  3537  3537  3537  3537  3537  
3199.71  3199.71  3199.71  3199.71  3199.71  3199.71  3199.71  3199.71  3199.71  3199.71  3199.71  3199.71  3199.71  3199.71  
3777.07  3777.07  3777.07  3777.07  3777.07  3777.07  3777.07  3777.07  3777.07  3777.07  3777.07  3777.07  3777.07  3777.07  
3169.73  3169.73  3169.73  3169.73  3169.73  3169.73  3169.73  3169.73  3169.73  3169.73  3169.73  3169.73  3169.73  3169.73  
3017.11  3017.11  3017.11  3017.11  3017.11  3017.11  3017.11  3017.11  3017.11  3017.11  3017.11  3017.11  3017.11  3017.11  
3916.17  3916.17  3916.17  3916.17  3916.17  3916.17  3916.17  3916.17  3916.17  3916.17  3916.17  3916.17  3916.17  3916.17  
4532.44  4532.44  4532.44  4532.44  4532.44  4532.44  4532.44  4532.44  4532.44  4532.44  4532.44  4532.44  4532.44  4532.44  
2860.92  2860.92  2860.92  2860.92  2860.92  2860.92  2860.92  2860.92  2860.92  2860.92  2860.92  2860.92  2860.92  2860.92  
4166.68  4166.68  4166.68  4166.68  4166.68  4166.68  4166.68  4166.68  4166.68  4166.68  4166.68  4166.68  4166.68  4166.68  
2860.92  2860.92  2860.92  2860.92  2860.92  2860.92  2860.92  2860.92  2860.92  2860.92  2860.92  2860.92  2860.92  2860.92  
4531.17  4531.17  4531.17  4531.17  4531.17  4531.17  4531.17  4531.17  4531.17  4531.17  4531.17  4531.17  4531.17  4531.17  
3006.27  3006.27  3006.27  3006.27  3006.27  3006.27  3006.27  3006.27  3006.27  3006.27  3006.27  3006.27  3006.27  3006.27  
4166.68  4166.68  4166.68  4166.68  4166.68  4166.68  4166.68  4166.68  4166.68  4166.68  4166.68  4166.68  4166.68  4166.68  
