6324.94  6324.94  6324.94  6324.94  6324.94  6324.94  6324.94  6324.94  6324.94  6324.94  6324.94  6324.94  6324.94  6324.94  6324.94  6324.94  
6360.79  6360.79  6360.79  6360.79  6360.79  6360.79  6360.79  6360.79  6360.79  6360.79  6360.79  6360.79  6360.79  6360.79  6360.79  6360.79  
6380.4  6380.4  6380.4  6380.4  6380.4  6380.4  6380.4  6380.4  6380.4  6380.4  6380.4  6380.4  6380.4  6380.4  6380.4  6380.4  
6337.54  6337.54  6337.54  6337.54  6337.54  6337.54  6337.54  6337.54  6337.54  6337.54  6337.54  6337.54  6337.54  6337.54  6337.54  6337.54  
6335.92  6335.92  6335.92  6335.92  6335.92  6335.92  6335.92  6335.92  6335.92  6335.92  6335.92  6335.92  6335.92  6335.92  6335.92  6335.92  
6379.92  6379.92  6379.92  6379.92  6379.92  6379.92  6379.92  6379.92  6379.92  6379.92  6379.92  6379.92  6379.92  6379.92  6379.92  6379.92  
6335.16  6335.16  6335.16  6335.16  6335.16  6335.16  6335.16  6335.16  6335.16  6335.16  6335.16  6335.16  6335.16  6335.16  6335.16  6335.16  
6379.6  6379.6  6379.6  6379.6  6379.6  6379.6  6379.6  6379.6  6379.6  6379.6  6379.6  6379.6  6379.6  6379.6  6379.6  6379.6  
6335.09  6335.09  6335.09  6335.09  6335.09  6335.09  6335.09  6335.09  6335.09  6335.09  6335.09  6335.09  6335.09  6335.09  6335.09  6335.09  
6379.43  6379.43  6379.43  6379.43  6379.43  6379.43  6379.43  6379.43  6379.43  6379.43  6379.43  6379.43  6379.43  6379.43  6379.43  6379.43  
6335  6335  6335  6335  6335  6335  6335  6335  6335  6335  6335  6335  6335  6335  6335  6335  
6379.42  6379.42  6379.42  6379.42  6379.42  6379.42  6379.42  6379.42  6379.42  6379.42  6379.42  6379.42  6379.42  6379.42  6379.42  6379.42  
6377.99  6377.99  6377.99  6377.99  6377.99  6377.99  6377.99  6377.99  6377.99  6377.99  6377.99  6377.99  6377.99  6377.99  6377.99  6377.99  
6334.96  6334.96  6334.96  6334.96  6334.96  6334.96  6334.96  6334.96  6334.96  6334.96  6334.96  6334.96  6334.96  6334.96  6334.96  6334.96  
6377.29  6377.29  6377.29  6377.29  6377.29  6377.29  6377.29  6377.29  6377.29  6377.29  6377.29  6377.29  6377.29  6377.29  6377.29  6377.29  
6334.89  6334.89  6334.89  6334.89  6334.89  6334.89  6334.89  6334.89  6334.89  6334.89  6334.89  6334.89  6334.89  6334.89  6334.89  6334.89  
6377.16  6377.16  6377.16  6377.16  6377.16  6377.16  6377.16  6377.16  6377.16  6377.16  6377.16  6377.16  6377.16  6377.16  6377.16  6377.16  
6334.85  6334.85  6334.85  6334.85  6334.85  6334.85  6334.85  6334.85  6334.85  6334.85  6334.85  6334.85  6334.85  6334.85  6334.85  6334.85  
6377.16  6377.16  6377.16  6377.16  6377.16  6377.16  6377.16  6377.16  6377.16  6377.16  6377.16  6377.16  6377.16  6377.16  6377.16  6377.16  
6334.84  6334.84  6334.84  6334.84  6334.84  6334.84  6334.84  6334.84  6334.84  6334.84  6334.84  6334.84  6334.84  6334.84  6334.84  6334.84  
