6173.45  6173.45  6173.45  6173.45  6173.45  6173.45  6173.45  6173.45  6173.45  6173.45  6173.45  6173.45  6173.45  6173.45  6173.45  6173.45  
5856.75  5856.75  5856.75  5856.75  5856.75  5856.75  5856.75  5856.75  5856.75  5856.75  5856.75  5856.75  5856.75  5856.75  5856.75  5856.75  
6534.18  6534.18  6534.18  6534.18  6534.18  6534.18  6534.18  6534.18  6534.18  6534.18  6534.18  6534.18  6534.18  6534.18  6534.18  6534.18  
6621.76  6621.76  6621.76  6621.76  6621.76  6621.76  6621.76  6621.76  6621.76  6621.76  6621.76  6621.76  6621.76  6621.76  6621.76  6621.76  
6079.6  6079.6  6079.6  6079.6  6079.6  6079.6  6079.6  6079.6  6079.6  6079.6  6079.6  6079.6  6079.6  6079.6  6079.6  6079.6  
5652.28  5652.28  5652.28  5652.28  5652.28  5652.28  5652.28  5652.28  5652.28  5652.28  5652.28  5652.28  5652.28  5652.28  5652.28  5652.28  
7054.65  7054.65  7054.65  7054.65  7054.65  7054.65  7054.65  7054.65  7054.65  7054.65  7054.65  7054.65  7054.65  7054.65  7054.65  7054.65  
6805.9  6805.9  6805.9  6805.9  6805.9  6805.9  6805.9  6805.9  6805.9  6805.9  6805.9  6805.9  6805.9  6805.9  6805.9  6805.9  
6367.48  6367.48  6367.48  6367.48  6367.48  6367.48  6367.48  6367.48  6367.48  6367.48  6367.48  6367.48  6367.48  6367.48  6367.48  6367.48  
5479.15  5479.15  5479.15  5479.15  5479.15  5479.15  5479.15  5479.15  5479.15  5479.15  5479.15  5479.15  5479.15  5479.15  5479.15  5479.15  
5412.25  5412.25  5412.25  5412.25  5412.25  5412.25  5412.25  5412.25  5412.25  5412.25  5412.25  5412.25  5412.25  5412.25  5412.25  5412.25  
7294.48  7294.48  7294.48  7294.48  7294.48  7294.48  7294.48  7294.48  7294.48  7294.48  7294.48  7294.48  7294.48  7294.48  7294.48  7294.48  
7614.7  7614.7  7614.7  7614.7  7614.7  7614.7  7614.7  7614.7  7614.7  7614.7  7614.7  7614.7  7614.7  7614.7  7614.7  7614.7  
5262.39  5262.39  5262.39  5262.39  5262.39  5262.39  5262.39  5262.39  5262.39  5262.39  5262.39  5262.39  5262.39  5262.39  5262.39  5262.39  
7554.09  7554.09  7554.09  7554.09  7554.09  7554.09  7554.09  7554.09  7554.09  7554.09  7554.09  7554.09  7554.09  7554.09  7554.09  7554.09  
7817.14  7817.14  7817.14  7817.14  7817.14  7817.14  7817.14  7817.14  7817.14  7817.14  7817.14  7817.14  7817.14  7817.14  7817.14  7817.14  
7289.37  7289.37  7289.37  7289.37  7289.37  7289.37  7289.37  7289.37  7289.37  7289.37  7289.37  7289.37  7289.37  7289.37  7289.37  7289.37  
7038.54  7038.54  7038.54  7038.54  7038.54  7038.54  7038.54  7038.54  7038.54  7038.54  7038.54  7038.54  7038.54  7038.54  7038.54  7038.54  
7808.76  7808.76  7808.76  7808.76  7808.76  7808.76  7808.76  7808.76  7808.76  7808.76  7808.76  7808.76  7808.76  7808.76  7808.76  7808.76  
5843.84  5843.84  5843.84  5843.84  5843.84  5843.84  5843.84  5843.84  5843.84  5843.84  5843.84  5843.84  5843.84  5843.84  5843.84  5843.84  
