11920.6  11920.6  11920.6  11920.6  11920.6  11920.6  11920.6  11920.6  11920.6  11920.6  11920.6  11920.6  11920.6  11920.6  11920.6  11920.6  11920.6  11920.6  
11534.2  11534.2  11534.2  11534.2  11534.2  11534.2  11534.2  11534.2  11534.2  11534.2  11534.2  11534.2  11534.2  11534.2  11534.2  11534.2  11534.2  11534.2  
12178.2  12178.2  12178.2  12178.2  12178.2  12178.2  12178.2  12178.2  12178.2  12178.2  12178.2  12178.2  12178.2  12178.2  12178.2  12178.2  12178.2  12178.2  
11751.3  11751.3  11751.3  11751.3  11751.3  11751.3  11751.3  11751.3  11751.3  11751.3  11751.3  11751.3  11751.3  11751.3  11751.3  11751.3  11751.3  11751.3  
11786.8  11786.8  11786.8  11786.8  11786.8  11786.8  11786.8  11786.8  11786.8  11786.8  11786.8  11786.8  11786.8  11786.8  11786.8  11786.8  11786.8  11786.8  
11348.6  11348.6  11348.6  11348.6  11348.6  11348.6  11348.6  11348.6  11348.6  11348.6  11348.6  11348.6  11348.6  11348.6  11348.6  11348.6  11348.6  11348.6  
11450.1  11450.1  11450.1  11450.1  11450.1  11450.1  11450.1  11450.1  11450.1  11450.1  11450.1  11450.1  11450.1  11450.1  11450.1  11450.1  11450.1  11450.1  
11255.5  11255.5  11255.5  11255.5  11255.5  11255.5  11255.5  11255.5  11255.5  11255.5  11255.5  11255.5  11255.5  11255.5  11255.5  11255.5  11255.5  11255.5  
11189.1  11189.1  11189.1  11189.1  11189.1  11189.1  11189.1  11189.1  11189.1  11189.1  11189.1  11189.1  11189.1  11189.1  11189.1  11189.1  11189.1  11189.1  
11650.2  11650.2  11650.2  11650.2  11650.2  11650.2  11650.2  11650.2  11650.2  11650.2  11650.2  11650.2  11650.2  11650.2  11650.2  11650.2  11650.2  11650.2  
12067.9  12067.9  12067.9  12067.9  12067.9  12067.9  12067.9  12067.9  12067.9  12067.9  12067.9  12067.9  12067.9  12067.9  12067.9  12067.9  12067.9  12067.9  
12577.2  12577.2  12577.2  12577.2  12577.2  12577.2  12577.2  12577.2  12577.2  12577.2  12577.2  12577.2  12577.2  12577.2  12577.2  12577.2  12577.2  12577.2  
12287.3  12287.3  12287.3  12287.3  12287.3  12287.3  12287.3  12287.3  12287.3  12287.3  12287.3  12287.3  12287.3  12287.3  12287.3  12287.3  12287.3  12287.3  
12410.3  12410.3  12410.3  12410.3  12410.3  12410.3  12410.3  12410.3  12410.3  12410.3  12410.3  12410.3  12410.3  12410.3  12410.3  12410.3  12410.3  12410.3  
11137.3  11137.3  11137.3  11137.3  11137.3  11137.3  11137.3  11137.3  11137.3  11137.3  11137.3  11137.3  11137.3  11137.3  11137.3  11137.3  11137.3  11137.3  
11005.3  11005.3  11005.3  11005.3  11005.3  11005.3  11005.3  11005.3  11005.3  11005.3  11005.3  11005.3  11005.3  11005.3  11005.3  11005.3  11005.3  11005.3  
12565  12565  12565  12565  12565  12565  12565  12565  12565  12565  12565  12565  12565  12565  12565  12565  12565  12565  
11013.5  11013.5  11013.5  11013.5  11013.5  11013.5  11013.5  11013.5  11013.5  11013.5  11013.5  11013.5  11013.5  11013.5  11013.5  11013.5  11013.5  11013.5  
11935.6  11935.6  11935.6  11935.6  11935.6  11935.6  11935.6  11935.6  11935.6  11935.6  11935.6  11935.6  11935.6  11935.6  11935.6  11935.6  11935.6  11935.6  
12397.8  12397.8  12397.8  12397.8  12397.8  12397.8  12397.8  12397.8  12397.8  12397.8  12397.8  12397.8  12397.8  12397.8  12397.8  12397.8  12397.8  12397.8  
