6158.95  6158.95  6158.95  6158.95  6158.95  6158.95  6158.95  6158.95  6158.95  6158.95  6158.95  6158.95  6158.95  6158.95  6158.95  6158.95  
6297.01  6297.01  6297.01  6297.01  6297.01  6297.01  6297.01  6297.01  6297.01  6297.01  6297.01  6297.01  6297.01  6297.01  6297.01  6297.01  
6584.08  6584.08  6584.08  6584.08  6584.08  6584.08  6584.08  6584.08  6584.08  6584.08  6584.08  6584.08  6584.08  6584.08  6584.08  6584.08  
6870.51  6870.51  6870.51  6870.51  6870.51  6870.51  6870.51  6870.51  6870.51  6870.51  6870.51  6870.51  6870.51  6870.51  6870.51  6870.51  
6714.09  6714.09  6714.09  6714.09  6714.09  6714.09  6714.09  6714.09  6714.09  6714.09  6714.09  6714.09  6714.09  6714.09  6714.09  6714.09  
6945.23  6945.23  6945.23  6945.23  6945.23  6945.23  6945.23  6945.23  6945.23  6945.23  6945.23  6945.23  6945.23  6945.23  6945.23  6945.23  
6440.09  6440.09  6440.09  6440.09  6440.09  6440.09  6440.09  6440.09  6440.09  6440.09  6440.09  6440.09  6440.09  6440.09  6440.09  6440.09  
7282.34  7282.34  7282.34  7282.34  7282.34  7282.34  7282.34  7282.34  7282.34  7282.34  7282.34  7282.34  7282.34  7282.34  7282.34  7282.34  
7430.44  7430.44  7430.44  7430.44  7430.44  7430.44  7430.44  7430.44  7430.44  7430.44  7430.44  7430.44  7430.44  7430.44  7430.44  7430.44  
7112.31  7112.31  7112.31  7112.31  7112.31  7112.31  7112.31  7112.31  7112.31  7112.31  7112.31  7112.31  7112.31  7112.31  7112.31  7112.31  
7562.61  7562.61  7562.61  7562.61  7562.61  7562.61  7562.61  7562.61  7562.61  7562.61  7562.61  7562.61  7562.61  7562.61  7562.61  7562.61  
5833.91  5833.91  5833.91  5833.91  5833.91  5833.91  5833.91  5833.91  5833.91  5833.91  5833.91  5833.91  5833.91  5833.91  5833.91  5833.91  
6018.91  6018.91  6018.91  6018.91  6018.91  6018.91  6018.91  6018.91  6018.91  6018.91  6018.91  6018.91  6018.91  6018.91  6018.91  6018.91  
5200.03  5200.03  5200.03  5200.03  5200.03  5200.03  5200.03  5200.03  5200.03  5200.03  5200.03  5200.03  5200.03  5200.03  5200.03  5200.03  
5426.29  5426.29  5426.29  5426.29  5426.29  5426.29  5426.29  5426.29  5426.29  5426.29  5426.29  5426.29  5426.29  5426.29  5426.29  5426.29  
5640.77  5640.77  5640.77  5640.77  5640.77  5640.77  5640.77  5640.77  5640.77  5640.77  5640.77  5640.77  5640.77  5640.77  5640.77  5640.77  
5202.44  5202.44  5202.44  5202.44  5202.44  5202.44  5202.44  5202.44  5202.44  5202.44  5202.44  5202.44  5202.44  5202.44  5202.44  5202.44  
5427.78  5427.78  5427.78  5427.78  5427.78  5427.78  5427.78  5427.78  5427.78  5427.78  5427.78  5427.78  5427.78  5427.78  5427.78  5427.78  
5640.77  5640.77  5640.77  5640.77  5640.77  5640.77  5640.77  5640.77  5640.77  5640.77  5640.77  5640.77  5640.77  5640.77  5640.77  5640.77  
7558.53  7558.53  7558.53  7558.53  7558.53  7558.53  7558.53  7558.53  7558.53  7558.53  7558.53  7558.53  7558.53  7558.53  7558.53  7558.53  
