4012.28  4012.28  4012.28  4012.28  4012.28  4012.28  4012.28  4012.28  4012.28  4012.28  4012.28  4012.28  4012.28  4012.28  
4069.32  4069.32  4069.32  4069.32  4069.32  4069.32  4069.32  4069.32  4069.32  4069.32  4069.32  4069.32  4069.32  4069.32  
3721.71  3721.71  3721.71  3721.71  3721.71  3721.71  3721.71  3721.71  3721.71  3721.71  3721.71  3721.71  3721.71  3721.71  
3790.22  3790.22  3790.22  3790.22  3790.22  3790.22  3790.22  3790.22  3790.22  3790.22  3790.22  3790.22  3790.22  3790.22  
4200.08  4200.08  4200.08  4200.08  4200.08  4200.08  4200.08  4200.08  4200.08  4200.08  4200.08  4200.08  4200.08  4200.08  
4249.72  4249.72  4249.72  4249.72  4249.72  4249.72  4249.72  4249.72  4249.72  4249.72  4249.72  4249.72  4249.72  4249.72  
3912.95  3912.95  3912.95  3912.95  3912.95  3912.95  3912.95  3912.95  3912.95  3912.95  3912.95  3912.95  3912.95  3912.95  
3288.5  3288.5  3288.5  3288.5  3288.5  3288.5  3288.5  3288.5  3288.5  3288.5  3288.5  3288.5  3288.5  3288.5  
4437.43  4437.43  4437.43  4437.43  4437.43  4437.43  4437.43  4437.43  4437.43  4437.43  4437.43  4437.43  4437.43  4437.43  
4547.84  4547.84  4547.84  4547.84  4547.84  4547.84  4547.84  4547.84  4547.84  4547.84  4547.84  4547.84  4547.84  4547.84  
3016.12  3016.12  3016.12  3016.12  3016.12  3016.12  3016.12  3016.12  3016.12  3016.12  3016.12  3016.12  3016.12  3016.12  
3171.18  3171.18  3171.18  3171.18  3171.18  3171.18  3171.18  3171.18  3171.18  3171.18  3171.18  3171.18  3171.18  3171.18  
3059.35  3059.35  3059.35  3059.35  3059.35  3059.35  3059.35  3059.35  3059.35  3059.35  3059.35  3059.35  3059.35  3059.35  
3433.53  3433.53  3433.53  3433.53  3433.53  3433.53  3433.53  3433.53  3433.53  3433.53  3433.53  3433.53  3433.53  3433.53  
3577.89  3577.89  3577.89  3577.89  3577.89  3577.89  3577.89  3577.89  3577.89  3577.89  3577.89  3577.89  3577.89  3577.89  
2856.43  2856.43  2856.43  2856.43  2856.43  2856.43  2856.43  2856.43  2856.43  2856.43  2856.43  2856.43  2856.43  2856.43  
2856.43  2856.43  2856.43  2856.43  2856.43  2856.43  2856.43  2856.43  2856.43  2856.43  2856.43  2856.43  2856.43  2856.43  
4525.29  4525.29  4525.29  4525.29  4525.29  4525.29  4525.29  4525.29  4525.29  4525.29  4525.29  4525.29  4525.29  4525.29  
3421.61  3421.61  3421.61  3421.61  3421.61  3421.61  3421.61  3421.61  3421.61  3421.61  3421.61  3421.61  3421.61  3421.61  
3568.72  3568.72  3568.72  3568.72  3568.72  3568.72  3568.72  3568.72  3568.72  3568.72  3568.72  3568.72  3568.72  3568.72  
