5393.16  5393.16  5393.16  5393.16  5393.16  5393.16  5393.16  5393.16  5393.16  5393.16  5393.16  5393.16  5393.16  5393.16  5393.16  5393.16  5393.16  5393.16  5393.16  5393.16  5393.16  5393.16  5393.16  5393.16  
5421.02  5421.02  5421.02  5421.02  5421.02  5421.02  5421.02  5421.02  5421.02  5421.02  5421.02  5421.02  5421.02  5421.02  5421.02  5421.02  5421.02  5421.02  5421.02  5421.02  5421.02  5421.02  5421.02  5421.02  
5545.16  5545.16  5545.16  5545.16  5545.16  5545.16  5545.16  5545.16  5545.16  5545.16  5545.16  5545.16  5545.16  5545.16  5545.16  5545.16  5545.16  5545.16  5545.16  5545.16  5545.16  5545.16  5545.16  5545.16  
5356.69  5356.69  5356.69  5356.69  5356.69  5356.69  5356.69  5356.69  5356.69  5356.69  5356.69  5356.69  5356.69  5356.69  5356.69  5356.69  5356.69  5356.69  5356.69  5356.69  5356.69  5356.69  5356.69  5356.69  
5581.03  5581.03  5581.03  5581.03  5581.03  5581.03  5581.03  5581.03  5581.03  5581.03  5581.03  5581.03  5581.03  5581.03  5581.03  5581.03  5581.03  5581.03  5581.03  5581.03  5581.03  5581.03  5581.03  5581.03  
5508.27  5508.27  5508.27  5508.27  5508.27  5508.27  5508.27  5508.27  5508.27  5508.27  5508.27  5508.27  5508.27  5508.27  5508.27  5508.27  5508.27  5508.27  5508.27  5508.27  5508.27  5508.27  5508.27  5508.27  
5800.14  5800.14  5800.14  5800.14  5800.14  5800.14  5800.14  5800.14  5800.14  5800.14  5800.14  5800.14  5800.14  5800.14  5800.14  5800.14  5800.14  5800.14  5800.14  5800.14  5800.14  5800.14  5800.14  5800.14  
5756.33  5756.33  5756.33  5756.33  5756.33  5756.33  5756.33  5756.33  5756.33  5756.33  5756.33  5756.33  5756.33  5756.33  5756.33  5756.33  5756.33  5756.33  5756.33  5756.33  5756.33  5756.33  5756.33  5756.33  
5732.48  5732.48  5732.48  5732.48  5732.48  5732.48  5732.48  5732.48  5732.48  5732.48  5732.48  5732.48  5732.48  5732.48  5732.48  5732.48  5732.48  5732.48  5732.48  5732.48  5732.48  5732.48  5732.48  5732.48  
5710.2  5710.2  5710.2  5710.2  5710.2  5710.2  5710.2  5710.2  5710.2  5710.2  5710.2  5710.2  5710.2  5710.2  5710.2  5710.2  5710.2  5710.2  5710.2  5710.2  5710.2  5710.2  5710.2  5710.2  
5817.01  5817.01  5817.01  5817.01  5817.01  5817.01  5817.01  5817.01  5817.01  5817.01  5817.01  5817.01  5817.01  5817.01  5817.01  5817.01  5817.01  5817.01  5817.01  5817.01  5817.01  5817.01  5817.01  5817.01  
5464.31  5464.31  5464.31  5464.31  5464.31  5464.31  5464.31  5464.31  5464.31  5464.31  5464.31  5464.31  5464.31  5464.31  5464.31  5464.31  5464.31  5464.31  5464.31  5464.31  5464.31  5464.31  5464.31  5464.31  
5327.51  5327.51  5327.51  5327.51  5327.51  5327.51  5327.51  5327.51  5327.51  5327.51  5327.51  5327.51  5327.51  5327.51  5327.51  5327.51  5327.51  5327.51  5327.51  5327.51  5327.51  5327.51  5327.51  5327.51  
5667.43  5667.43  5667.43  5667.43  5667.43  5667.43  5667.43  5667.43  5667.43  5667.43  5667.43  5667.43  5667.43  5667.43  5667.43  5667.43  5667.43  5667.43  5667.43  5667.43  5667.43  5667.43  5667.43  5667.43  
5281.74  5281.74  5281.74  5281.74  5281.74  5281.74  5281.74  5281.74  5281.74  5281.74  5281.74  5281.74  5281.74  5281.74  5281.74  5281.74  5281.74  5281.74  5281.74  5281.74  5281.74  5281.74  5281.74  5281.74  
5622.68  5622.68  5622.68  5622.68  5622.68  5622.68  5622.68  5622.68  5622.68  5622.68  5622.68  5622.68  5622.68  5622.68  5622.68  5622.68  5622.68  5622.68  5622.68  5622.68  5622.68  5622.68  5622.68  5622.68  
5281.74  5281.74  5281.74  5281.74  5281.74  5281.74  5281.74  5281.74  5281.74  5281.74  5281.74  5281.74  5281.74  5281.74  5281.74  5281.74  5281.74  5281.74  5281.74  5281.74  5281.74  5281.74  5281.74  5281.74  
5664.03  5664.03  5664.03  5664.03  5664.03  5664.03  5664.03  5664.03  5664.03  5664.03  5664.03  5664.03  5664.03  5664.03  5664.03  5664.03  5664.03  5664.03  5664.03  5664.03  5664.03  5664.03  5664.03  5664.03  
5460.59  5460.59  5460.59  5460.59  5460.59  5460.59  5460.59  5460.59  5460.59  5460.59  5460.59  5460.59  5460.59  5460.59  5460.59  5460.59  5460.59  5460.59  5460.59  5460.59  5460.59  5460.59  5460.59  5460.59  
5622.68  5622.68  5622.68  5622.68  5622.68  5622.68  5622.68  5622.68  5622.68  5622.68  5622.68  5622.68  5622.68  5622.68  5622.68  5622.68  5622.68  5622.68  5622.68  5622.68  5622.68  5622.68  5622.68  5622.68  
