7759.6  7759.6  7759.6  7759.6  7759.6  7759.6  7759.6  7759.6  7759.6  7759.6  7759.6  7759.6  7759.6  7759.6  7759.6  7759.6  
7605.61  7605.61  7605.61  7605.61  7605.61  7605.61  7605.61  7605.61  7605.61  7605.61  7605.61  7605.61  7605.61  7605.61  7605.61  7605.61  
7554.7  7554.7  7554.7  7554.7  7554.7  7554.7  7554.7  7554.7  7554.7  7554.7  7554.7  7554.7  7554.7  7554.7  7554.7  7554.7  
7740.78  7740.78  7740.78  7740.78  7740.78  7740.78  7740.78  7740.78  7740.78  7740.78  7740.78  7740.78  7740.78  7740.78  7740.78  7740.78  
7417.5  7417.5  7417.5  7417.5  7417.5  7417.5  7417.5  7417.5  7417.5  7417.5  7417.5  7417.5  7417.5  7417.5  7417.5  7417.5  
7878.3  7878.3  7878.3  7878.3  7878.3  7878.3  7878.3  7878.3  7878.3  7878.3  7878.3  7878.3  7878.3  7878.3  7878.3  7878.3  
7406.9  7406.9  7406.9  7406.9  7406.9  7406.9  7406.9  7406.9  7406.9  7406.9  7406.9  7406.9  7406.9  7406.9  7406.9  7406.9  
7510.51  7510.51  7510.51  7510.51  7510.51  7510.51  7510.51  7510.51  7510.51  7510.51  7510.51  7510.51  7510.51  7510.51  7510.51  7510.51  
7661.72  7661.72  7661.72  7661.72  7661.72  7661.72  7661.72  7661.72  7661.72  7661.72  7661.72  7661.72  7661.72  7661.72  7661.72  7661.72  
7509.07  7509.07  7509.07  7509.07  7509.07  7509.07  7509.07  7509.07  7509.07  7509.07  7509.07  7509.07  7509.07  7509.07  7509.07  7509.07  
7355.23  7355.23  7355.23  7355.23  7355.23  7355.23  7355.23  7355.23  7355.23  7355.23  7355.23  7355.23  7355.23  7355.23  7355.23  7355.23  
7817.21  7817.21  7817.21  7817.21  7817.21  7817.21  7817.21  7817.21  7817.21  7817.21  7817.21  7817.21  7817.21  7817.21  7817.21  7817.21  
7659.35  7659.35  7659.35  7659.35  7659.35  7659.35  7659.35  7659.35  7659.35  7659.35  7659.35  7659.35  7659.35  7659.35  7659.35  7659.35  
7810.81  7810.81  7810.81  7810.81  7810.81  7810.81  7810.81  7810.81  7810.81  7810.81  7810.81  7810.81  7810.81  7810.81  7810.81  7810.81  
7605.64  7605.64  7605.64  7605.64  7605.64  7605.64  7605.64  7605.64  7605.64  7605.64  7605.64  7605.64  7605.64  7605.64  7605.64  7605.64  
7304.81  7304.81  7304.81  7304.81  7304.81  7304.81  7304.81  7304.81  7304.81  7304.81  7304.81  7304.81  7304.81  7304.81  7304.81  7304.81  
7211.52  7211.52  7211.52  7211.52  7211.52  7211.52  7211.52  7211.52  7211.52  7211.52  7211.52  7211.52  7211.52  7211.52  7211.52  7211.52  
7210.3  7210.3  7210.3  7210.3  7210.3  7210.3  7210.3  7210.3  7210.3  7210.3  7210.3  7210.3  7210.3  7210.3  7210.3  7210.3  
6974.26  6974.26  6974.26  6974.26  6974.26  6974.26  6974.26  6974.26  6974.26  6974.26  6974.26  6974.26  6974.26  6974.26  6974.26  6974.26  
7012.15  7012.15  7012.15  7012.15  7012.15  7012.15  7012.15  7012.15  7012.15  7012.15  7012.15  7012.15  7012.15  7012.15  7012.15  7012.15  
