4032.27  4032.27  4032.27  4032.27  4032.27  4032.27  4032.27  4032.27  4032.27  4032.27  4032.27  4032.27  4032.27  4032.27  
4139.43  4139.43  4139.43  4139.43  4139.43  4139.43  4139.43  4139.43  4139.43  4139.43  4139.43  4139.43  4139.43  4139.43  
3655.36  3655.36  3655.36  3655.36  3655.36  3655.36  3655.36  3655.36  3655.36  3655.36  3655.36  3655.36  3655.36  3655.36  
3706.94  3706.94  3706.94  3706.94  3706.94  3706.94  3706.94  3706.94  3706.94  3706.94  3706.94  3706.94  3706.94  3706.94  
4416.77  4416.77  4416.77  4416.77  4416.77  4416.77  4416.77  4416.77  4416.77  4416.77  4416.77  4416.77  4416.77  4416.77  
4247.13  4247.13  4247.13  4247.13  4247.13  4247.13  4247.13  4247.13  4247.13  4247.13  4247.13  4247.13  4247.13  4247.13  
3345.55  3345.55  3345.55  3345.55  3345.55  3345.55  3345.55  3345.55  3345.55  3345.55  3345.55  3345.55  3345.55  3345.55  
3964.2  3964.2  3964.2  3964.2  3964.2  3964.2  3964.2  3964.2  3964.2  3964.2  3964.2  3964.2  3964.2  3964.2  
3448.78  3448.78  3448.78  3448.78  3448.78  3448.78  3448.78  3448.78  3448.78  3448.78  3448.78  3448.78  3448.78  3448.78  
3500.21  3500.21  3500.21  3500.21  3500.21  3500.21  3500.21  3500.21  3500.21  3500.21  3500.21  3500.21  3500.21  3500.21  
4296.41  4296.41  4296.41  4296.41  4296.41  4296.41  4296.41  4296.41  4296.41  4296.41  4296.41  4296.41  4296.41  4296.41  
3843.44  3843.44  3843.44  3843.44  3843.44  3843.44  3843.44  3843.44  3843.44  3843.44  3843.44  3843.44  3843.44  3843.44  
3058.62  3058.62  3058.62  3058.62  3058.62  3058.62  3058.62  3058.62  3058.62  3058.62  3058.62  3058.62  3058.62  3058.62  
3199.91  3199.91  3199.91  3199.91  3199.91  3199.91  3199.91  3199.91  3199.91  3199.91  3199.91  3199.91  3199.91  3199.91  
2904.3  2904.3  2904.3  2904.3  2904.3  2904.3  2904.3  2904.3  2904.3  2904.3  2904.3  2904.3  2904.3  2904.3  
4522.57  4522.57  4522.57  4522.57  4522.57  4522.57  4522.57  4522.57  4522.57  4522.57  4522.57  4522.57  4522.57  4522.57  
2904.3  2904.3  2904.3  2904.3  2904.3  2904.3  2904.3  2904.3  2904.3  2904.3  2904.3  2904.3  2904.3  2904.3  
4522.57  4522.57  4522.57  4522.57  4522.57  4522.57  4522.57  4522.57  4522.57  4522.57  4522.57  4522.57  4522.57  4522.57  
3086.93  3086.93  3086.93  3086.93  3086.93  3086.93  3086.93  3086.93  3086.93  3086.93  3086.93  3086.93  3086.93  3086.93  
3240.45  3240.45  3240.45  3240.45  3240.45  3240.45  3240.45  3240.45  3240.45  3240.45  3240.45  3240.45  3240.45  3240.45  
