4140.36  4140.36  4140.36  4140.36  4140.36  4140.36  4140.36  4140.36  4140.36  4140.36  4140.36  4140.36  4140.36  4140.36  
3137.34  3137.34  3137.34  3137.34  3137.34  3137.34  3137.34  3137.34  3137.34  3137.34  3137.34  3137.34  3137.34  3137.34  
3219.97  3219.97  3219.97  3219.97  3219.97  3219.97  3219.97  3219.97  3219.97  3219.97  3219.97  3219.97  3219.97  3219.97  
3041.89  3041.89  3041.89  3041.89  3041.89  3041.89  3041.89  3041.89  3041.89  3041.89  3041.89  3041.89  3041.89  3041.89  
3367.64  3367.64  3367.64  3367.64  3367.64  3367.64  3367.64  3367.64  3367.64  3367.64  3367.64  3367.64  3367.64  3367.64  
4037.08  4037.08  4037.08  4037.08  4037.08  4037.08  4037.08  4037.08  4037.08  4037.08  4037.08  4037.08  4037.08  4037.08  
3404.28  3404.28  3404.28  3404.28  3404.28  3404.28  3404.28  3404.28  3404.28  3404.28  3404.28  3404.28  3404.28  3404.28  
3869.28  3869.28  3869.28  3869.28  3869.28  3869.28  3869.28  3869.28  3869.28  3869.28  3869.28  3869.28  3869.28  3869.28  
4234.96  4234.96  4234.96  4234.96  4234.96  4234.96  4234.96  4234.96  4234.96  4234.96  4234.96  4234.96  4234.96  4234.96  
3917.17  3917.17  3917.17  3917.17  3917.17  3917.17  3917.17  3917.17  3917.17  3917.17  3917.17  3917.17  3917.17  3917.17  
4532.28  4532.28  4532.28  4532.28  4532.28  4532.28  4532.28  4532.28  4532.28  4532.28  4532.28  4532.28  4532.28  4532.28  
4381.25  4381.25  4381.25  4381.25  4381.25  4381.25  4381.25  4381.25  4381.25  4381.25  4381.25  4381.25  4381.25  4381.25  
3556.65  3556.65  3556.65  3556.65  3556.65  3556.65  3556.65  3556.65  3556.65  3556.65  3556.65  3556.65  3556.65  3556.65  
3714.79  3714.79  3714.79  3714.79  3714.79  3714.79  3714.79  3714.79  3714.79  3714.79  3714.79  3714.79  3714.79  3714.79  
3531.31  3531.31  3531.31  3531.31  3531.31  3531.31  3531.31  3531.31  3531.31  3531.31  3531.31  3531.31  3531.31  3531.31  
2873.08  2873.08  2873.08  2873.08  2873.08  2873.08  2873.08  2873.08  2873.08  2873.08  2873.08  2873.08  2873.08  2873.08  
2873.08  2873.08  2873.08  2873.08  2873.08  2873.08  2873.08  2873.08  2873.08  2873.08  2873.08  2873.08  2873.08  2873.08  
4523.02  4523.02  4523.02  4523.02  4523.02  4523.02  4523.02  4523.02  4523.02  4523.02  4523.02  4523.02  4523.02  4523.02  
3694.39  3694.39  3694.39  3694.39  3694.39  3694.39  3694.39  3694.39  3694.39  3694.39  3694.39  3694.39  3694.39  3694.39  
4354.45  4354.45  4354.45  4354.45  4354.45  4354.45  4354.45  4354.45  4354.45  4354.45  4354.45  4354.45  4354.45  4354.45  
