11641.2  11641.2  11641.2  11641.2  11641.2  11641.2  11641.2  11641.2  11641.2  11641.2  11641.2  11641.2  11641.2  11641.2  11641.2  11641.2  11641.2  11641.2  
11675.1  11675.1  11675.1  11675.1  11675.1  11675.1  11675.1  11675.1  11675.1  11675.1  11675.1  11675.1  11675.1  11675.1  11675.1  11675.1  11675.1  11675.1  
11798.6  11798.6  11798.6  11798.6  11798.6  11798.6  11798.6  11798.6  11798.6  11798.6  11798.6  11798.6  11798.6  11798.6  11798.6  11798.6  11798.6  11798.6  
12041.4  12041.4  12041.4  12041.4  12041.4  12041.4  12041.4  12041.4  12041.4  12041.4  12041.4  12041.4  12041.4  12041.4  12041.4  12041.4  12041.4  12041.4  
11822.4  11822.4  11822.4  11822.4  11822.4  11822.4  11822.4  11822.4  11822.4  11822.4  11822.4  11822.4  11822.4  11822.4  11822.4  11822.4  11822.4  11822.4  
11926.9  11926.9  11926.9  11926.9  11926.9  11926.9  11926.9  11926.9  11926.9  11926.9  11926.9  11926.9  11926.9  11926.9  11926.9  11926.9  11926.9  11926.9  
11556.8  11556.8  11556.8  11556.8  11556.8  11556.8  11556.8  11556.8  11556.8  11556.8  11556.8  11556.8  11556.8  11556.8  11556.8  11556.8  11556.8  11556.8  
11520.1  11520.1  11520.1  11520.1  11520.1  11520.1  11520.1  11520.1  11520.1  11520.1  11520.1  11520.1  11520.1  11520.1  11520.1  11520.1  11520.1  11520.1  
12011.7  12011.7  12011.7  12011.7  12011.7  12011.7  12011.7  12011.7  12011.7  12011.7  12011.7  12011.7  12011.7  12011.7  12011.7  12011.7  12011.7  12011.7  
12570.9  12570.9  12570.9  12570.9  12570.9  12570.9  12570.9  12570.9  12570.9  12570.9  12570.9  12570.9  12570.9  12570.9  12570.9  12570.9  12570.9  12570.9  
12463.9  12463.9  12463.9  12463.9  12463.9  12463.9  12463.9  12463.9  12463.9  12463.9  12463.9  12463.9  12463.9  12463.9  12463.9  12463.9  12463.9  12463.9  
12150  12150  12150  12150  12150  12150  12150  12150  12150  12150  12150  12150  12150  12150  12150  12150  12150  12150  
12607.1  12607.1  12607.1  12607.1  12607.1  12607.1  12607.1  12607.1  12607.1  12607.1  12607.1  12607.1  12607.1  12607.1  12607.1  12607.1  12607.1  12607.1  
12257.5  12257.5  12257.5  12257.5  12257.5  12257.5  12257.5  12257.5  12257.5  12257.5  12257.5  12257.5  12257.5  12257.5  12257.5  12257.5  12257.5  12257.5  
11392.9  11392.9  11392.9  11392.9  11392.9  11392.9  11392.9  11392.9  11392.9  11392.9  11392.9  11392.9  11392.9  11392.9  11392.9  11392.9  11392.9  11392.9  
12365.3  12365.3  12365.3  12365.3  12365.3  12365.3  12365.3  12365.3  12365.3  12365.3  12365.3  12365.3  12365.3  12365.3  12365.3  12365.3  12365.3  12365.3  
11392.9  11392.9  11392.9  11392.9  11392.9  11392.9  11392.9  11392.9  11392.9  11392.9  11392.9  11392.9  11392.9  11392.9  11392.9  11392.9  11392.9  11392.9  
12144.6  12144.6  12144.6  12144.6  12144.6  12144.6  12144.6  12144.6  12144.6  12144.6  12144.6  12144.6  12144.6  12144.6  12144.6  12144.6  12144.6  12144.6  
12254  12254  12254  12254  12254  12254  12254  12254  12254  12254  12254  12254  12254  12254  12254  12254  12254  12254  
12365.3  12365.3  12365.3  12365.3  12365.3  12365.3  12365.3  12365.3  12365.3  12365.3  12365.3  12365.3  12365.3  12365.3  12365.3  12365.3  12365.3  12365.3  
