6790.38  6790.38  6790.38  6790.38  6790.38  6790.38  6790.38  6790.38  6790.38  6790.38  6790.38  6790.38  6790.38  6790.38  6790.38  6790.38  
7172.83  7172.83  7172.83  7172.83  7172.83  7172.83  7172.83  7172.83  7172.83  7172.83  7172.83  7172.83  7172.83  7172.83  7172.83  7172.83  
7102.5  7102.5  7102.5  7102.5  7102.5  7102.5  7102.5  7102.5  7102.5  7102.5  7102.5  7102.5  7102.5  7102.5  7102.5  7102.5  
6986.86  6986.86  6986.86  6986.86  6986.86  6986.86  6986.86  6986.86  6986.86  6986.86  6986.86  6986.86  6986.86  6986.86  6986.86  6986.86  
6926.31  6926.31  6926.31  6926.31  6926.31  6926.31  6926.31  6926.31  6926.31  6926.31  6926.31  6926.31  6926.31  6926.31  6926.31  6926.31  
7102.12  7102.12  7102.12  7102.12  7102.12  7102.12  7102.12  7102.12  7102.12  7102.12  7102.12  7102.12  7102.12  7102.12  7102.12  7102.12  
7209.19  7209.19  7209.19  7209.19  7209.19  7209.19  7209.19  7209.19  7209.19  7209.19  7209.19  7209.19  7209.19  7209.19  7209.19  7209.19  
7043.62  7043.62  7043.62  7043.62  7043.62  7043.62  7043.62  7043.62  7043.62  7043.62  7043.62  7043.62  7043.62  7043.62  7043.62  7043.62  
6895.8  6895.8  6895.8  6895.8  6895.8  6895.8  6895.8  6895.8  6895.8  6895.8  6895.8  6895.8  6895.8  6895.8  6895.8  6895.8  
6892.89  6892.89  6892.89  6892.89  6892.89  6892.89  6892.89  6892.89  6892.89  6892.89  6892.89  6892.89  6892.89  6892.89  6892.89  6892.89  
7034.92  7034.92  7034.92  7034.92  7034.92  7034.92  7034.92  7034.92  7034.92  7034.92  7034.92  7034.92  7034.92  7034.92  7034.92  7034.92  
7373.45  7373.45  7373.45  7373.45  7373.45  7373.45  7373.45  7373.45  7373.45  7373.45  7373.45  7373.45  7373.45  7373.45  7373.45  7373.45  
7294.54  7294.54  7294.54  7294.54  7294.54  7294.54  7294.54  7294.54  7294.54  7294.54  7294.54  7294.54  7294.54  7294.54  7294.54  7294.54  
7689.01  7689.01  7689.01  7689.01  7689.01  7689.01  7689.01  7689.01  7689.01  7689.01  7689.01  7689.01  7689.01  7689.01  7689.01  7689.01  
7755.69  7755.69  7755.69  7755.69  7755.69  7755.69  7755.69  7755.69  7755.69  7755.69  7755.69  7755.69  7755.69  7755.69  7755.69  7755.69  
7998.89  7998.89  7998.89  7998.89  7998.89  7998.89  7998.89  7998.89  7998.89  7998.89  7998.89  7998.89  7998.89  7998.89  7998.89  7998.89  
8114.06  8114.06  8114.06  8114.06  8114.06  8114.06  8114.06  8114.06  8114.06  8114.06  8114.06  8114.06  8114.06  8114.06  8114.06  8114.06  
7473.69  7473.69  7473.69  7473.69  7473.69  7473.69  7473.69  7473.69  7473.69  7473.69  7473.69  7473.69  7473.69  7473.69  7473.69  7473.69  
8178.89  8178.89  8178.89  8178.89  8178.89  8178.89  8178.89  8178.89  8178.89  8178.89  8178.89  8178.89  8178.89  8178.89  8178.89  8178.89  
7911.48  7911.48  7911.48  7911.48  7911.48  7911.48  7911.48  7911.48  7911.48  7911.48  7911.48  7911.48  7911.48  7911.48  7911.48  7911.48  
