7252.34  7252.34  7252.34  7252.34  7252.34  7252.34  7252.34  7252.34  7252.34  7252.34  7252.34  7252.34  7252.34  7252.34  7252.34  7252.34  
7001.83  7001.83  7001.83  7001.83  7001.83  7001.83  7001.83  7001.83  7001.83  7001.83  7001.83  7001.83  7001.83  7001.83  7001.83  7001.83  
7051.74  7051.74  7051.74  7051.74  7051.74  7051.74  7051.74  7051.74  7051.74  7051.74  7051.74  7051.74  7051.74  7051.74  7051.74  7051.74  
6905.43  6905.43  6905.43  6905.43  6905.43  6905.43  6905.43  6905.43  6905.43  6905.43  6905.43  6905.43  6905.43  6905.43  6905.43  6905.43  
7196.99  7196.99  7196.99  7196.99  7196.99  7196.99  7196.99  7196.99  7196.99  7196.99  7196.99  7196.99  7196.99  7196.99  7196.99  7196.99  
6865  6865  6865  6865  6865  6865  6865  6865  6865  6865  6865  6865  6865  6865  6865  6865  
7182.13  7182.13  7182.13  7182.13  7182.13  7182.13  7182.13  7182.13  7182.13  7182.13  7182.13  7182.13  7182.13  7182.13  7182.13  7182.13  
7087.78  7087.78  7087.78  7087.78  7087.78  7087.78  7087.78  7087.78  7087.78  7087.78  7087.78  7087.78  7087.78  7087.78  7087.78  7087.78  
6966.79  6966.79  6966.79  6966.79  6966.79  6966.79  6966.79  6966.79  6966.79  6966.79  6966.79  6966.79  6966.79  6966.79  6966.79  6966.79  
7102.25  7102.25  7102.25  7102.25  7102.25  7102.25  7102.25  7102.25  7102.25  7102.25  7102.25  7102.25  7102.25  7102.25  7102.25  7102.25  
7153.6  7153.6  7153.6  7153.6  7153.6  7153.6  7153.6  7153.6  7153.6  7153.6  7153.6  7153.6  7153.6  7153.6  7153.6  7153.6  
6939.9  6939.9  6939.9  6939.9  6939.9  6939.9  6939.9  6939.9  6939.9  6939.9  6939.9  6939.9  6939.9  6939.9  6939.9  6939.9  
7051.83  7051.83  7051.83  7051.83  7051.83  7051.83  7051.83  7051.83  7051.83  7051.83  7051.83  7051.83  7051.83  7051.83  7051.83  7051.83  
6849.36  6849.36  6849.36  6849.36  6849.36  6849.36  6849.36  6849.36  6849.36  6849.36  6849.36  6849.36  6849.36  6849.36  6849.36  6849.36  
7002.03  7002.03  7002.03  7002.03  7002.03  7002.03  7002.03  7002.03  7002.03  7002.03  7002.03  7002.03  7002.03  7002.03  7002.03  7002.03  
7252.44  7252.44  7252.44  7252.44  7252.44  7252.44  7252.44  7252.44  7252.44  7252.44  7252.44  7252.44  7252.44  7252.44  7252.44  7252.44  
6761.57  6761.57  6761.57  6761.57  6761.57  6761.57  6761.57  6761.57  6761.57  6761.57  6761.57  6761.57  6761.57  6761.57  6761.57  6761.57  
6746.83  6746.83  6746.83  6746.83  6746.83  6746.83  6746.83  6746.83  6746.83  6746.83  6746.83  6746.83  6746.83  6746.83  6746.83  6746.83  
7316.91  7316.91  7316.91  7316.91  7316.91  7316.91  7316.91  7316.91  7316.91  7316.91  7316.91  7316.91  7316.91  7316.91  7316.91  7316.91  
6823.1  6823.1  6823.1  6823.1  6823.1  6823.1  6823.1  6823.1  6823.1  6823.1  6823.1  6823.1  6823.1  6823.1  6823.1  6823.1  
