12268.8  12268.8  12268.8  12268.8  12268.8  12268.8  12268.8  12268.8  12268.8  12268.8  12268.8  12268.8  12268.8  12268.8  12268.8  12268.8  12268.8  12268.8  
11532.7  11532.7  11532.7  11532.7  11532.7  11532.7  11532.7  11532.7  11532.7  11532.7  11532.7  11532.7  11532.7  11532.7  11532.7  11532.7  11532.7  11532.7  
12681.5  12681.5  12681.5  12681.5  12681.5  12681.5  12681.5  12681.5  12681.5  12681.5  12681.5  12681.5  12681.5  12681.5  12681.5  12681.5  12681.5  12681.5  
12046.2  12046.2  12046.2  12046.2  12046.2  12046.2  12046.2  12046.2  12046.2  12046.2  12046.2  12046.2  12046.2  12046.2  12046.2  12046.2  12046.2  12046.2  
12124  12124  12124  12124  12124  12124  12124  12124  12124  12124  12124  12124  12124  12124  12124  12124  12124  12124  
12739.5  12739.5  12739.5  12739.5  12739.5  12739.5  12739.5  12739.5  12739.5  12739.5  12739.5  12739.5  12739.5  12739.5  12739.5  12739.5  12739.5  12739.5  
12155.2  12155.2  12155.2  12155.2  12155.2  12155.2  12155.2  12155.2  12155.2  12155.2  12155.2  12155.2  12155.2  12155.2  12155.2  12155.2  12155.2  12155.2  
11953  11953  11953  11953  11953  11953  11953  11953  11953  11953  11953  11953  11953  11953  11953  11953  11953  11953  
11971.4  11971.4  11971.4  11971.4  11971.4  11971.4  11971.4  11971.4  11971.4  11971.4  11971.4  11971.4  11971.4  11971.4  11971.4  11971.4  11971.4  11971.4  
11907.9  11907.9  11907.9  11907.9  11907.9  11907.9  11907.9  11907.9  11907.9  11907.9  11907.9  11907.9  11907.9  11907.9  11907.9  11907.9  11907.9  11907.9  
12065.4  12065.4  12065.4  12065.4  12065.4  12065.4  12065.4  12065.4  12065.4  12065.4  12065.4  12065.4  12065.4  12065.4  12065.4  12065.4  12065.4  12065.4  
11933.7  11933.7  11933.7  11933.7  11933.7  11933.7  11933.7  11933.7  11933.7  11933.7  11933.7  11933.7  11933.7  11933.7  11933.7  11933.7  11933.7  11933.7  
12176.5  12176.5  12176.5  12176.5  12176.5  12176.5  12176.5  12176.5  12176.5  12176.5  12176.5  12176.5  12176.5  12176.5  12176.5  12176.5  12176.5  12176.5  
12138.5  12138.5  12138.5  12138.5  12138.5  12138.5  12138.5  12138.5  12138.5  12138.5  12138.5  12138.5  12138.5  12138.5  12138.5  12138.5  12138.5  12138.5  
11875.6  11875.6  11875.6  11875.6  11875.6  11875.6  11875.6  11875.6  11875.6  11875.6  11875.6  11875.6  11875.6  11875.6  11875.6  11875.6  11875.6  11875.6  
11560  11560  11560  11560  11560  11560  11560  11560  11560  11560  11560  11560  11560  11560  11560  11560  11560  11560  
12252.3  12252.3  12252.3  12252.3  12252.3  12252.3  12252.3  12252.3  12252.3  12252.3  12252.3  12252.3  12252.3  12252.3  12252.3  12252.3  12252.3  12252.3  
11485.4  11485.4  11485.4  11485.4  11485.4  11485.4  11485.4  11485.4  11485.4  11485.4  11485.4  11485.4  11485.4  11485.4  11485.4  11485.4  11485.4  11485.4  
11573.7  11573.7  11573.7  11573.7  11573.7  11573.7  11573.7  11573.7  11573.7  11573.7  11573.7  11573.7  11573.7  11573.7  11573.7  11573.7  11573.7  11573.7  
11412.8  11412.8  11412.8  11412.8  11412.8  11412.8  11412.8  11412.8  11412.8  11412.8  11412.8  11412.8  11412.8  11412.8  11412.8  11412.8  11412.8  11412.8  
11463.1  11463.1  11463.1  11463.1  11463.1  11463.1  11463.1  11463.1  11463.1  11463.1  11463.1  11463.1  11463.1  11463.1  11463.1  11463.1  11463.1  11463.1  
11989.6  11989.6  11989.6  11989.6  11989.6  11989.6  11989.6  11989.6  11989.6  11989.6  11989.6  11989.6  11989.6  11989.6  11989.6  11989.6  11989.6  11989.6  
11593  11593  11593  11593  11593  11593  11593  11593  11593  11593  11593  11593  11593  11593  11593  11593  11593  11593  
12232.2  12232.2  12232.2  12232.2  12232.2  12232.2  12232.2  12232.2  12232.2  12232.2  12232.2  12232.2  12232.2  12232.2  12232.2  12232.2  12232.2  12232.2  
12669.5  12669.5  12669.5  12669.5  12669.5  12669.5  12669.5  12669.5  12669.5  12669.5  12669.5  12669.5  12669.5  12669.5  12669.5  12669.5  12669.5  12669.5  
11506.8  11506.8  11506.8  11506.8  11506.8  11506.8  11506.8  11506.8  11506.8  11506.8  11506.8  11506.8  11506.8  11506.8  11506.8  11506.8  11506.8  11506.8  
11396.6  11396.6  11396.6  11396.6  11396.6  11396.6  11396.6  11396.6  11396.6  11396.6  11396.6  11396.6  11396.6  11396.6  11396.6  11396.6  11396.6  11396.6  
12525.2  12525.2  12525.2  12525.2  12525.2  12525.2  12525.2  12525.2  12525.2  12525.2  12525.2  12525.2  12525.2  12525.2  12525.2  12525.2  12525.2  12525.2  
12288.4  12288.4  12288.4  12288.4  12288.4  12288.4  12288.4  12288.4  12288.4  12288.4  12288.4  12288.4  12288.4  12288.4  12288.4  12288.4  12288.4  12288.4  
12323.3  12323.3  12323.3  12323.3  12323.3  12323.3  12323.3  12323.3  12323.3  12323.3  12323.3  12323.3  12323.3  12323.3  12323.3  12323.3  12323.3  12323.3  
12545.5  12545.5  12545.5  12545.5  12545.5  12545.5  12545.5  12545.5  12545.5  12545.5  12545.5  12545.5  12545.5  12545.5  12545.5  12545.5  12545.5  12545.5  
11708.9  11708.9  11708.9  11708.9  11708.9  11708.9  11708.9  11708.9  11708.9  11708.9  11708.9  11708.9  11708.9  11708.9  11708.9  11708.9  11708.9  11708.9  
11174.2  11174.2  11174.2  11174.2  11174.2  11174.2  11174.2  11174.2  11174.2  11174.2  11174.2  11174.2  11174.2  11174.2  11174.2  11174.2  11174.2  11174.2  
11232.5  11232.5  11232.5  11232.5  11232.5  11232.5  11232.5  11232.5  11232.5  11232.5  11232.5  11232.5  11232.5  11232.5  11232.5  11232.5  11232.5  11232.5  
12468.9  12468.9  12468.9  12468.9  12468.9  12468.9  12468.9  12468.9  12468.9  12468.9  12468.9  12468.9  12468.9  12468.9  12468.9  12468.9  12468.9  12468.9  
12410.1  12410.1  12410.1  12410.1  12410.1  12410.1  12410.1  12410.1  12410.1  12410.1  12410.1  12410.1  12410.1  12410.1  12410.1  12410.1  12410.1  12410.1  
11314.9  11314.9  11314.9  11314.9  11314.9  11314.9  11314.9  11314.9  11314.9  11314.9  11314.9  11314.9  11314.9  11314.9  11314.9  11314.9  11314.9  11314.9  
11152.5  11152.5  11152.5  11152.5  11152.5  11152.5  11152.5  11152.5  11152.5  11152.5  11152.5  11152.5  11152.5  11152.5  11152.5  11152.5  11152.5  11152.5  
11430.1  11430.1  11430.1  11430.1  11430.1  11430.1  11430.1  11430.1  11430.1  11430.1  11430.1  11430.1  11430.1  11430.1  11430.1  11430.1  11430.1  11430.1  
11793.1  11793.1  11793.1  11793.1  11793.1  11793.1  11793.1  11793.1  11793.1  11793.1  11793.1  11793.1  11793.1  11793.1  11793.1  11793.1  11793.1  11793.1  
11344.2  11344.2  11344.2  11344.2  11344.2  11344.2  11344.2  11344.2  11344.2  11344.2  11344.2  11344.2  11344.2  11344.2  11344.2  11344.2  11344.2  11344.2  
11763.7  11763.7  11763.7  11763.7  11763.7  11763.7  11763.7  11763.7  11763.7  11763.7  11763.7  11763.7  11763.7  11763.7  11763.7  11763.7  11763.7  11763.7  
12579.4  12579.4  12579.4  12579.4  12579.4  12579.4  12579.4  12579.4  12579.4  12579.4  12579.4  12579.4  12579.4  12579.4  12579.4  12579.4  12579.4  12579.4  
12313.6  12313.6  12313.6  12313.6  12313.6  12313.6  12313.6  12313.6  12313.6  12313.6  12313.6  12313.6  12313.6  12313.6  12313.6  12313.6  12313.6  12313.6  
11224.1  11224.1  11224.1  11224.1  11224.1  11224.1  11224.1  11224.1  11224.1  11224.1  11224.1  11224.1  11224.1  11224.1  11224.1  11224.1  11224.1  11224.1  
12492.7  12492.7  12492.7  12492.7  12492.7  12492.7  12492.7  12492.7  12492.7  12492.7  12492.7  12492.7  12492.7  12492.7  12492.7  12492.7  12492.7  12492.7  
11734.6  11734.6  11734.6  11734.6  11734.6  11734.6  11734.6  11734.6  11734.6  11734.6  11734.6  11734.6  11734.6  11734.6  11734.6  11734.6  11734.6  11734.6  
12618  12618  12618  12618  12618  12618  12618  12618  12618  12618  12618  12618  12618  12618  12618  12618  12618  12618  
11832  11832  11832  11832  11832  11832  11832  11832  11832  11832  11832  11832  11832  11832  11832  11832  11832  11832  
11261.1  11261.1  11261.1  11261.1  11261.1  11261.1  11261.1  11261.1  11261.1  11261.1  11261.1  11261.1  11261.1  11261.1  11261.1  11261.1  11261.1  11261.1  
12349.5  12349.5  12349.5  12349.5  12349.5  12349.5  12349.5  12349.5  12349.5  12349.5  12349.5  12349.5  12349.5  12349.5  12349.5  12349.5  12349.5  12349.5  
12567.8  12567.8  12567.8  12567.8  12567.8  12567.8  12567.8  12567.8  12567.8  12567.8  12567.8  12567.8  12567.8  12567.8  12567.8  12567.8  12567.8  12567.8  
11335.2  11335.2  11335.2  11335.2  11335.2  11335.2  11335.2  11335.2  11335.2  11335.2  11335.2  11335.2  11335.2  11335.2  11335.2  11335.2  11335.2  11335.2  
11655.1  11655.1  11655.1  11655.1  11655.1  11655.1  11655.1  11655.1  11655.1  11655.1  11655.1  11655.1  11655.1  11655.1  11655.1  11655.1  11655.1  11655.1  
12373.9  12373.9  12373.9  12373.9  12373.9  12373.9  12373.9  12373.9  12373.9  12373.9  12373.9  12373.9  12373.9  12373.9  12373.9  12373.9  12373.9  12373.9  
11624.6  11624.6  11624.6  11624.6  11624.6  11624.6  11624.6  11624.6  11624.6  11624.6  11624.6  11624.6  11624.6  11624.6  11624.6  11624.6  11624.6  11624.6  
11682  11682  11682  11682  11682  11682  11682  11682  11682  11682  11682  11682  11682  11682  11682  11682  11682  11682  
12096.5  12096.5  12096.5  12096.5  12096.5  12096.5  12096.5  12096.5  12096.5  12096.5  12096.5  12096.5  12096.5  12096.5  12096.5  12096.5  12096.5  12096.5  
12443.7  12443.7  12443.7  12443.7  12443.7  12443.7  12443.7  12443.7  12443.7  12443.7  12443.7  12443.7  12443.7  12443.7  12443.7  12443.7  12443.7  12443.7  
12021.5  12021.5  12021.5  12021.5  12021.5  12021.5  12021.5  12021.5  12021.5  12021.5  12021.5  12021.5  12021.5  12021.5  12021.5  12021.5  12021.5  12021.5  
12208  12208  12208  12208  12208  12208  12208  12208  12208  12208  12208  12208  12208  12208  12208  12208  12208  12208  
11291.4  11291.4  11291.4  11291.4  11291.4  11291.4  11291.4  11291.4  11291.4  11291.4  11291.4  11291.4  11291.4  11291.4  11291.4  11291.4  11291.4  11291.4  
11373.5  11373.5  11373.5  11373.5  11373.5  11373.5  11373.5  11373.5  11373.5  11373.5  11373.5  11373.5  11373.5  11373.5  11373.5  11373.5  11373.5  11373.5  
11199.1  11199.1  11199.1  11199.1  11199.1  11199.1  11199.1  11199.1  11199.1  11199.1  11199.1  11199.1  11199.1  11199.1  11199.1  11199.1  11199.1  11199.1  
11830  11830  11830  11830  11830  11830  11830  11830  11830  11830  11830  11830  11830  11830  11830  11830  11830  11830  
12612.5  12612.5  12612.5  12612.5  12612.5  12612.5  12612.5  12612.5  12612.5  12612.5  12612.5  12612.5  12612.5  12612.5  12612.5  12612.5  12612.5  12612.5  
12405.9  12405.9  12405.9  12405.9  12405.9  12405.9  12405.9  12405.9  12405.9  12405.9  12405.9  12405.9  12405.9  12405.9  12405.9  12405.9  12405.9  12405.9  
11787.6  11787.6  11787.6  11787.6  11787.6  11787.6  11787.6  11787.6  11787.6  11787.6  11787.6  11787.6  11787.6  11787.6  11787.6  11787.6  11787.6  11787.6  
11618.8  11618.8  11618.8  11618.8  11618.8  11618.8  11618.8  11618.8  11618.8  11618.8  11618.8  11618.8  11618.8  11618.8  11618.8  11618.8  11618.8  11618.8  
12096.5  12096.5  12096.5  12096.5  12096.5  12096.5  12096.5  12096.5  12096.5  12096.5  12096.5  12096.5  12096.5  12096.5  12096.5  12096.5  12096.5  12096.5  
12443.7  12443.7  12443.7  12443.7  12443.7  12443.7  12443.7  12443.7  12443.7  12443.7  12443.7  12443.7  12443.7  12443.7  12443.7  12443.7  12443.7  12443.7  
12021.5  12021.5  12021.5  12021.5  12021.5  12021.5  12021.5  12021.5  12021.5  12021.5  12021.5  12021.5  12021.5  12021.5  12021.5  12021.5  12021.5  12021.5  
12208  12208  12208  12208  12208  12208  12208  12208  12208  12208  12208  12208  12208  12208  12208  12208  12208  12208  
12370.9  12370.9  12370.9  12370.9  12370.9  12370.9  12370.9  12370.9  12370.9  12370.9  12370.9  12370.9  12370.9  12370.9  12370.9  12370.9  12370.9  12370.9  
11291.4  11291.4  11291.4  11291.4  11291.4  11291.4  11291.4  11291.4  11291.4  11291.4  11291.4  11291.4  11291.4  11291.4  11291.4  11291.4  11291.4  11291.4  
11254.9  11254.9  11254.9  11254.9  11254.9  11254.9  11254.9  11254.9  11254.9  11254.9  11254.9  11254.9  11254.9  11254.9  11254.9  11254.9  11254.9  11254.9  
11757  11757  11757  11757  11757  11757  11757  11757  11757  11757  11757  11757  11757  11757  11757  11757  11757  11757  
11373.5  11373.5  11373.5  11373.5  11373.5  11373.5  11373.5  11373.5  11373.5  11373.5  11373.5  11373.5  11373.5  11373.5  11373.5  11373.5  11373.5  11373.5  
12485.5  12485.5  12485.5  12485.5  12485.5  12485.5  12485.5  12485.5  12485.5  12485.5  12485.5  12485.5  12485.5  12485.5  12485.5  12485.5  12485.5  12485.5  
11199.1  11199.1  11199.1  11199.1  11199.1  11199.1  11199.1  11199.1  11199.1  11199.1  11199.1  11199.1  11199.1  11199.1  11199.1  11199.1  11199.1  11199.1  
