4177.98  4177.98  4177.98  4177.98  4177.98  4177.98  4177.98  4177.98  4177.98  4177.98  4177.98  4177.98  4177.98  4177.98  
3393.72  3393.72  3393.72  3393.72  3393.72  3393.72  3393.72  3393.72  3393.72  3393.72  3393.72  3393.72  3393.72  3393.72  
3855.21  3855.21  3855.21  3855.21  3855.21  3855.21  3855.21  3855.21  3855.21  3855.21  3855.21  3855.21  3855.21  3855.21  
3672.63  3672.63  3672.63  3672.63  3672.63  3672.63  3672.63  3672.63  3672.63  3672.63  3672.63  3672.63  3672.63  3672.63  
4494.55  4494.55  4494.55  4494.55  4494.55  4494.55  4494.55  4494.55  4494.55  4494.55  4494.55  4494.55  4494.55  4494.55  
3129.87  3129.87  3129.87  3129.87  3129.87  3129.87  3129.87  3129.87  3129.87  3129.87  3129.87  3129.87  3129.87  3129.87  
4513.88  4513.88  4513.88  4513.88  4513.88  4513.88  4513.88  4513.88  4513.88  4513.88  4513.88  4513.88  4513.88  4513.88  
4024.19  4024.19  4024.19  4024.19  4024.19  4024.19  4024.19  4024.19  4024.19  4024.19  4024.19  4024.19  4024.19  4024.19  
4438.72  4438.72  4438.72  4438.72  4438.72  4438.72  4438.72  4438.72  4438.72  4438.72  4438.72  4438.72  4438.72  4438.72  
4555.28  4555.28  4555.28  4555.28  4555.28  4555.28  4555.28  4555.28  4555.28  4555.28  4555.28  4555.28  4555.28  4555.28  
3528.86  3528.86  3528.86  3528.86  3528.86  3528.86  3528.86  3528.86  3528.86  3528.86  3528.86  3528.86  3528.86  3528.86  
3742.78  3742.78  3742.78  3742.78  3742.78  3742.78  3742.78  3742.78  3742.78  3742.78  3742.78  3742.78  3742.78  3742.78  
3963.65  3963.65  3963.65  3963.65  3963.65  3963.65  3963.65  3963.65  3963.65  3963.65  3963.65  3963.65  3963.65  3963.65  
3058.18  3058.18  3058.18  3058.18  3058.18  3058.18  3058.18  3058.18  3058.18  3058.18  3058.18  3058.18  3058.18  3058.18  
3613.27  3613.27  3613.27  3613.27  3613.27  3613.27  3613.27  3613.27  3613.27  3613.27  3613.27  3613.27  3613.27  3613.27  
3201.24  3201.24  3201.24  3201.24  3201.24  3201.24  3201.24  3201.24  3201.24  3201.24  3201.24  3201.24  3201.24  3201.24  
4538.77  4538.77  4538.77  4538.77  4538.77  4538.77  4538.77  4538.77  4538.77  4538.77  4538.77  4538.77  4538.77  4538.77  
3888.17  3888.17  3888.17  3888.17  3888.17  3888.17  3888.17  3888.17  3888.17  3888.17  3888.17  3888.17  3888.17  3888.17  
3361.71  3361.71  3361.71  3361.71  3361.71  3361.71  3361.71  3361.71  3361.71  3361.71  3361.71  3361.71  3361.71  3361.71  
4151.9  4151.9  4151.9  4151.9  4151.9  4151.9  4151.9  4151.9  4151.9  4151.9  4151.9  4151.9  4151.9  4151.9  
4067.22  4067.22  4067.22  4067.22  4067.22  4067.22  4067.22  4067.22  4067.22  4067.22  4067.22  4067.22  4067.22  4067.22  
4343.85  4343.85  4343.85  4343.85  4343.85  4343.85  4343.85  4343.85  4343.85  4343.85  4343.85  4343.85  4343.85  4343.85  
3152.6  3152.6  3152.6  3152.6  3152.6  3152.6  3152.6  3152.6  3152.6  3152.6  3152.6  3152.6  3152.6  3152.6  
4423.35  4423.35  4423.35  4423.35  4423.35  4423.35  4423.35  4423.35  4423.35  4423.35  4423.35  4423.35  4423.35  4423.35  
3263.69  3263.69  3263.69  3263.69  3263.69  3263.69  3263.69  3263.69  3263.69  3263.69  3263.69  3263.69  3263.69  3263.69  
3832.67  3832.67  3832.67  3832.67  3832.67  3832.67  3832.67  3832.67  3832.67  3832.67  3832.67  3832.67  3832.67  3832.67  
4100.66  4100.66  4100.66  4100.66  4100.66  4100.66  4100.66  4100.66  4100.66  4100.66  4100.66  4100.66  4100.66  4100.66  
3431.67  3431.67  3431.67  3431.67  3431.67  3431.67  3431.67  3431.67  3431.67  3431.67  3431.67  3431.67  3431.67  3431.67  
4206.54  4206.54  4206.54  4206.54  4206.54  4206.54  4206.54  4206.54  4206.54  4206.54  4206.54  4206.54  4206.54  4206.54  
3811.37  3811.37  3811.37  3811.37  3811.37  3811.37  3811.37  3811.37  3811.37  3811.37  3811.37  3811.37  3811.37  3811.37  
3029.43  3029.43  3029.43  3029.43  3029.43  3029.43  3029.43  3029.43  3029.43  3029.43  3029.43  3029.43  3029.43  3029.43  
3336.93  3336.93  3336.93  3336.93  3336.93  3336.93  3336.93  3336.93  3336.93  3336.93  3336.93  3336.93  3336.93  3336.93  
2926.34  2926.34  2926.34  2926.34  2926.34  2926.34  2926.34  2926.34  2926.34  2926.34  2926.34  2926.34  2926.34  2926.34  
4464.91  4464.91  4464.91  4464.91  4464.91  4464.91  4464.91  4464.91  4464.91  4464.91  4464.91  4464.91  4464.91  4464.91  
4124.1  4124.1  4124.1  4124.1  4124.1  4124.1  4124.1  4124.1  4124.1  4124.1  4124.1  4124.1  4124.1  4124.1  
3702.6  3702.6  3702.6  3702.6  3702.6  3702.6  3702.6  3702.6  3702.6  3702.6  3702.6  3702.6  3702.6  3702.6  
3243.34  3243.34  3243.34  3243.34  3243.34  3243.34  3243.34  3243.34  3243.34  3243.34  3243.34  3243.34  3243.34  3243.34  
3639.02  3639.02  3639.02  3639.02  3639.02  3639.02  3639.02  3639.02  3639.02  3639.02  3639.02  3639.02  3639.02  3639.02  
3549.11  3549.11  3549.11  3549.11  3549.11  3549.11  3549.11  3549.11  3549.11  3549.11  3549.11  3549.11  3549.11  3549.11  
3584.29  3584.29  3584.29  3584.29  3584.29  3584.29  3584.29  3584.29  3584.29  3584.29  3584.29  3584.29  3584.29  3584.29  
2953.43  2953.43  2953.43  2953.43  2953.43  2953.43  2953.43  2953.43  2953.43  2953.43  2953.43  2953.43  2953.43  2953.43  
3993.84  3993.84  3993.84  3993.84  3993.84  3993.84  3993.84  3993.84  3993.84  3993.84  3993.84  3993.84  3993.84  3993.84  
3470.25  3470.25  3470.25  3470.25  3470.25  3470.25  3470.25  3470.25  3470.25  3470.25  3470.25  3470.25  3470.25  3470.25  
4244.99  4244.99  4244.99  4244.99  4244.99  4244.99  4244.99  4244.99  4244.99  4244.99  4244.99  4244.99  4244.99  4244.99  
4288.26  4288.26  4288.26  4288.26  4288.26  4288.26  4288.26  4288.26  4288.26  4288.26  4288.26  4288.26  4288.26  4288.26  
3567.65  3567.65  3567.65  3567.65  3567.65  3567.65  3567.65  3567.65  3567.65  3567.65  3567.65  3567.65  3567.65  3567.65  
4278.49  4278.49  4278.49  4278.49  4278.49  4278.49  4278.49  4278.49  4278.49  4278.49  4278.49  4278.49  4278.49  4278.49  
3455.51  3455.51  3455.51  3455.51  3455.51  3455.51  3455.51  3455.51  3455.51  3455.51  3455.51  3455.51  3455.51  3455.51  
4229.86  4229.86  4229.86  4229.86  4229.86  4229.86  4229.86  4229.86  4229.86  4229.86  4229.86  4229.86  4229.86  4229.86  
3502.07  3502.07  3502.07  3502.07  3502.07  3502.07  3502.07  3502.07  3502.07  3502.07  3502.07  3502.07  3502.07  3502.07  
4084.77  4084.77  4084.77  4084.77  4084.77  4084.77  4084.77  4084.77  4084.77  4084.77  4084.77  4084.77  4084.77  4084.77  
3223.47  3223.47  3223.47  3223.47  3223.47  3223.47  3223.47  3223.47  3223.47  3223.47  3223.47  3223.47  3223.47  3223.47  
3006.92  3006.92  3006.92  3006.92  3006.92  3006.92  3006.92  3006.92  3006.92  3006.92  3006.92  3006.92  3006.92  3006.92  
2978.55  2978.55  2978.55  2978.55  2978.55  2978.55  2978.55  2978.55  2978.55  2978.55  2978.55  2978.55  2978.55  2978.55  
4388.2  4388.2  4388.2  4388.2  4388.2  4388.2  4388.2  4388.2  4388.2  4388.2  4388.2  4388.2  4388.2  4388.2  
3733.81  3733.81  3733.81  3733.81  3733.81  3733.81  3733.81  3733.81  3733.81  3733.81  3733.81  3733.81  3733.81  3733.81  
4377.04  4377.04  4377.04  4377.04  4377.04  4377.04  4377.04  4377.04  4377.04  4377.04  4377.04  4377.04  4377.04  4377.04  
2894.07  2894.07  2894.07  2894.07  2894.07  2894.07  2894.07  2894.07  2894.07  2894.07  2894.07  2894.07  2894.07  2894.07  
3300.76  3300.76  3300.76  3300.76  3300.76  3300.76  3300.76  3300.76  3300.76  3300.76  3300.76  3300.76  3300.76  3300.76  
3936.39  3936.39  3936.39  3936.39  3936.39  3936.39  3936.39  3936.39  3936.39  3936.39  3936.39  3936.39  3936.39  3936.39  
3096.73  3096.73  3096.73  3096.73  3096.73  3096.73  3096.73  3096.73  3096.73  3096.73  3096.73  3096.73  3096.73  3096.73  
3775.28  3775.28  3775.28  3775.28  3775.28  3775.28  3775.28  3775.28  3775.28  3775.28  3775.28  3775.28  3775.28  3775.28  
4317.62  4317.62  4317.62  4317.62  4317.62  4317.62  4317.62  4317.62  4317.62  4317.62  4317.62  4317.62  4317.62  4317.62  
3176.94  3176.94  3176.94  3176.94  3176.94  3176.94  3176.94  3176.94  3176.94  3176.94  3176.94  3176.94  3176.94  3176.94  
2894.07  2894.07  2894.07  2894.07  2894.07  2894.07  2894.07  2894.07  2894.07  2894.07  2894.07  2894.07  2894.07  2894.07  
3300.76  3300.76  3300.76  3300.76  3300.76  3300.76  3300.76  3300.76  3300.76  3300.76  3300.76  3300.76  3300.76  3300.76  
3936.39  3936.39  3936.39  3936.39  3936.39  3936.39  3936.39  3936.39  3936.39  3936.39  3936.39  3936.39  3936.39  3936.39  
3096.73  3096.73  3096.73  3096.73  3096.73  3096.73  3096.73  3096.73  3096.73  3096.73  3096.73  3096.73  3096.73  3096.73  
3775.28  3775.28  3775.28  3775.28  3775.28  3775.28  3775.28  3775.28  3775.28  3775.28  3775.28  3775.28  3775.28  3775.28  
3991  3991  3991  3991  3991  3991  3991  3991  3991  3991  3991  3991  3991  3991  
3338.24  3338.24  3338.24  3338.24  3338.24  3338.24  3338.24  3338.24  3338.24  3338.24  3338.24  3338.24  3338.24  3338.24  
3658.08  3658.08  3658.08  3658.08  3658.08  3658.08  3658.08  3658.08  3658.08  3658.08  3658.08  3658.08  3658.08  3658.08  
3433.25  3433.25  3433.25  3433.25  3433.25  3433.25  3433.25  3433.25  3433.25  3433.25  3433.25  3433.25  3433.25  3433.25  
4317.62  4317.62  4317.62  4317.62  4317.62  4317.62  4317.62  4317.62  4317.62  4317.62  4317.62  4317.62  4317.62  4317.62  
3867.5  3867.5  3867.5  3867.5  3867.5  3867.5  3867.5  3867.5  3867.5  3867.5  3867.5  3867.5  3867.5  3867.5  
3374.93  3374.93  3374.93  3374.93  3374.93  3374.93  3374.93  3374.93  3374.93  3374.93  3374.93  3374.93  3374.93  3374.93  
2974.57  2974.57  2974.57  2974.57  2974.57  2974.57  2974.57  2974.57  2974.57  2974.57  2974.57  2974.57  2974.57  2974.57  
4159.48  4159.48  4159.48  4159.48  4159.48  4159.48  4159.48  4159.48  4159.48  4159.48  4159.48  4159.48  4159.48  4159.48  
4195.97  4195.97  4195.97  4195.97  4195.97  4195.97  4195.97  4195.97  4195.97  4195.97  4195.97  4195.97  4195.97  4195.97  
3176.94  3176.94  3176.94  3176.94  3176.94  3176.94  3176.94  3176.94  3176.94  3176.94  3176.94  3176.94  3176.94  3176.94  
