6573.07  6573.07  6573.07  6573.07  6573.07  6573.07  6573.07  6573.07  6573.07  6573.07  6573.07  6573.07  6573.07  6573.07  6573.07  6573.07  
6669.77  6669.77  6669.77  6669.77  6669.77  6669.77  6669.77  6669.77  6669.77  6669.77  6669.77  6669.77  6669.77  6669.77  6669.77  6669.77  
6281.05  6281.05  6281.05  6281.05  6281.05  6281.05  6281.05  6281.05  6281.05  6281.05  6281.05  6281.05  6281.05  6281.05  6281.05  6281.05  
6187.08  6187.08  6187.08  6187.08  6187.08  6187.08  6187.08  6187.08  6187.08  6187.08  6187.08  6187.08  6187.08  6187.08  6187.08  6187.08  
6382.76  6382.76  6382.76  6382.76  6382.76  6382.76  6382.76  6382.76  6382.76  6382.76  6382.76  6382.76  6382.76  6382.76  6382.76  6382.76  
6473.82  6473.82  6473.82  6473.82  6473.82  6473.82  6473.82  6473.82  6473.82  6473.82  6473.82  6473.82  6473.82  6473.82  6473.82  6473.82  
7435.45  7435.45  7435.45  7435.45  7435.45  7435.45  7435.45  7435.45  7435.45  7435.45  7435.45  7435.45  7435.45  7435.45  7435.45  7435.45  
6929  6929  6929  6929  6929  6929  6929  6929  6929  6929  6929  6929  6929  6929  6929  6929  
5878.07  5878.07  5878.07  5878.07  5878.07  5878.07  5878.07  5878.07  5878.07  5878.07  5878.07  5878.07  5878.07  5878.07  5878.07  5878.07  
7402.03  7402.03  7402.03  7402.03  7402.03  7402.03  7402.03  7402.03  7402.03  7402.03  7402.03  7402.03  7402.03  7402.03  7402.03  7402.03  
6066.76  6066.76  6066.76  6066.76  6066.76  6066.76  6066.76  6066.76  6066.76  6066.76  6066.76  6066.76  6066.76  6066.76  6066.76  6066.76  
5831.47  5831.47  5831.47  5831.47  5831.47  5831.47  5831.47  5831.47  5831.47  5831.47  5831.47  5831.47  5831.47  5831.47  5831.47  5831.47  
6017.75  6017.75  6017.75  6017.75  6017.75  6017.75  6017.75  6017.75  6017.75  6017.75  6017.75  6017.75  6017.75  6017.75  6017.75  6017.75  
7086.37  7086.37  7086.37  7086.37  7086.37  7086.37  7086.37  7086.37  7086.37  7086.37  7086.37  7086.37  7086.37  7086.37  7086.37  7086.37  
7242.27  7242.27  7242.27  7242.27  7242.27  7242.27  7242.27  7242.27  7242.27  7242.27  7242.27  7242.27  7242.27  7242.27  7242.27  7242.27  
6797.14  6797.14  6797.14  6797.14  6797.14  6797.14  6797.14  6797.14  6797.14  6797.14  6797.14  6797.14  6797.14  6797.14  6797.14  6797.14  
7242.27  7242.27  7242.27  7242.27  7242.27  7242.27  7242.27  7242.27  7242.27  7242.27  7242.27  7242.27  7242.27  7242.27  7242.27  7242.27  
7086.37  7086.37  7086.37  7086.37  7086.37  7086.37  7086.37  7086.37  7086.37  7086.37  7086.37  7086.37  7086.37  7086.37  7086.37  7086.37  
6921.14  6921.14  6921.14  6921.14  6921.14  6921.14  6921.14  6921.14  6921.14  6921.14  6921.14  6921.14  6921.14  6921.14  6921.14  6921.14  
6797.14  6797.14  6797.14  6797.14  6797.14  6797.14  6797.14  6797.14  6797.14  6797.14  6797.14  6797.14  6797.14  6797.14  6797.14  6797.14  
