11959.1  11959.1  11959.1  11959.1  11959.1  11959.1  11959.1  11959.1  11959.1  11959.1  11959.1  11959.1  11959.1  11959.1  11959.1  11959.1  11959.1  11959.1  
12224.1  12224.1  12224.1  12224.1  12224.1  12224.1  12224.1  12224.1  12224.1  12224.1  12224.1  12224.1  12224.1  12224.1  12224.1  12224.1  12224.1  12224.1  
12015.1  12015.1  12015.1  12015.1  12015.1  12015.1  12015.1  12015.1  12015.1  12015.1  12015.1  12015.1  12015.1  12015.1  12015.1  12015.1  12015.1  12015.1  
11413.2  11413.2  11413.2  11413.2  11413.2  11413.2  11413.2  11413.2  11413.2  11413.2  11413.2  11413.2  11413.2  11413.2  11413.2  11413.2  11413.2  11413.2  
12122.9  12122.9  12122.9  12122.9  12122.9  12122.9  12122.9  12122.9  12122.9  12122.9  12122.9  12122.9  12122.9  12122.9  12122.9  12122.9  12122.9  12122.9  
12522.2  12522.2  12522.2  12522.2  12522.2  12522.2  12522.2  12522.2  12522.2  12522.2  12522.2  12522.2  12522.2  12522.2  12522.2  12522.2  12522.2  12522.2  
12300.9  12300.9  12300.9  12300.9  12300.9  12300.9  12300.9  12300.9  12300.9  12300.9  12300.9  12300.9  12300.9  12300.9  12300.9  12300.9  12300.9  12300.9  
12603.8  12603.8  12603.8  12603.8  12603.8  12603.8  12603.8  12603.8  12603.8  12603.8  12603.8  12603.8  12603.8  12603.8  12603.8  12603.8  12603.8  12603.8  
12707.9  12707.9  12707.9  12707.9  12707.9  12707.9  12707.9  12707.9  12707.9  12707.9  12707.9  12707.9  12707.9  12707.9  12707.9  12707.9  12707.9  12707.9  
11313  11313  11313  11313  11313  11313  11313  11313  11313  11313  11313  11313  11313  11313  11313  11313  11313  11313  
12412.7  12412.7  12412.7  12412.7  12412.7  12412.7  12412.7  12412.7  12412.7  12412.7  12412.7  12412.7  12412.7  12412.7  12412.7  12412.7  12412.7  12412.7  
12783.1  12783.1  12783.1  12783.1  12783.1  12783.1  12783.1  12783.1  12783.1  12783.1  12783.1  12783.1  12783.1  12783.1  12783.1  12783.1  12783.1  12783.1  
11270.5  11270.5  11270.5  11270.5  11270.5  11270.5  11270.5  11270.5  11270.5  11270.5  11270.5  11270.5  11270.5  11270.5  11270.5  11270.5  11270.5  11270.5  
11550  11550  11550  11550  11550  11550  11550  11550  11550  11550  11550  11550  11550  11550  11550  11550  11550  11550  
11685.8  11685.8  11685.8  11685.8  11685.8  11685.8  11685.8  11685.8  11685.8  11685.8  11685.8  11685.8  11685.8  11685.8  11685.8  11685.8  11685.8  11685.8  
11828.9  11828.9  11828.9  11828.9  11828.9  11828.9  11828.9  11828.9  11828.9  11828.9  11828.9  11828.9  11828.9  11828.9  11828.9  11828.9  11828.9  11828.9  
11678.7  11678.7  11678.7  11678.7  11678.7  11678.7  11678.7  11678.7  11678.7  11678.7  11678.7  11678.7  11678.7  11678.7  11678.7  11678.7  11678.7  11678.7  
11828.9  11828.9  11828.9  11828.9  11828.9  11828.9  11828.9  11828.9  11828.9  11828.9  11828.9  11828.9  11828.9  11828.9  11828.9  11828.9  11828.9  11828.9  
11537  11537  11537  11537  11537  11537  11537  11537  11537  11537  11537  11537  11537  11537  11537  11537  11537  11537  
12779.1  12779.1  12779.1  12779.1  12779.1  12779.1  12779.1  12779.1  12779.1  12779.1  12779.1  12779.1  12779.1  12779.1  12779.1  12779.1  12779.1  12779.1  
