5262.97  5262.97  5262.97  5262.97  5262.97  5262.97  5262.97  5262.97  5262.97  5262.97  5262.97  5262.97  5262.97  5262.97  5262.97  5262.97  5262.97  5262.97  5262.97  5262.97  5262.97  5262.97  5262.97  5262.97  
5180.53  5180.53  5180.53  5180.53  5180.53  5180.53  5180.53  5180.53  5180.53  5180.53  5180.53  5180.53  5180.53  5180.53  5180.53  5180.53  5180.53  5180.53  5180.53  5180.53  5180.53  5180.53  5180.53  5180.53  
5408.77  5408.77  5408.77  5408.77  5408.77  5408.77  5408.77  5408.77  5408.77  5408.77  5408.77  5408.77  5408.77  5408.77  5408.77  5408.77  5408.77  5408.77  5408.77  5408.77  5408.77  5408.77  5408.77  5408.77  
5462.05  5462.05  5462.05  5462.05  5462.05  5462.05  5462.05  5462.05  5462.05  5462.05  5462.05  5462.05  5462.05  5462.05  5462.05  5462.05  5462.05  5462.05  5462.05  5462.05  5462.05  5462.05  5462.05  5462.05  
5208  5208  5208  5208  5208  5208  5208  5208  5208  5208  5208  5208  5208  5208  5208  5208  5208  5208  5208  5208  5208  5208  5208  5208  
5282.26  5282.26  5282.26  5282.26  5282.26  5282.26  5282.26  5282.26  5282.26  5282.26  5282.26  5282.26  5282.26  5282.26  5282.26  5282.26  5282.26  5282.26  5282.26  5282.26  5282.26  5282.26  5282.26  5282.26  
5231.63  5231.63  5231.63  5231.63  5231.63  5231.63  5231.63  5231.63  5231.63  5231.63  5231.63  5231.63  5231.63  5231.63  5231.63  5231.63  5231.63  5231.63  5231.63  5231.63  5231.63  5231.63  5231.63  5231.63  
5449.7  5449.7  5449.7  5449.7  5449.7  5449.7  5449.7  5449.7  5449.7  5449.7  5449.7  5449.7  5449.7  5449.7  5449.7  5449.7  5449.7  5449.7  5449.7  5449.7  5449.7  5449.7  5449.7  5449.7  
5511.31  5511.31  5511.31  5511.31  5511.31  5511.31  5511.31  5511.31  5511.31  5511.31  5511.31  5511.31  5511.31  5511.31  5511.31  5511.31  5511.31  5511.31  5511.31  5511.31  5511.31  5511.31  5511.31  5511.31  
5141.89  5141.89  5141.89  5141.89  5141.89  5141.89  5141.89  5141.89  5141.89  5141.89  5141.89  5141.89  5141.89  5141.89  5141.89  5141.89  5141.89  5141.89  5141.89  5141.89  5141.89  5141.89  5141.89  5141.89  
5529.45  5529.45  5529.45  5529.45  5529.45  5529.45  5529.45  5529.45  5529.45  5529.45  5529.45  5529.45  5529.45  5529.45  5529.45  5529.45  5529.45  5529.45  5529.45  5529.45  5529.45  5529.45  5529.45  5529.45  
5127.94  5127.94  5127.94  5127.94  5127.94  5127.94  5127.94  5127.94  5127.94  5127.94  5127.94  5127.94  5127.94  5127.94  5127.94  5127.94  5127.94  5127.94  5127.94  5127.94  5127.94  5127.94  5127.94  5127.94  
5490.01  5490.01  5490.01  5490.01  5490.01  5490.01  5490.01  5490.01  5490.01  5490.01  5490.01  5490.01  5490.01  5490.01  5490.01  5490.01  5490.01  5490.01  5490.01  5490.01  5490.01  5490.01  5490.01  5490.01  
5549.32  5549.32  5549.32  5549.32  5549.32  5549.32  5549.32  5549.32  5549.32  5549.32  5549.32  5549.32  5549.32  5549.32  5549.32  5549.32  5549.32  5549.32  5549.32  5549.32  5549.32  5549.32  5549.32  5549.32  
5326.06  5326.06  5326.06  5326.06  5326.06  5326.06  5326.06  5326.06  5326.06  5326.06  5326.06  5326.06  5326.06  5326.06  5326.06  5326.06  5326.06  5326.06  5326.06  5326.06  5326.06  5326.06  5326.06  5326.06  
5366.67  5366.67  5366.67  5366.67  5366.67  5366.67  5366.67  5366.67  5366.67  5366.67  5366.67  5366.67  5366.67  5366.67  5366.67  5366.67  5366.67  5366.67  5366.67  5366.67  5366.67  5366.67  5366.67  5366.67  
5326.06  5326.06  5326.06  5326.06  5326.06  5326.06  5326.06  5326.06  5326.06  5326.06  5326.06  5326.06  5326.06  5326.06  5326.06  5326.06  5326.06  5326.06  5326.06  5326.06  5326.06  5326.06  5326.06  5326.06  
5413.18  5413.18  5413.18  5413.18  5413.18  5413.18  5413.18  5413.18  5413.18  5413.18  5413.18  5413.18  5413.18  5413.18  5413.18  5413.18  5413.18  5413.18  5413.18  5413.18  5413.18  5413.18  5413.18  5413.18  
5366.67  5366.67  5366.67  5366.67  5366.67  5366.67  5366.67  5366.67  5366.67  5366.67  5366.67  5366.67  5366.67  5366.67  5366.67  5366.67  5366.67  5366.67  5366.67  5366.67  5366.67  5366.67  5366.67  5366.67  
5183.41  5183.41  5183.41  5183.41  5183.41  5183.41  5183.41  5183.41  5183.41  5183.41  5183.41  5183.41  5183.41  5183.41  5183.41  5183.41  5183.41  5183.41  5183.41  5183.41  5183.41  5183.41  5183.41  5183.41  
