7158.86  7158.86  7158.86  7158.86  7158.86  7158.86  7158.86  7158.86  7158.86  7158.86  7158.86  7158.86  7158.86  7158.86  7158.86  7158.86  
6902.65  6902.65  6902.65  6902.65  6902.65  6902.65  6902.65  6902.65  6902.65  6902.65  6902.65  6902.65  6902.65  6902.65  6902.65  6902.65  
7257.39  7257.39  7257.39  7257.39  7257.39  7257.39  7257.39  7257.39  7257.39  7257.39  7257.39  7257.39  7257.39  7257.39  7257.39  7257.39  
6232.22  6232.22  6232.22  6232.22  6232.22  6232.22  6232.22  6232.22  6232.22  6232.22  6232.22  6232.22  6232.22  6232.22  6232.22  6232.22  
6696.53  6696.53  6696.53  6696.53  6696.53  6696.53  6696.53  6696.53  6696.53  6696.53  6696.53  6696.53  6696.53  6696.53  6696.53  6696.53  
6564.87  6564.87  6564.87  6564.87  6564.87  6564.87  6564.87  6564.87  6564.87  6564.87  6564.87  6564.87  6564.87  6564.87  6564.87  6564.87  
7208.86  7208.86  7208.86  7208.86  7208.86  7208.86  7208.86  7208.86  7208.86  7208.86  7208.86  7208.86  7208.86  7208.86  7208.86  7208.86  
6591.31  6591.31  6591.31  6591.31  6591.31  6591.31  6591.31  6591.31  6591.31  6591.31  6591.31  6591.31  6591.31  6591.31  6591.31  6591.31  
6500.93  6500.93  6500.93  6500.93  6500.93  6500.93  6500.93  6500.93  6500.93  6500.93  6500.93  6500.93  6500.93  6500.93  6500.93  6500.93  
6201.75  6201.75  6201.75  6201.75  6201.75  6201.75  6201.75  6201.75  6201.75  6201.75  6201.75  6201.75  6201.75  6201.75  6201.75  6201.75  
6404.93  6404.93  6404.93  6404.93  6404.93  6404.93  6404.93  6404.93  6404.93  6404.93  6404.93  6404.93  6404.93  6404.93  6404.93  6404.93  
6370.39  6370.39  6370.39  6370.39  6370.39  6370.39  6370.39  6370.39  6370.39  6370.39  6370.39  6370.39  6370.39  6370.39  6370.39  6370.39  
6949.28  6949.28  6949.28  6949.28  6949.28  6949.28  6949.28  6949.28  6949.28  6949.28  6949.28  6949.28  6949.28  6949.28  6949.28  6949.28  
7042.43  7042.43  7042.43  7042.43  7042.43  7042.43  7042.43  7042.43  7042.43  7042.43  7042.43  7042.43  7042.43  7042.43  7042.43  7042.43  
6921.03  6921.03  6921.03  6921.03  6921.03  6921.03  6921.03  6921.03  6921.03  6921.03  6921.03  6921.03  6921.03  6921.03  6921.03  6921.03  
6641.63  6641.63  6641.63  6641.63  6641.63  6641.63  6641.63  6641.63  6641.63  6641.63  6641.63  6641.63  6641.63  6641.63  6641.63  6641.63  
6313.6  6313.6  6313.6  6313.6  6313.6  6313.6  6313.6  6313.6  6313.6  6313.6  6313.6  6313.6  6313.6  6313.6  6313.6  6313.6  
6451.97  6451.97  6451.97  6451.97  6451.97  6451.97  6451.97  6451.97  6451.97  6451.97  6451.97  6451.97  6451.97  6451.97  6451.97  6451.97  
6884.52  6884.52  6884.52  6884.52  6884.52  6884.52  6884.52  6884.52  6884.52  6884.52  6884.52  6884.52  6884.52  6884.52  6884.52  6884.52  
7272.67  7272.67  7272.67  7272.67  7272.67  7272.67  7272.67  7272.67  7272.67  7272.67  7272.67  7272.67  7272.67  7272.67  7272.67  7272.67  
6793.08  6793.08  6793.08  6793.08  6793.08  6793.08  6793.08  6793.08  6793.08  6793.08  6793.08  6793.08  6793.08  6793.08  6793.08  6793.08  
6822.5  6822.5  6822.5  6822.5  6822.5  6822.5  6822.5  6822.5  6822.5  6822.5  6822.5  6822.5  6822.5  6822.5  6822.5  6822.5  
7067.83  7067.83  7067.83  7067.83  7067.83  7067.83  7067.83  7067.83  7067.83  7067.83  7067.83  7067.83  7067.83  7067.83  7067.83  7067.83  
6177.23  6177.23  6177.23  6177.23  6177.23  6177.23  6177.23  6177.23  6177.23  6177.23  6177.23  6177.23  6177.23  6177.23  6177.23  6177.23  
6273.29  6273.29  6273.29  6273.29  6273.29  6273.29  6273.29  6273.29  6273.29  6273.29  6273.29  6273.29  6273.29  6273.29  6273.29  6273.29  
6773.82  6773.82  6773.82  6773.82  6773.82  6773.82  6773.82  6773.82  6773.82  6773.82  6773.82  6773.82  6773.82  6773.82  6773.82  6773.82  
7148.78  7148.78  7148.78  7148.78  7148.78  7148.78  7148.78  7148.78  7148.78  7148.78  7148.78  7148.78  7148.78  7148.78  7148.78  7148.78  
7019.6  7019.6  7019.6  7019.6  7019.6  7019.6  7019.6  7019.6  7019.6  7019.6  7019.6  7019.6  7019.6  7019.6  7019.6  7019.6  
6806.06  6806.06  6806.06  6806.06  6806.06  6806.06  6806.06  6806.06  6806.06  6806.06  6806.06  6806.06  6806.06  6806.06  6806.06  6806.06  
6728.05  6728.05  6728.05  6728.05  6728.05  6728.05  6728.05  6728.05  6728.05  6728.05  6728.05  6728.05  6728.05  6728.05  6728.05  6728.05  
6751.03  6751.03  6751.03  6751.03  6751.03  6751.03  6751.03  6751.03  6751.03  6751.03  6751.03  6751.03  6751.03  6751.03  6751.03  6751.03  
6668.08  6668.08  6668.08  6668.08  6668.08  6668.08  6668.08  6668.08  6668.08  6668.08  6668.08  6668.08  6668.08  6668.08  6668.08  6668.08  
6331.76  6331.76  6331.76  6331.76  6331.76  6331.76  6331.76  6331.76  6331.76  6331.76  6331.76  6331.76  6331.76  6331.76  6331.76  6331.76  
7233.65  7233.65  7233.65  7233.65  7233.65  7233.65  7233.65  7233.65  7233.65  7233.65  7233.65  7233.65  7233.65  7233.65  7233.65  7233.65  
7191.15  7191.15  7191.15  7191.15  7191.15  7191.15  7191.15  7191.15  7191.15  7191.15  7191.15  7191.15  7191.15  7191.15  7191.15  7191.15  
6714.94  6714.94  6714.94  6714.94  6714.94  6714.94  6714.94  6714.94  6714.94  6714.94  6714.94  6714.94  6714.94  6714.94  6714.94  6714.94  
6851.87  6851.87  6851.87  6851.87  6851.87  6851.87  6851.87  6851.87  6851.87  6851.87  6851.87  6851.87  6851.87  6851.87  6851.87  6851.87  
6428.17  6428.17  6428.17  6428.17  6428.17  6428.17  6428.17  6428.17  6428.17  6428.17  6428.17  6428.17  6428.17  6428.17  6428.17  6428.17  
6538.34  6538.34  6538.34  6538.34  6538.34  6538.34  6538.34  6538.34  6538.34  6538.34  6538.34  6538.34  6538.34  6538.34  6538.34  6538.34  
6138.26  6138.26  6138.26  6138.26  6138.26  6138.26  6138.26  6138.26  6138.26  6138.26  6138.26  6138.26  6138.26  6138.26  6138.26  6138.26  
7118.46  7118.46  7118.46  7118.46  7118.46  7118.46  7118.46  7118.46  7118.46  7118.46  7118.46  7118.46  7118.46  7118.46  7118.46  7118.46  
7063.07  7063.07  7063.07  7063.07  7063.07  7063.07  7063.07  7063.07  7063.07  7063.07  7063.07  7063.07  7063.07  7063.07  7063.07  7063.07  
6208.75  6208.75  6208.75  6208.75  6208.75  6208.75  6208.75  6208.75  6208.75  6208.75  6208.75  6208.75  6208.75  6208.75  6208.75  6208.75  
6570.42  6570.42  6570.42  6570.42  6570.42  6570.42  6570.42  6570.42  6570.42  6570.42  6570.42  6570.42  6570.42  6570.42  6570.42  6570.42  
6095.87  6095.87  6095.87  6095.87  6095.87  6095.87  6095.87  6095.87  6095.87  6095.87  6095.87  6095.87  6095.87  6095.87  6095.87  6095.87  
6482.93  6482.93  6482.93  6482.93  6482.93  6482.93  6482.93  6482.93  6482.93  6482.93  6482.93  6482.93  6482.93  6482.93  6482.93  6482.93  
6423.05  6423.05  6423.05  6423.05  6423.05  6423.05  6423.05  6423.05  6423.05  6423.05  6423.05  6423.05  6423.05  6423.05  6423.05  6423.05  
7224.43  7224.43  7224.43  7224.43  7224.43  7224.43  7224.43  7224.43  7224.43  7224.43  7224.43  7224.43  7224.43  7224.43  7224.43  7224.43  
6746.49  6746.49  6746.49  6746.49  6746.49  6746.49  6746.49  6746.49  6746.49  6746.49  6746.49  6746.49  6746.49  6746.49  6746.49  6746.49  
7167.1  7167.1  7167.1  7167.1  7167.1  7167.1  7167.1  7167.1  7167.1  7167.1  7167.1  7167.1  7167.1  7167.1  7167.1  7167.1  
6287.38  6287.38  6287.38  6287.38  6287.38  6287.38  6287.38  6287.38  6287.38  6287.38  6287.38  6287.38  6287.38  6287.38  6287.38  6287.38  
6708.06  6708.06  6708.06  6708.06  6708.06  6708.06  6708.06  6708.06  6708.06  6708.06  6708.06  6708.06  6708.06  6708.06  6708.06  6708.06  
6931.78  6931.78  6931.78  6931.78  6931.78  6931.78  6931.78  6931.78  6931.78  6931.78  6931.78  6931.78  6931.78  6931.78  6931.78  6931.78  
6090.1  6090.1  6090.1  6090.1  6090.1  6090.1  6090.1  6090.1  6090.1  6090.1  6090.1  6090.1  6090.1  6090.1  6090.1  6090.1  
6999.61  6999.61  6999.61  6999.61  6999.61  6999.61  6999.61  6999.61  6999.61  6999.61  6999.61  6999.61  6999.61  6999.61  6999.61  6999.61  
6660.42  6660.42  6660.42  6660.42  6660.42  6660.42  6660.42  6660.42  6660.42  6660.42  6660.42  6660.42  6660.42  6660.42  6660.42  6660.42  
6616.58  6616.58  6616.58  6616.58  6616.58  6616.58  6616.58  6616.58  6616.58  6616.58  6616.58  6616.58  6616.58  6616.58  6616.58  6616.58  
7102.92  7102.92  7102.92  7102.92  7102.92  7102.92  7102.92  7102.92  7102.92  7102.92  7102.92  7102.92  7102.92  7102.92  7102.92  7102.92  
6247.27  6247.27  6247.27  6247.27  6247.27  6247.27  6247.27  6247.27  6247.27  6247.27  6247.27  6247.27  6247.27  6247.27  6247.27  6247.27  
6521.63  6521.63  6521.63  6521.63  6521.63  6521.63  6521.63  6521.63  6521.63  6521.63  6521.63  6521.63  6521.63  6521.63  6521.63  6521.63  
6164.68  6164.68  6164.68  6164.68  6164.68  6164.68  6164.68  6164.68  6164.68  6164.68  6164.68  6164.68  6164.68  6164.68  6164.68  6164.68  
6130.46  6130.46  6130.46  6130.46  6130.46  6130.46  6130.46  6130.46  6130.46  6130.46  6130.46  6130.46  6130.46  6130.46  6130.46  6130.46  
6381.41  6381.41  6381.41  6381.41  6381.41  6381.41  6381.41  6381.41  6381.41  6381.41  6381.41  6381.41  6381.41  6381.41  6381.41  6381.41  
6467.5  6467.5  6467.5  6467.5  6467.5  6467.5  6467.5  6467.5  6467.5  6467.5  6467.5  6467.5  6467.5  6467.5  6467.5  6467.5  
6851.58  6851.58  6851.58  6851.58  6851.58  6851.58  6851.58  6851.58  6851.58  6851.58  6851.58  6851.58  6851.58  6851.58  6851.58  6851.58  
6999.61  6999.61  6999.61  6999.61  6999.61  6999.61  6999.61  6999.61  6999.61  6999.61  6999.61  6999.61  6999.61  6999.61  6999.61  6999.61  
6331.05  6331.05  6331.05  6331.05  6331.05  6331.05  6331.05  6331.05  6331.05  6331.05  6331.05  6331.05  6331.05  6331.05  6331.05  6331.05  
6616.58  6616.58  6616.58  6616.58  6616.58  6616.58  6616.58  6616.58  6616.58  6616.58  6616.58  6616.58  6616.58  6616.58  6616.58  6616.58  
7102.92  7102.92  7102.92  7102.92  7102.92  7102.92  7102.92  7102.92  7102.92  7102.92  7102.92  7102.92  7102.92  7102.92  7102.92  7102.92  
6247.27  6247.27  6247.27  6247.27  6247.27  6247.27  6247.27  6247.27  6247.27  6247.27  6247.27  6247.27  6247.27  6247.27  6247.27  6247.27  
6287.38  6287.38  6287.38  6287.38  6287.38  6287.38  6287.38  6287.38  6287.38  6287.38  6287.38  6287.38  6287.38  6287.38  6287.38  6287.38  
7257.39  7257.39  7257.39  7257.39  7257.39  7257.39  7257.39  7257.39  7257.39  7257.39  7257.39  7257.39  7257.39  7257.39  7257.39  7257.39  
6521.63  6521.63  6521.63  6521.63  6521.63  6521.63  6521.63  6521.63  6521.63  6521.63  6521.63  6521.63  6521.63  6521.63  6521.63  6521.63  
6164.68  6164.68  6164.68  6164.68  6164.68  6164.68  6164.68  6164.68  6164.68  6164.68  6164.68  6164.68  6164.68  6164.68  6164.68  6164.68  
6896.15  6896.15  6896.15  6896.15  6896.15  6896.15  6896.15  6896.15  6896.15  6896.15  6896.15  6896.15  6896.15  6896.15  6896.15  6896.15  
6130.46  6130.46  6130.46  6130.46  6130.46  6130.46  6130.46  6130.46  6130.46  6130.46  6130.46  6130.46  6130.46  6130.46  6130.46  6130.46  
6381.41  6381.41  6381.41  6381.41  6381.41  6381.41  6381.41  6381.41  6381.41  6381.41  6381.41  6381.41  6381.41  6381.41  6381.41  6381.41  
6467.5  6467.5  6467.5  6467.5  6467.5  6467.5  6467.5  6467.5  6467.5  6467.5  6467.5  6467.5  6467.5  6467.5  6467.5  6467.5  
6090.1  6090.1  6090.1  6090.1  6090.1  6090.1  6090.1  6090.1  6090.1  6090.1  6090.1  6090.1  6090.1  6090.1  6090.1  6090.1  
6798.54  6798.54  6798.54  6798.54  6798.54  6798.54  6798.54  6798.54  6798.54  6798.54  6798.54  6798.54  6798.54  6798.54  6798.54  6798.54  
