7480.56  7480.56  7480.56  7480.56  7480.56  7480.56  7480.56  7480.56  7480.56  7480.56  7480.56  7480.56  7480.56  7480.56  7480.56  7480.56  
6057.49  6057.49  6057.49  6057.49  6057.49  6057.49  6057.49  6057.49  6057.49  6057.49  6057.49  6057.49  6057.49  6057.49  6057.49  6057.49  
7714.8  7714.8  7714.8  7714.8  7714.8  7714.8  7714.8  7714.8  7714.8  7714.8  7714.8  7714.8  7714.8  7714.8  7714.8  7714.8  
7279.1  7279.1  7279.1  7279.1  7279.1  7279.1  7279.1  7279.1  7279.1  7279.1  7279.1  7279.1  7279.1  7279.1  7279.1  7279.1  
7909.85  7909.85  7909.85  7909.85  7909.85  7909.85  7909.85  7909.85  7909.85  7909.85  7909.85  7909.85  7909.85  7909.85  7909.85  7909.85  
8009.68  8009.68  8009.68  8009.68  8009.68  8009.68  8009.68  8009.68  8009.68  8009.68  8009.68  8009.68  8009.68  8009.68  8009.68  8009.68  
6877.62  6877.62  6877.62  6877.62  6877.62  6877.62  6877.62  6877.62  6877.62  6877.62  6877.62  6877.62  6877.62  6877.62  6877.62  6877.62  
7077.04  7077.04  7077.04  7077.04  7077.04  7077.04  7077.04  7077.04  7077.04  7077.04  7077.04  7077.04  7077.04  7077.04  7077.04  7077.04  
6139.52  6139.52  6139.52  6139.52  6139.52  6139.52  6139.52  6139.52  6139.52  6139.52  6139.52  6139.52  6139.52  6139.52  6139.52  6139.52  
9040.61  9040.61  9040.61  9040.61  9040.61  9040.61  9040.61  9040.61  9040.61  9040.61  9040.61  9040.61  9040.61  9040.61  9040.61  9040.61  
8471.78  8471.78  8471.78  8471.78  8471.78  8471.78  8471.78  8471.78  8471.78  8471.78  8471.78  8471.78  8471.78  8471.78  8471.78  8471.78  
8522.29  8522.29  8522.29  8522.29  8522.29  8522.29  8522.29  8522.29  8522.29  8522.29  8522.29  8522.29  8522.29  8522.29  8522.29  8522.29  
8206.97  8206.97  8206.97  8206.97  8206.97  8206.97  8206.97  8206.97  8206.97  8206.97  8206.97  8206.97  8206.97  8206.97  8206.97  8206.97  
8769.23  8769.23  8769.23  8769.23  8769.23  8769.23  8769.23  8769.23  8769.23  8769.23  8769.23  8769.23  8769.23  8769.23  8769.23  8769.23  
6634.17  6634.17  6634.17  6634.17  6634.17  6634.17  6634.17  6634.17  6634.17  6634.17  6634.17  6634.17  6634.17  6634.17  6634.17  6634.17  
6388.92  6388.92  6388.92  6388.92  6388.92  6388.92  6388.92  6388.92  6388.92  6388.92  6388.92  6388.92  6388.92  6388.92  6388.92  6388.92  
9013.89  9013.89  9013.89  9013.89  9013.89  9013.89  9013.89  9013.89  9013.89  9013.89  9013.89  9013.89  9013.89  9013.89  9013.89  9013.89  
6388.92  6388.92  6388.92  6388.92  6388.92  6388.92  6388.92  6388.92  6388.92  6388.92  6388.92  6388.92  6388.92  6388.92  6388.92  6388.92  
8757.77  8757.77  8757.77  8757.77  8757.77  8757.77  8757.77  8757.77  8757.77  8757.77  8757.77  8757.77  8757.77  8757.77  8757.77  8757.77  
6665.65  6665.65  6665.65  6665.65  6665.65  6665.65  6665.65  6665.65  6665.65  6665.65  6665.65  6665.65  6665.65  6665.65  6665.65  6665.65  
