5542.58  5542.58  5542.58  5542.58  5542.58  5542.58  5542.58  5542.58  5542.58  5542.58  5542.58  5542.58  5542.58  5542.58  5542.58  5542.58  
5800.61  5800.61  5800.61  5800.61  5800.61  5800.61  5800.61  5800.61  5800.61  5800.61  5800.61  5800.61  5800.61  5800.61  5800.61  5800.61  
6113.19  6113.19  6113.19  6113.19  6113.19  6113.19  6113.19  6113.19  6113.19  6113.19  6113.19  6113.19  6113.19  6113.19  6113.19  6113.19  
5394.07  5394.07  5394.07  5394.07  5394.07  5394.07  5394.07  5394.07  5394.07  5394.07  5394.07  5394.07  5394.07  5394.07  5394.07  5394.07  
5956.93  5956.93  5956.93  5956.93  5956.93  5956.93  5956.93  5956.93  5956.93  5956.93  5956.93  5956.93  5956.93  5956.93  5956.93  5956.93  
6453.7  6453.7  6453.7  6453.7  6453.7  6453.7  6453.7  6453.7  6453.7  6453.7  6453.7  6453.7  6453.7  6453.7  6453.7  6453.7  
6308.74  6308.74  6308.74  6308.74  6308.74  6308.74  6308.74  6308.74  6308.74  6308.74  6308.74  6308.74  6308.74  6308.74  6308.74  6308.74  
7759.29  7759.29  7759.29  7759.29  7759.29  7759.29  7759.29  7759.29  7759.29  7759.29  7759.29  7759.29  7759.29  7759.29  7759.29  7759.29  
6910.7  6910.7  6910.7  6910.7  6910.7  6910.7  6910.7  6910.7  6910.7  6910.7  6910.7  6910.7  6910.7  6910.7  6910.7  6910.7  
7091.34  7091.34  7091.34  7091.34  7091.34  7091.34  7091.34  7091.34  7091.34  7091.34  7091.34  7091.34  7091.34  7091.34  7091.34  7091.34  
7341.78  7341.78  7341.78  7341.78  7341.78  7341.78  7341.78  7341.78  7341.78  7341.78  7341.78  7341.78  7341.78  7341.78  7341.78  7341.78  
7446.13  7446.13  7446.13  7446.13  7446.13  7446.13  7446.13  7446.13  7446.13  7446.13  7446.13  7446.13  7446.13  7446.13  7446.13  7446.13  
6786.5  6786.5  6786.5  6786.5  6786.5  6786.5  6786.5  6786.5  6786.5  6786.5  6786.5  6786.5  6786.5  6786.5  6786.5  6786.5  
4890.77  4890.77  4890.77  4890.77  4890.77  4890.77  4890.77  4890.77  4890.77  4890.77  4890.77  4890.77  4890.77  4890.77  4890.77  4890.77  
7966.36  7966.36  7966.36  7966.36  7966.36  7966.36  7966.36  7966.36  7966.36  7966.36  7966.36  7966.36  7966.36  7966.36  7966.36  7966.36  
5147.94  5147.94  5147.94  5147.94  5147.94  5147.94  5147.94  5147.94  5147.94  5147.94  5147.94  5147.94  5147.94  5147.94  5147.94  5147.94  
4890.77  4890.77  4890.77  4890.77  4890.77  4890.77  4890.77  4890.77  4890.77  4890.77  4890.77  4890.77  4890.77  4890.77  4890.77  4890.77  
7966.36  7966.36  7966.36  7966.36  7966.36  7966.36  7966.36  7966.36  7966.36  7966.36  7966.36  7966.36  7966.36  7966.36  7966.36  7966.36  
7707.6  7707.6  7707.6  7707.6  7707.6  7707.6  7707.6  7707.6  7707.6  7707.6  7707.6  7707.6  7707.6  7707.6  7707.6  7707.6  
5147.94  5147.94  5147.94  5147.94  5147.94  5147.94  5147.94  5147.94  5147.94  5147.94  5147.94  5147.94  5147.94  5147.94  5147.94  5147.94  
