3421.41  3421.41  3421.41  3421.41  3421.41  3421.41  3421.41  3421.41  3421.41  3421.41  3421.41  3421.41  3421.41  3421.41  
3525.32  3525.32  3525.32  3525.32  3525.32  3525.32  3525.32  3525.32  3525.32  3525.32  3525.32  3525.32  3525.32  3525.32  
3043.44  3043.44  3043.44  3043.44  3043.44  3043.44  3043.44  3043.44  3043.44  3043.44  3043.44  3043.44  3043.44  3043.44  
3087.96  3087.96  3087.96  3087.96  3087.96  3087.96  3087.96  3087.96  3087.96  3087.96  3087.96  3087.96  3087.96  3087.96  
3766.26  3766.26  3766.26  3766.26  3766.26  3766.26  3766.26  3766.26  3766.26  3766.26  3766.26  3766.26  3766.26  3766.26  
3828.08  3828.08  3828.08  3828.08  3828.08  3828.08  3828.08  3828.08  3828.08  3828.08  3828.08  3828.08  3828.08  3828.08  
3274.11  3274.11  3274.11  3274.11  3274.11  3274.11  3274.11  3274.11  3274.11  3274.11  3274.11  3274.11  3274.11  3274.11  
3659.16  3659.16  3659.16  3659.16  3659.16  3659.16  3659.16  3659.16  3659.16  3659.16  3659.16  3659.16  3659.16  3659.16  
4411  4411  4411  4411  4411  4411  4411  4411  4411  4411  4411  4411  4411  4411  
3239.16  3239.16  3239.16  3239.16  3239.16  3239.16  3239.16  3239.16  3239.16  3239.16  3239.16  3239.16  3239.16  3239.16  
4370.34  4370.34  4370.34  4370.34  4370.34  4370.34  4370.34  4370.34  4370.34  4370.34  4370.34  4370.34  4370.34  4370.34  
4108.84  4108.84  4108.84  4108.84  4108.84  4108.84  4108.84  4108.84  4108.84  4108.84  4108.84  4108.84  4108.84  4108.84  
4527.56  4527.56  4527.56  4527.56  4527.56  4527.56  4527.56  4527.56  4527.56  4527.56  4527.56  4527.56  4527.56  4527.56  
3964.58  3964.58  3964.58  3964.58  3964.58  3964.58  3964.58  3964.58  3964.58  3964.58  3964.58  3964.58  3964.58  3964.58  
2902.31  2902.31  2902.31  2902.31  2902.31  2902.31  2902.31  2902.31  2902.31  2902.31  2902.31  2902.31  2902.31  2902.31  
4246.24  4246.24  4246.24  4246.24  4246.24  4246.24  4246.24  4246.24  4246.24  4246.24  4246.24  4246.24  4246.24  4246.24  
2902.31  2902.31  2902.31  2902.31  2902.31  2902.31  2902.31  2902.31  2902.31  2902.31  2902.31  2902.31  2902.31  2902.31  
4100.76  4100.76  4100.76  4100.76  4100.76  4100.76  4100.76  4100.76  4100.76  4100.76  4100.76  4100.76  4100.76  4100.76  
3961.45  3961.45  3961.45  3961.45  3961.45  3961.45  3961.45  3961.45  3961.45  3961.45  3961.45  3961.45  3961.45  3961.45  
4246.24  4246.24  4246.24  4246.24  4246.24  4246.24  4246.24  4246.24  4246.24  4246.24  4246.24  4246.24  4246.24  4246.24  
