11999  11999  11999  11999  11999  11999  11999  11999  11999  11999  11999  11999  11999  11999  11999  11999  11999  11999  
12257.9  12257.9  12257.9  12257.9  12257.9  12257.9  12257.9  12257.9  12257.9  12257.9  12257.9  12257.9  12257.9  12257.9  12257.9  12257.9  12257.9  12257.9  
12458.8  12458.8  12458.8  12458.8  12458.8  12458.8  12458.8  12458.8  12458.8  12458.8  12458.8  12458.8  12458.8  12458.8  12458.8  12458.8  12458.8  12458.8  
12077.9  12077.9  12077.9  12077.9  12077.9  12077.9  12077.9  12077.9  12077.9  12077.9  12077.9  12077.9  12077.9  12077.9  12077.9  12077.9  12077.9  12077.9  
12343.4  12343.4  12343.4  12343.4  12343.4  12343.4  12343.4  12343.4  12343.4  12343.4  12343.4  12343.4  12343.4  12343.4  12343.4  12343.4  12343.4  12343.4  
12176.5  12176.5  12176.5  12176.5  12176.5  12176.5  12176.5  12176.5  12176.5  12176.5  12176.5  12176.5  12176.5  12176.5  12176.5  12176.5  12176.5  12176.5  
12619  12619  12619  12619  12619  12619  12619  12619  12619  12619  12619  12619  12619  12619  12619  12619  12619  12619  
12569.1  12569.1  12569.1  12569.1  12569.1  12569.1  12569.1  12569.1  12569.1  12569.1  12569.1  12569.1  12569.1  12569.1  12569.1  12569.1  12569.1  12569.1  
12829.6  12829.6  12829.6  12829.6  12829.6  12829.6  12829.6  12829.6  12829.6  12829.6  12829.6  12829.6  12829.6  12829.6  12829.6  12829.6  12829.6  12829.6  
12742.8  12742.8  12742.8  12742.8  12742.8  12742.8  12742.8  12742.8  12742.8  12742.8  12742.8  12742.8  12742.8  12742.8  12742.8  12742.8  12742.8  12742.8  
11627.5  11627.5  11627.5  11627.5  11627.5  11627.5  11627.5  11627.5  11627.5  11627.5  11627.5  11627.5  11627.5  11627.5  11627.5  11627.5  11627.5  11627.5  
11661  11661  11661  11661  11661  11661  11661  11661  11661  11661  11661  11661  11661  11661  11661  11661  11661  11661  
11886.1  11886.1  11886.1  11886.1  11886.1  11886.1  11886.1  11886.1  11886.1  11886.1  11886.1  11886.1  11886.1  11886.1  11886.1  11886.1  11886.1  11886.1  
12893.2  12893.2  12893.2  12893.2  12893.2  12893.2  12893.2  12893.2  12893.2  12893.2  12893.2  12893.2  12893.2  12893.2  12893.2  12893.2  12893.2  12893.2  
11769.1  11769.1  11769.1  11769.1  11769.1  11769.1  11769.1  11769.1  11769.1  11769.1  11769.1  11769.1  11769.1  11769.1  11769.1  11769.1  11769.1  11769.1  
11494.8  11494.8  11494.8  11494.8  11494.8  11494.8  11494.8  11494.8  11494.8  11494.8  11494.8  11494.8  11494.8  11494.8  11494.8  11494.8  11494.8  11494.8  
11494.8  11494.8  11494.8  11494.8  11494.8  11494.8  11494.8  11494.8  11494.8  11494.8  11494.8  11494.8  11494.8  11494.8  11494.8  11494.8  11494.8  11494.8  
11878.8  11878.8  11878.8  11878.8  11878.8  11878.8  11878.8  11878.8  11878.8  11878.8  11878.8  11878.8  11878.8  11878.8  11878.8  11878.8  11878.8  11878.8  
12444.2  12444.2  12444.2  12444.2  12444.2  12444.2  12444.2  12444.2  12444.2  12444.2  12444.2  12444.2  12444.2  12444.2  12444.2  12444.2  12444.2  12444.2  
11769  11769  11769  11769  11769  11769  11769  11769  11769  11769  11769  11769  11769  11769  11769  11769  11769  11769  
