11960  11960  11960  11960  11960  11960  11960  11960  11960  11960  11960  11960  11960  11960  11960  11960  11960  11960  
12609.4  12609.4  12609.4  12609.4  12609.4  12609.4  12609.4  12609.4  12609.4  12609.4  12609.4  12609.4  12609.4  12609.4  12609.4  12609.4  12609.4  12609.4  
12423  12423  12423  12423  12423  12423  12423  12423  12423  12423  12423  12423  12423  12423  12423  12423  12423  12423  
12494.3  12494.3  12494.3  12494.3  12494.3  12494.3  12494.3  12494.3  12494.3  12494.3  12494.3  12494.3  12494.3  12494.3  12494.3  12494.3  12494.3  12494.3  
12648.2  12648.2  12648.2  12648.2  12648.2  12648.2  12648.2  12648.2  12648.2  12648.2  12648.2  12648.2  12648.2  12648.2  12648.2  12648.2  12648.2  12648.2  
11592.5  11592.5  11592.5  11592.5  11592.5  11592.5  11592.5  11592.5  11592.5  11592.5  11592.5  11592.5  11592.5  11592.5  11592.5  11592.5  11592.5  11592.5  
11565.2  11565.2  11565.2  11565.2  11565.2  11565.2  11565.2  11565.2  11565.2  11565.2  11565.2  11565.2  11565.2  11565.2  11565.2  11565.2  11565.2  11565.2  
12313.4  12313.4  12313.4  12313.4  12313.4  12313.4  12313.4  12313.4  12313.4  12313.4  12313.4  12313.4  12313.4  12313.4  12313.4  12313.4  12313.4  12313.4  
12083.9  12083.9  12083.9  12083.9  12083.9  12083.9  12083.9  12083.9  12083.9  12083.9  12083.9  12083.9  12083.9  12083.9  12083.9  12083.9  12083.9  12083.9  
12194.2  12194.2  12194.2  12194.2  12194.2  12194.2  12194.2  12194.2  12194.2  12194.2  12194.2  12194.2  12194.2  12194.2  12194.2  12194.2  12194.2  12194.2  
11327.2  11327.2  11327.2  11327.2  11327.2  11327.2  11327.2  11327.2  11327.2  11327.2  11327.2  11327.2  11327.2  11327.2  11327.2  11327.2  11327.2  11327.2  
11721  11721  11721  11721  11721  11721  11721  11721  11721  11721  11721  11721  11721  11721  11721  11721  11721  11721  
11292.4  11292.4  11292.4  11292.4  11292.4  11292.4  11292.4  11292.4  11292.4  11292.4  11292.4  11292.4  11292.4  11292.4  11292.4  11292.4  11292.4  11292.4  
11435.8  11435.8  11435.8  11435.8  11435.8  11435.8  11435.8  11435.8  11435.8  11435.8  11435.8  11435.8  11435.8  11435.8  11435.8  11435.8  11435.8  11435.8  
11188.1  11188.1  11188.1  11188.1  11188.1  11188.1  11188.1  11188.1  11188.1  11188.1  11188.1  11188.1  11188.1  11188.1  11188.1  11188.1  11188.1  11188.1  
11854.7  11854.7  11854.7  11854.7  11854.7  11854.7  11854.7  11854.7  11854.7  11854.7  11854.7  11854.7  11854.7  11854.7  11854.7  11854.7  11854.7  11854.7  
11720.7  11720.7  11720.7  11720.7  11720.7  11720.7  11720.7  11720.7  11720.7  11720.7  11720.7  11720.7  11720.7  11720.7  11720.7  11720.7  11720.7  11720.7  
11188.1  11188.1  11188.1  11188.1  11188.1  11188.1  11188.1  11188.1  11188.1  11188.1  11188.1  11188.1  11188.1  11188.1  11188.1  11188.1  11188.1  11188.1  
11854.7  11854.7  11854.7  11854.7  11854.7  11854.7  11854.7  11854.7  11854.7  11854.7  11854.7  11854.7  11854.7  11854.7  11854.7  11854.7  11854.7  11854.7  
11435.4  11435.4  11435.4  11435.4  11435.4  11435.4  11435.4  11435.4  11435.4  11435.4  11435.4  11435.4  11435.4  11435.4  11435.4  11435.4  11435.4  11435.4  
