11724.9  11724.9  11724.9  11724.9  11724.9  11724.9  11724.9  11724.9  11724.9  11724.9  11724.9  11724.9  11724.9  11724.9  11724.9  11724.9  11724.9  11724.9  
12134.9  12134.9  12134.9  12134.9  12134.9  12134.9  12134.9  12134.9  12134.9  12134.9  12134.9  12134.9  12134.9  12134.9  12134.9  12134.9  12134.9  12134.9  
12060  12060  12060  12060  12060  12060  12060  12060  12060  12060  12060  12060  12060  12060  12060  12060  12060  12060  
12296.2  12296.2  12296.2  12296.2  12296.2  12296.2  12296.2  12296.2  12296.2  12296.2  12296.2  12296.2  12296.2  12296.2  12296.2  12296.2  12296.2  12296.2  
11978.9  11978.9  11978.9  11978.9  11978.9  11978.9  11978.9  11978.9  11978.9  11978.9  11978.9  11978.9  11978.9  11978.9  11978.9  11978.9  11978.9  11978.9  
12346.6  12346.6  12346.6  12346.6  12346.6  12346.6  12346.6  12346.6  12346.6  12346.6  12346.6  12346.6  12346.6  12346.6  12346.6  12346.6  12346.6  12346.6  
12192.4  12192.4  12192.4  12192.4  12192.4  12192.4  12192.4  12192.4  12192.4  12192.4  12192.4  12192.4  12192.4  12192.4  12192.4  12192.4  12192.4  12192.4  
11529.6  11529.6  11529.6  11529.6  11529.6  11529.6  11529.6  11529.6  11529.6  11529.6  11529.6  11529.6  11529.6  11529.6  11529.6  11529.6  11529.6  11529.6  
12378  12378  12378  12378  12378  12378  12378  12378  12378  12378  12378  12378  12378  12378  12378  12378  12378  12378  
11800.5  11800.5  11800.5  11800.5  11800.5  11800.5  11800.5  11800.5  11800.5  11800.5  11800.5  11800.5  11800.5  11800.5  11800.5  11800.5  11800.5  11800.5  
11345.5  11345.5  11345.5  11345.5  11345.5  11345.5  11345.5  11345.5  11345.5  11345.5  11345.5  11345.5  11345.5  11345.5  11345.5  11345.5  11345.5  11345.5  
11432.8  11432.8  11432.8  11432.8  11432.8  11432.8  11432.8  11432.8  11432.8  11432.8  11432.8  11432.8  11432.8  11432.8  11432.8  11432.8  11432.8  11432.8  
11627.1  11627.1  11627.1  11627.1  11627.1  11627.1  11627.1  11627.1  11627.1  11627.1  11627.1  11627.1  11627.1  11627.1  11627.1  11627.1  11627.1  11627.1  
11238.4  11238.4  11238.4  11238.4  11238.4  11238.4  11238.4  11238.4  11238.4  11238.4  11238.4  11238.4  11238.4  11238.4  11238.4  11238.4  11238.4  11238.4  
11262.2  11262.2  11262.2  11262.2  11262.2  11262.2  11262.2  11262.2  11262.2  11262.2  11262.2  11262.2  11262.2  11262.2  11262.2  11262.2  11262.2  11262.2  
11886.1  11886.1  11886.1  11886.1  11886.1  11886.1  11886.1  11886.1  11886.1  11886.1  11886.1  11886.1  11886.1  11886.1  11886.1  11886.1  11886.1  11886.1  
11619.4  11619.4  11619.4  11619.4  11619.4  11619.4  11619.4  11619.4  11619.4  11619.4  11619.4  11619.4  11619.4  11619.4  11619.4  11619.4  11619.4  11619.4  
11514.4  11514.4  11514.4  11514.4  11514.4  11514.4  11514.4  11514.4  11514.4  11514.4  11514.4  11514.4  11514.4  11514.4  11514.4  11514.4  11514.4  11514.4  
11875.1  11875.1  11875.1  11875.1  11875.1  11875.1  11875.1  11875.1  11875.1  11875.1  11875.1  11875.1  11875.1  11875.1  11875.1  11875.1  11875.1  11875.1  
11983.3  11983.3  11983.3  11983.3  11983.3  11983.3  11983.3  11983.3  11983.3  11983.3  11983.3  11983.3  11983.3  11983.3  11983.3  11983.3  11983.3  11983.3  
