12032.5  12032.5  12032.5  12032.5  12032.5  12032.5  12032.5  12032.5  12032.5  12032.5  12032.5  12032.5  12032.5  12032.5  12032.5  12032.5  12032.5  12032.5  
12078.9  12078.9  12078.9  12078.9  12078.9  12078.9  12078.9  12078.9  12078.9  12078.9  12078.9  12078.9  12078.9  12078.9  12078.9  12078.9  12078.9  12078.9  
11669.4  11669.4  11669.4  11669.4  11669.4  11669.4  11669.4  11669.4  11669.4  11669.4  11669.4  11669.4  11669.4  11669.4  11669.4  11669.4  11669.4  11669.4  
12307.9  12307.9  12307.9  12307.9  12307.9  12307.9  12307.9  12307.9  12307.9  12307.9  12307.9  12307.9  12307.9  12307.9  12307.9  12307.9  12307.9  12307.9  
11631.3  11631.3  11631.3  11631.3  11631.3  11631.3  11631.3  11631.3  11631.3  11631.3  11631.3  11631.3  11631.3  11631.3  11631.3  11631.3  11631.3  11631.3  
12346  12346  12346  12346  12346  12346  12346  12346  12346  12346  12346  12346  12346  12346  12346  12346  12346  12346  
11889  11889  11889  11889  11889  11889  11889  11889  11889  11889  11889  11889  11889  11889  11889  11889  11889  11889  
11832  11832  11832  11832  11832  11832  11832  11832  11832  11832  11832  11832  11832  11832  11832  11832  11832  11832  
11492.6  11492.6  11492.6  11492.6  11492.6  11492.6  11492.6  11492.6  11492.6  11492.6  11492.6  11492.6  11492.6  11492.6  11492.6  11492.6  11492.6  11492.6  
11748.4  11748.4  11748.4  11748.4  11748.4  11748.4  11748.4  11748.4  11748.4  11748.4  11748.4  11748.4  11748.4  11748.4  11748.4  11748.4  11748.4  11748.4  
11563.5  11563.5  11563.5  11563.5  11563.5  11563.5  11563.5  11563.5  11563.5  11563.5  11563.5  11563.5  11563.5  11563.5  11563.5  11563.5  11563.5  11563.5  
12151  12151  12151  12151  12151  12151  12151  12151  12151  12151  12151  12151  12151  12151  12151  12151  12151  12151  
12225.1  12225.1  12225.1  12225.1  12225.1  12225.1  12225.1  12225.1  12225.1  12225.1  12225.1  12225.1  12225.1  12225.1  12225.1  12225.1  12225.1  12225.1  
12376.4  12376.4  12376.4  12376.4  12376.4  12376.4  12376.4  12376.4  12376.4  12376.4  12376.4  12376.4  12376.4  12376.4  12376.4  12376.4  12376.4  12376.4  
11960.4  11960.4  11960.4  11960.4  11960.4  11960.4  11960.4  11960.4  11960.4  11960.4  11960.4  11960.4  11960.4  11960.4  11960.4  11960.4  11960.4  11960.4  
11424.7  11424.7  11424.7  11424.7  11424.7  11424.7  11424.7  11424.7  11424.7  11424.7  11424.7  11424.7  11424.7  11424.7  11424.7  11424.7  11424.7  11424.7  
11424.7  11424.7  11424.7  11424.7  11424.7  11424.7  11424.7  11424.7  11424.7  11424.7  11424.7  11424.7  11424.7  11424.7  11424.7  11424.7  11424.7  11424.7  
11744.6  11744.6  11744.6  11744.6  11744.6  11744.6  11744.6  11744.6  11744.6  11744.6  11744.6  11744.6  11744.6  11744.6  11744.6  11744.6  11744.6  11744.6  
12224.2  12224.2  12224.2  12224.2  12224.2  12224.2  12224.2  12224.2  12224.2  12224.2  12224.2  12224.2  12224.2  12224.2  12224.2  12224.2  12224.2  12224.2  
12149.5  12149.5  12149.5  12149.5  12149.5  12149.5  12149.5  12149.5  12149.5  12149.5  12149.5  12149.5  12149.5  12149.5  12149.5  12149.5  12149.5  12149.5  
