3875.76  3875.76  3875.76  3875.76  3875.76  3875.76  3875.76  3875.76  3875.76  3875.76  3875.76  3875.76  3875.76  3875.76  
3596.06  3596.06  3596.06  3596.06  3596.06  3596.06  3596.06  3596.06  3596.06  3596.06  3596.06  3596.06  3596.06  3596.06  
3484.17  3484.17  3484.17  3484.17  3484.17  3484.17  3484.17  3484.17  3484.17  3484.17  3484.17  3484.17  3484.17  3484.17  
4256  4256  4256  4256  4256  4256  4256  4256  4256  4256  4256  4256  4256  4256  
3365.13  3365.13  3365.13  3365.13  3365.13  3365.13  3365.13  3365.13  3365.13  3365.13  3365.13  3365.13  3365.13  3365.13  
3812.56  3812.56  3812.56  3812.56  3812.56  3812.56  3812.56  3812.56  3812.56  3812.56  3812.56  3812.56  3812.56  3812.56  
3313.49  3313.49  3313.49  3313.49  3313.49  3313.49  3313.49  3313.49  3313.49  3313.49  3313.49  3313.49  3313.49  3313.49  
3671.78  3671.78  3671.78  3671.78  3671.78  3671.78  3671.78  3671.78  3671.78  3671.78  3671.78  3671.78  3671.78  3671.78  
4411.77  4411.77  4411.77  4411.77  4411.77  4411.77  4411.77  4411.77  4411.77  4411.77  4411.77  4411.77  4411.77  4411.77  
4016.49  4016.49  4016.49  4016.49  4016.49  4016.49  4016.49  4016.49  4016.49  4016.49  4016.49  4016.49  4016.49  4016.49  
4158.62  4158.62  4158.62  4158.62  4158.62  4158.62  4158.62  4158.62  4158.62  4158.62  4158.62  4158.62  4158.62  4158.62  
4544.77  4544.77  4544.77  4544.77  4544.77  4544.77  4544.77  4544.77  4544.77  4544.77  4544.77  4544.77  4544.77  4544.77  
4365.46  4365.46  4365.46  4365.46  4365.46  4365.46  4365.46  4365.46  4365.46  4365.46  4365.46  4365.46  4365.46  4365.46  
3021.42  3021.42  3021.42  3021.42  3021.42  3021.42  3021.42  3021.42  3021.42  3021.42  3021.42  3021.42  3021.42  3021.42  
3163.33  3163.33  3163.33  3163.33  3163.33  3163.33  3163.33  3163.33  3163.33  3163.33  3163.33  3163.33  3163.33  3163.33  
2895.82  2895.82  2895.82  2895.82  2895.82  2895.82  2895.82  2895.82  2895.82  2895.82  2895.82  2895.82  2895.82  2895.82  
2895.82  2895.82  2895.82  2895.82  2895.82  2895.82  2895.82  2895.82  2895.82  2895.82  2895.82  2895.82  2895.82  2895.82  
3153.56  3153.56  3153.56  3153.56  3153.56  3153.56  3153.56  3153.56  3153.56  3153.56  3153.56  3153.56  3153.56  3153.56  
4033.72  4033.72  4033.72  4033.72  4033.72  4033.72  4033.72  4033.72  4033.72  4033.72  4033.72  4033.72  4033.72  4033.72  
4522.17  4522.17  4522.17  4522.17  4522.17  4522.17  4522.17  4522.17  4522.17  4522.17  4522.17  4522.17  4522.17  4522.17  
