5518.52  5518.52  5518.52  5518.52  5518.52  5518.52  5518.52  5518.52  5518.52  5518.52  5518.52  5518.52  5518.52  5518.52  5518.52  5518.52  5518.52  5518.52  5518.52  5518.52  5518.52  5518.52  5518.52  5518.52  
5169.3  5169.3  5169.3  5169.3  5169.3  5169.3  5169.3  5169.3  5169.3  5169.3  5169.3  5169.3  5169.3  5169.3  5169.3  5169.3  5169.3  5169.3  5169.3  5169.3  5169.3  5169.3  5169.3  5169.3  
5079.46  5079.46  5079.46  5079.46  5079.46  5079.46  5079.46  5079.46  5079.46  5079.46  5079.46  5079.46  5079.46  5079.46  5079.46  5079.46  5079.46  5079.46  5079.46  5079.46  5079.46  5079.46  5079.46  5079.46  
5111.03  5111.03  5111.03  5111.03  5111.03  5111.03  5111.03  5111.03  5111.03  5111.03  5111.03  5111.03  5111.03  5111.03  5111.03  5111.03  5111.03  5111.03  5111.03  5111.03  5111.03  5111.03  5111.03  5111.03  
5474.67  5474.67  5474.67  5474.67  5474.67  5474.67  5474.67  5474.67  5474.67  5474.67  5474.67  5474.67  5474.67  5474.67  5474.67  5474.67  5474.67  5474.67  5474.67  5474.67  5474.67  5474.67  5474.67  5474.67  
5378.35  5378.35  5378.35  5378.35  5378.35  5378.35  5378.35  5378.35  5378.35  5378.35  5378.35  5378.35  5378.35  5378.35  5378.35  5378.35  5378.35  5378.35  5378.35  5378.35  5378.35  5378.35  5378.35  5378.35  
5270.06  5270.06  5270.06  5270.06  5270.06  5270.06  5270.06  5270.06  5270.06  5270.06  5270.06  5270.06  5270.06  5270.06  5270.06  5270.06  5270.06  5270.06  5270.06  5270.06  5270.06  5270.06  5270.06  5270.06  
5569.9  5569.9  5569.9  5569.9  5569.9  5569.9  5569.9  5569.9  5569.9  5569.9  5569.9  5569.9  5569.9  5569.9  5569.9  5569.9  5569.9  5569.9  5569.9  5569.9  5569.9  5569.9  5569.9  5569.9  
5323.37  5323.37  5323.37  5323.37  5323.37  5323.37  5323.37  5323.37  5323.37  5323.37  5323.37  5323.37  5323.37  5323.37  5323.37  5323.37  5323.37  5323.37  5323.37  5323.37  5323.37  5323.37  5323.37  5323.37  
5225.02  5225.02  5225.02  5225.02  5225.02  5225.02  5225.02  5225.02  5225.02  5225.02  5225.02  5225.02  5225.02  5225.02  5225.02  5225.02  5225.02  5225.02  5225.02  5225.02  5225.02  5225.02  5225.02  5225.02  
5433.56  5433.56  5433.56  5433.56  5433.56  5433.56  5433.56  5433.56  5433.56  5433.56  5433.56  5433.56  5433.56  5433.56  5433.56  5433.56  5433.56  5433.56  5433.56  5433.56  5433.56  5433.56  5433.56  5433.56  
5669.92  5669.92  5669.92  5669.92  5669.92  5669.92  5669.92  5669.92  5669.92  5669.92  5669.92  5669.92  5669.92  5669.92  5669.92  5669.92  5669.92  5669.92  5669.92  5669.92  5669.92  5669.92  5669.92  5669.92  
5049.62  5049.62  5049.62  5049.62  5049.62  5049.62  5049.62  5049.62  5049.62  5049.62  5049.62  5049.62  5049.62  5049.62  5049.62  5049.62  5049.62  5049.62  5049.62  5049.62  5049.62  5049.62  5049.62  5049.62  
5716.08  5716.08  5716.08  5716.08  5716.08  5716.08  5716.08  5716.08  5716.08  5716.08  5716.08  5716.08  5716.08  5716.08  5716.08  5716.08  5716.08  5716.08  5716.08  5716.08  5716.08  5716.08  5716.08  5716.08  
5619.05  5619.05  5619.05  5619.05  5619.05  5619.05  5619.05  5619.05  5619.05  5619.05  5619.05  5619.05  5619.05  5619.05  5619.05  5619.05  5619.05  5619.05  5619.05  5619.05  5619.05  5619.05  5619.05  5619.05  
5743.54  5743.54  5743.54  5743.54  5743.54  5743.54  5743.54  5743.54  5743.54  5743.54  5743.54  5743.54  5743.54  5743.54  5743.54  5743.54  5743.54  5743.54  5743.54  5743.54  5743.54  5743.54  5743.54  5743.54  
5169.3  5169.3  5169.3  5169.3  5169.3  5169.3  5169.3  5169.3  5169.3  5169.3  5169.3  5169.3  5169.3  5169.3  5169.3  5169.3  5169.3  5169.3  5169.3  5169.3  5169.3  5169.3  5169.3  5169.3  
5385.67  5385.67  5385.67  5385.67  5385.67  5385.67  5385.67  5385.67  5385.67  5385.67  5385.67  5385.67  5385.67  5385.67  5385.67  5385.67  5385.67  5385.67  5385.67  5385.67  5385.67  5385.67  5385.67  5385.67  
5325.62  5325.62  5325.62  5325.62  5325.62  5325.62  5325.62  5325.62  5325.62  5325.62  5325.62  5325.62  5325.62  5325.62  5325.62  5325.62  5325.62  5325.62  5325.62  5325.62  5325.62  5325.62  5325.62  5325.62  
5617.69  5617.69  5617.69  5617.69  5617.69  5617.69  5617.69  5617.69  5617.69  5617.69  5617.69  5617.69  5617.69  5617.69  5617.69  5617.69  5617.69  5617.69  5617.69  5617.69  5617.69  5617.69  5617.69  5617.69  
