6941.29  6941.29  6941.29  6941.29  6941.29  6941.29  6941.29  6941.29  6941.29  6941.29  6941.29  6941.29  6941.29  6941.29  6941.29  6941.29  
6887.16  6887.16  6887.16  6887.16  6887.16  6887.16  6887.16  6887.16  6887.16  6887.16  6887.16  6887.16  6887.16  6887.16  6887.16  6887.16  
6649.42  6649.42  6649.42  6649.42  6649.42  6649.42  6649.42  6649.42  6649.42  6649.42  6649.42  6649.42  6649.42  6649.42  6649.42  6649.42  
7047.34  7047.34  7047.34  7047.34  7047.34  7047.34  7047.34  7047.34  7047.34  7047.34  7047.34  7047.34  7047.34  7047.34  7047.34  7047.34  
6522.44  6522.44  6522.44  6522.44  6522.44  6522.44  6522.44  6522.44  6522.44  6522.44  6522.44  6522.44  6522.44  6522.44  6522.44  6522.44  
7154.72  7154.72  7154.72  7154.72  7154.72  7154.72  7154.72  7154.72  7154.72  7154.72  7154.72  7154.72  7154.72  7154.72  7154.72  7154.72  
7305.92  7305.92  7305.92  7305.92  7305.92  7305.92  7305.92  7305.92  7305.92  7305.92  7305.92  7305.92  7305.92  7305.92  7305.92  7305.92  
7357.32  7357.32  7357.32  7357.32  7357.32  7357.32  7357.32  7357.32  7357.32  7357.32  7357.32  7357.32  7357.32  7357.32  7357.32  7357.32  
6421.3  6421.3  6421.3  6421.3  6421.3  6421.3  6421.3  6421.3  6421.3  6421.3  6421.3  6421.3  6421.3  6421.3  6421.3  6421.3  
6784.65  6784.65  6784.65  6784.65  6784.65  6784.65  6784.65  6784.65  6784.65  6784.65  6784.65  6784.65  6784.65  6784.65  6784.65  6784.65  
7871.64  7871.64  7871.64  7871.64  7871.64  7871.64  7871.64  7871.64  7871.64  7871.64  7871.64  7871.64  7871.64  7871.64  7871.64  7871.64  
7570.98  7570.98  7570.98  7570.98  7570.98  7570.98  7570.98  7570.98  7570.98  7570.98  7570.98  7570.98  7570.98  7570.98  7570.98  7570.98  
7620.04  7620.04  7620.04  7620.04  7620.04  7620.04  7620.04  7620.04  7620.04  7620.04  7620.04  7620.04  7620.04  7620.04  7620.04  7620.04  
7718.56  7718.56  7718.56  7718.56  7718.56  7718.56  7718.56  7718.56  7718.56  7718.56  7718.56  7718.56  7718.56  7718.56  7718.56  7718.56  
7462.73  7462.73  7462.73  7462.73  7462.73  7462.73  7462.73  7462.73  7462.73  7462.73  7462.73  7462.73  7462.73  7462.73  7462.73  7462.73  
6329.64  6329.64  6329.64  6329.64  6329.64  6329.64  6329.64  6329.64  6329.64  6329.64  6329.64  6329.64  6329.64  6329.64  6329.64  6329.64  
7853.51  7853.51  7853.51  7853.51  7853.51  7853.51  7853.51  7853.51  7853.51  7853.51  7853.51  7853.51  7853.51  7853.51  7853.51  7853.51  
6329.64  6329.64  6329.64  6329.64  6329.64  6329.64  6329.64  6329.64  6329.64  6329.64  6329.64  6329.64  6329.64  6329.64  6329.64  6329.64  
6641.43  6641.43  6641.43  6641.43  6641.43  6641.43  6641.43  6641.43  6641.43  6641.43  6641.43  6641.43  6641.43  6641.43  6641.43  6641.43  
7199.41  7199.41  7199.41  7199.41  7199.41  7199.41  7199.41  7199.41  7199.41  7199.41  7199.41  7199.41  7199.41  7199.41  7199.41  7199.41  
