4371.03  4371.03  4371.03  4371.03  4371.03  4371.03  4371.03  4371.03  4371.03  4371.03  4371.03  4371.03  4371.03  4371.03  
3019.67  3019.67  3019.67  3019.67  3019.67  3019.67  3019.67  3019.67  3019.67  3019.67  3019.67  3019.67  3019.67  3019.67  
3073.82  3073.82  3073.82  3073.82  3073.82  3073.82  3073.82  3073.82  3073.82  3073.82  3073.82  3073.82  3073.82  3073.82  
3728.92  3728.92  3728.92  3728.92  3728.92  3728.92  3728.92  3728.92  3728.92  3728.92  3728.92  3728.92  3728.92  3728.92  
3644.78  3644.78  3644.78  3644.78  3644.78  3644.78  3644.78  3644.78  3644.78  3644.78  3644.78  3644.78  3644.78  3644.78  
4031.99  4031.99  4031.99  4031.99  4031.99  4031.99  4031.99  4031.99  4031.99  4031.99  4031.99  4031.99  4031.99  4031.99  
4429.03  4429.03  4429.03  4429.03  4429.03  4429.03  4429.03  4429.03  4429.03  4429.03  4429.03  4429.03  4429.03  4429.03  
3196.8  3196.8  3196.8  3196.8  3196.8  3196.8  3196.8  3196.8  3196.8  3196.8  3196.8  3196.8  3196.8  3196.8  
3242.93  3242.93  3242.93  3242.93  3242.93  3242.93  3242.93  3242.93  3242.93  3242.93  3242.93  3242.93  3242.93  3242.93  
4231.51  4231.51  4231.51  4231.51  4231.51  4231.51  4231.51  4231.51  4231.51  4231.51  4231.51  4231.51  4231.51  4231.51  
4183.59  4183.59  4183.59  4183.59  4183.59  4183.59  4183.59  4183.59  4183.59  4183.59  4183.59  4183.59  4183.59  4183.59  
4527.29  4527.29  4527.29  4527.29  4527.29  4527.29  4527.29  4527.29  4527.29  4527.29  4527.29  4527.29  4527.29  4527.29  
3546.56  3546.56  3546.56  3546.56  3546.56  3546.56  3546.56  3546.56  3546.56  3546.56  3546.56  3546.56  3546.56  3546.56  
2873.08  2873.08  2873.08  2873.08  2873.08  2873.08  2873.08  2873.08  2873.08  2873.08  2873.08  2873.08  2873.08  2873.08  
3391.54  3391.54  3391.54  3391.54  3391.54  3391.54  3391.54  3391.54  3391.54  3391.54  3391.54  3391.54  3391.54  3391.54  
3873.03  3873.03  3873.03  3873.03  3873.03  3873.03  3873.03  3873.03  3873.03  3873.03  3873.03  3873.03  3873.03  3873.03  
2873.08  2873.08  2873.08  2873.08  2873.08  2873.08  2873.08  2873.08  2873.08  2873.08  2873.08  2873.08  2873.08  2873.08  
4018.92  4018.92  4018.92  4018.92  4018.92  4018.92  4018.92  4018.92  4018.92  4018.92  4018.92  4018.92  4018.92  4018.92  
3391.54  3391.54  3391.54  3391.54  3391.54  3391.54  3391.54  3391.54  3391.54  3391.54  3391.54  3391.54  3391.54  3391.54  
3873.03  3873.03  3873.03  3873.03  3873.03  3873.03  3873.03  3873.03  3873.03  3873.03  3873.03  3873.03  3873.03  3873.03  
