6220.11  6220.11  6220.11  6220.11  6220.11  6220.11  6220.11  6220.11  6220.11  6220.11  6220.11  6220.11  6220.11  6220.11  6220.11  6220.11  
6349.97  6349.97  6349.97  6349.97  6349.97  6349.97  6349.97  6349.97  6349.97  6349.97  6349.97  6349.97  6349.97  6349.97  6349.97  6349.97  
6607.73  6607.73  6607.73  6607.73  6607.73  6607.73  6607.73  6607.73  6607.73  6607.73  6607.73  6607.73  6607.73  6607.73  6607.73  6607.73  
7146.6  7146.6  7146.6  7146.6  7146.6  7146.6  7146.6  7146.6  7146.6  7146.6  7146.6  7146.6  7146.6  7146.6  7146.6  7146.6  
6128.41  6128.41  6128.41  6128.41  6128.41  6128.41  6128.41  6128.41  6128.41  6128.41  6128.41  6128.41  6128.41  6128.41  6128.41  6128.41  
6444.9  6444.9  6444.9  6444.9  6444.9  6444.9  6444.9  6444.9  6444.9  6444.9  6444.9  6444.9  6444.9  6444.9  6444.9  6444.9  
7046.87  7046.87  7046.87  7046.87  7046.87  7046.87  7046.87  7046.87  7046.87  7046.87  7046.87  7046.87  7046.87  7046.87  7046.87  7046.87  
7286.44  7286.44  7286.44  7286.44  7286.44  7286.44  7286.44  7286.44  7286.44  7286.44  7286.44  7286.44  7286.44  7286.44  7286.44  7286.44  
5986.91  5986.91  5986.91  5986.91  5986.91  5986.91  5986.91  5986.91  5986.91  5986.91  5986.91  5986.91  5986.91  5986.91  5986.91  5986.91  
6749.46  6749.46  6749.46  6749.46  6749.46  6749.46  6749.46  6749.46  6749.46  6749.46  6749.46  6749.46  6749.46  6749.46  6749.46  6749.46  
6896.42  6896.42  6896.42  6896.42  6896.42  6896.42  6896.42  6896.42  6896.42  6896.42  6896.42  6896.42  6896.42  6896.42  6896.42  6896.42  
7508.4  7508.4  7508.4  7508.4  7508.4  7508.4  7508.4  7508.4  7508.4  7508.4  7508.4  7508.4  7508.4  7508.4  7508.4  7508.4  
8139.71  8139.71  8139.71  8139.71  8139.71  8139.71  8139.71  8139.71  8139.71  8139.71  8139.71  8139.71  8139.71  8139.71  8139.71  8139.71  
7944.99  7944.99  7944.99  7944.99  7944.99  7944.99  7944.99  7944.99  7944.99  7944.99  7944.99  7944.99  7944.99  7944.99  7944.99  7944.99  
5695.49  5695.49  5695.49  5695.49  5695.49  5695.49  5695.49  5695.49  5695.49  5695.49  5695.49  5695.49  5695.49  5695.49  5695.49  5695.49  
7757.39  7757.39  7757.39  7757.39  7757.39  7757.39  7757.39  7757.39  7757.39  7757.39  7757.39  7757.39  7757.39  7757.39  7757.39  7757.39  
5695.49  5695.49  5695.49  5695.49  5695.49  5695.49  5695.49  5695.49  5695.49  5695.49  5695.49  5695.49  5695.49  5695.49  5695.49  5695.49  
7505.02  7505.02  7505.02  7505.02  7505.02  7505.02  7505.02  7505.02  7505.02  7505.02  7505.02  7505.02  7505.02  7505.02  7505.02  7505.02  
8094.66  8094.66  8094.66  8094.66  8094.66  8094.66  8094.66  8094.66  8094.66  8094.66  8094.66  8094.66  8094.66  8094.66  8094.66  8094.66  
7757.39  7757.39  7757.39  7757.39  7757.39  7757.39  7757.39  7757.39  7757.39  7757.39  7757.39  7757.39  7757.39  7757.39  7757.39  7757.39  
