5442.99  5442.99  5442.99  5442.99  5442.99  5442.99  5442.99  5442.99  5442.99  5442.99  5442.99  5442.99  5442.99  5442.99  5442.99  5442.99  5442.99  5442.99  5442.99  5442.99  5442.99  5442.99  5442.99  5442.99  
5401.55  5401.55  5401.55  5401.55  5401.55  5401.55  5401.55  5401.55  5401.55  5401.55  5401.55  5401.55  5401.55  5401.55  5401.55  5401.55  5401.55  5401.55  5401.55  5401.55  5401.55  5401.55  5401.55  5401.55  
5367.54  5367.54  5367.54  5367.54  5367.54  5367.54  5367.54  5367.54  5367.54  5367.54  5367.54  5367.54  5367.54  5367.54  5367.54  5367.54  5367.54  5367.54  5367.54  5367.54  5367.54  5367.54  5367.54  5367.54  
5104.55  5104.55  5104.55  5104.55  5104.55  5104.55  5104.55  5104.55  5104.55  5104.55  5104.55  5104.55  5104.55  5104.55  5104.55  5104.55  5104.55  5104.55  5104.55  5104.55  5104.55  5104.55  5104.55  5104.55  
5327.61  5327.61  5327.61  5327.61  5327.61  5327.61  5327.61  5327.61  5327.61  5327.61  5327.61  5327.61  5327.61  5327.61  5327.61  5327.61  5327.61  5327.61  5327.61  5327.61  5327.61  5327.61  5327.61  5327.61  
5091.15  5091.15  5091.15  5091.15  5091.15  5091.15  5091.15  5091.15  5091.15  5091.15  5091.15  5091.15  5091.15  5091.15  5091.15  5091.15  5091.15  5091.15  5091.15  5091.15  5091.15  5091.15  5091.15  5091.15  
5232.97  5232.97  5232.97  5232.97  5232.97  5232.97  5232.97  5232.97  5232.97  5232.97  5232.97  5232.97  5232.97  5232.97  5232.97  5232.97  5232.97  5232.97  5232.97  5232.97  5232.97  5232.97  5232.97  5232.97  
5170.31  5170.31  5170.31  5170.31  5170.31  5170.31  5170.31  5170.31  5170.31  5170.31  5170.31  5170.31  5170.31  5170.31  5170.31  5170.31  5170.31  5170.31  5170.31  5170.31  5170.31  5170.31  5170.31  5170.31  
5538.65  5538.65  5538.65  5538.65  5538.65  5538.65  5538.65  5538.65  5538.65  5538.65  5538.65  5538.65  5538.65  5538.65  5538.65  5538.65  5538.65  5538.65  5538.65  5538.65  5538.65  5538.65  5538.65  5538.65  
5597.8  5597.8  5597.8  5597.8  5597.8  5597.8  5597.8  5597.8  5597.8  5597.8  5597.8  5597.8  5597.8  5597.8  5597.8  5597.8  5597.8  5597.8  5597.8  5597.8  5597.8  5597.8  5597.8  5597.8  
5643.76  5643.76  5643.76  5643.76  5643.76  5643.76  5643.76  5643.76  5643.76  5643.76  5643.76  5643.76  5643.76  5643.76  5643.76  5643.76  5643.76  5643.76  5643.76  5643.76  5643.76  5643.76  5643.76  5643.76  
5292.66  5292.66  5292.66  5292.66  5292.66  5292.66  5292.66  5292.66  5292.66  5292.66  5292.66  5292.66  5292.66  5292.66  5292.66  5292.66  5292.66  5292.66  5292.66  5292.66  5292.66  5292.66  5292.66  5292.66  
5242.5  5242.5  5242.5  5242.5  5242.5  5242.5  5242.5  5242.5  5242.5  5242.5  5242.5  5242.5  5242.5  5242.5  5242.5  5242.5  5242.5  5242.5  5242.5  5242.5  5242.5  5242.5  5242.5  5242.5  
5477.19  5477.19  5477.19  5477.19  5477.19  5477.19  5477.19  5477.19  5477.19  5477.19  5477.19  5477.19  5477.19  5477.19  5477.19  5477.19  5477.19  5477.19  5477.19  5477.19  5477.19  5477.19  5477.19  5477.19  
5162.54  5162.54  5162.54  5162.54  5162.54  5162.54  5162.54  5162.54  5162.54  5162.54  5162.54  5162.54  5162.54  5162.54  5162.54  5162.54  5162.54  5162.54  5162.54  5162.54  5162.54  5162.54  5162.54  5162.54  
5043.46  5043.46  5043.46  5043.46  5043.46  5043.46  5043.46  5043.46  5043.46  5043.46  5043.46  5043.46  5043.46  5043.46  5043.46  5043.46  5043.46  5043.46  5043.46  5043.46  5043.46  5043.46  5043.46  5043.46  
5643.23  5643.23  5643.23  5643.23  5643.23  5643.23  5643.23  5643.23  5643.23  5643.23  5643.23  5643.23  5643.23  5643.23  5643.23  5643.23  5643.23  5643.23  5643.23  5643.23  5643.23  5643.23  5643.23  5643.23  
5533.57  5533.57  5533.57  5533.57  5533.57  5533.57  5533.57  5533.57  5533.57  5533.57  5533.57  5533.57  5533.57  5533.57  5533.57  5533.57  5533.57  5533.57  5533.57  5533.57  5533.57  5533.57  5533.57  5533.57  
5043.46  5043.46  5043.46  5043.46  5043.46  5043.46  5043.46  5043.46  5043.46  5043.46  5043.46  5043.46  5043.46  5043.46  5043.46  5043.46  5043.46  5043.46  5043.46  5043.46  5043.46  5043.46  5043.46  5043.46  
5597.54  5597.54  5597.54  5597.54  5597.54  5597.54  5597.54  5597.54  5597.54  5597.54  5597.54  5597.54  5597.54  5597.54  5597.54  5597.54  5597.54  5597.54  5597.54  5597.54  5597.54  5597.54  5597.54  5597.54  
