4105.57  4105.57  4105.57  4105.57  4105.57  4105.57  4105.57  4105.57  4105.57  4105.57  4105.57  4105.57  4105.57  4105.57  
4179.21  4179.21  4179.21  4179.21  4179.21  4179.21  4179.21  4179.21  4179.21  4179.21  4179.21  4179.21  4179.21  4179.21  
3700.17  3700.17  3700.17  3700.17  3700.17  3700.17  3700.17  3700.17  3700.17  3700.17  3700.17  3700.17  3700.17  3700.17  
3145.92  3145.92  3145.92  3145.92  3145.92  3145.92  3145.92  3145.92  3145.92  3145.92  3145.92  3145.92  3145.92  3145.92  
3647.87  3647.87  3647.87  3647.87  3647.87  3647.87  3647.87  3647.87  3647.87  3647.87  3647.87  3647.87  3647.87  3647.87  
3477.68  3477.68  3477.68  3477.68  3477.68  3477.68  3477.68  3477.68  3477.68  3477.68  3477.68  3477.68  3477.68  3477.68  
4430.41  4430.41  4430.41  4430.41  4430.41  4430.41  4430.41  4430.41  4430.41  4430.41  4430.41  4430.41  4430.41  4430.41  
4312.62  4312.62  4312.62  4312.62  4312.62  4312.62  4312.62  4312.62  4312.62  4312.62  4312.62  4312.62  4312.62  4312.62  
3528.98  3528.98  3528.98  3528.98  3528.98  3528.98  3528.98  3528.98  3528.98  3528.98  3528.98  3528.98  3528.98  3528.98  
3180.31  3180.31  3180.31  3180.31  3180.31  3180.31  3180.31  3180.31  3180.31  3180.31  3180.31  3180.31  3180.31  3180.31  
3976.19  3976.19  3976.19  3976.19  3976.19  3976.19  3976.19  3976.19  3976.19  3976.19  3976.19  3976.19  3976.19  3976.19  
3031.77  3031.77  3031.77  3031.77  3031.77  3031.77  3031.77  3031.77  3031.77  3031.77  3031.77  3031.77  3031.77  3031.77  
4545.46  4545.46  4545.46  4545.46  4545.46  4545.46  4545.46  4545.46  4545.46  4545.46  4545.46  4545.46  4545.46  4545.46  
3327.37  3327.37  3327.37  3327.37  3327.37  3327.37  3327.37  3327.37  3327.37  3327.37  3327.37  3327.37  3327.37  3327.37  
3837.61  3837.61  3837.61  3837.61  3837.61  3837.61  3837.61  3837.61  3837.61  3837.61  3837.61  3837.61  3837.61  3837.61  
2853.17  2853.17  2853.17  2853.17  2853.17  2853.17  2853.17  2853.17  2853.17  2853.17  2853.17  2853.17  2853.17  2853.17  
2853.17  2853.17  2853.17  2853.17  2853.17  2853.17  2853.17  2853.17  2853.17  2853.17  2853.17  2853.17  2853.17  2853.17  
4533.55  4533.55  4533.55  4533.55  4533.55  4533.55  4533.55  4533.55  4533.55  4533.55  4533.55  4533.55  4533.55  4533.55  
3324.71  3324.71  3324.71  3324.71  3324.71  3324.71  3324.71  3324.71  3324.71  3324.71  3324.71  3324.71  3324.71  3324.71  
3832.68  3832.68  3832.68  3832.68  3832.68  3832.68  3832.68  3832.68  3832.68  3832.68  3832.68  3832.68  3832.68  3832.68  
