6740.67  6740.67  6740.67  6740.67  6740.67  6740.67  6740.67  6740.67  6740.67  6740.67  6740.67  6740.67  6740.67  6740.67  6740.67  6740.67  
6939.79  6939.79  6939.79  6939.79  6939.79  6939.79  6939.79  6939.79  6939.79  6939.79  6939.79  6939.79  6939.79  6939.79  6939.79  6939.79  
7349.75  7349.75  7349.75  7349.75  7349.75  7349.75  7349.75  7349.75  7349.75  7349.75  7349.75  7349.75  7349.75  7349.75  7349.75  7349.75  
6614.42  6614.42  6614.42  6614.42  6614.42  6614.42  6614.42  6614.42  6614.42  6614.42  6614.42  6614.42  6614.42  6614.42  6614.42  6614.42  
7148.75  7148.75  7148.75  7148.75  7148.75  7148.75  7148.75  7148.75  7148.75  7148.75  7148.75  7148.75  7148.75  7148.75  7148.75  7148.75  
7049.33  7049.33  7049.33  7049.33  7049.33  7049.33  7049.33  7049.33  7049.33  7049.33  7049.33  7049.33  7049.33  7049.33  7049.33  7049.33  
6841.69  6841.69  6841.69  6841.69  6841.69  6841.69  6841.69  6841.69  6841.69  6841.69  6841.69  6841.69  6841.69  6841.69  6841.69  6841.69  
7295.63  7295.63  7295.63  7295.63  7295.63  7295.63  7295.63  7295.63  7295.63  7295.63  7295.63  7295.63  7295.63  7295.63  7295.63  7295.63  
6076.79  6076.79  6076.79  6076.79  6076.79  6076.79  6076.79  6076.79  6076.79  6076.79  6076.79  6076.79  6076.79  6076.79  6076.79  6076.79  
6122.1  6122.1  6122.1  6122.1  6122.1  6122.1  6122.1  6122.1  6122.1  6122.1  6122.1  6122.1  6122.1  6122.1  6122.1  6122.1  
6301.56  6301.56  6301.56  6301.56  6301.56  6301.56  6301.56  6301.56  6301.56  6301.56  6301.56  6301.56  6301.56  6301.56  6301.56  6301.56  
6480.93  6480.93  6480.93  6480.93  6480.93  6480.93  6480.93  6480.93  6480.93  6480.93  6480.93  6480.93  6480.93  6480.93  6480.93  6480.93  
5521.95  5521.95  5521.95  5521.95  5521.95  5521.95  5521.95  5521.95  5521.95  5521.95  5521.95  5521.95  5521.95  5521.95  5521.95  5521.95  
5557.17  5557.17  5557.17  5557.17  5557.17  5557.17  5557.17  5557.17  5557.17  5557.17  5557.17  5557.17  5557.17  5557.17  5557.17  5557.17  
5839  5839  5839  5839  5839  5839  5839  5839  5839  5839  5839  5839  5839  5839  5839  5839  
5790.46  5790.46  5790.46  5790.46  5790.46  5790.46  5790.46  5790.46  5790.46  5790.46  5790.46  5790.46  5790.46  5790.46  5790.46  5790.46  
6297.05  6297.05  6297.05  6297.05  6297.05  6297.05  6297.05  6297.05  6297.05  6297.05  6297.05  6297.05  6297.05  6297.05  6297.05  6297.05  
7396.18  7396.18  7396.18  7396.18  7396.18  7396.18  7396.18  7396.18  7396.18  7396.18  7396.18  7396.18  7396.18  7396.18  7396.18  7396.18  
6476.58  6476.58  6476.58  6476.58  6476.58  6476.58  6476.58  6476.58  6476.58  6476.58  6476.58  6476.58  6476.58  6476.58  6476.58  6476.58  
5932.19  5932.19  5932.19  5932.19  5932.19  5932.19  5932.19  5932.19  5932.19  5932.19  5932.19  5932.19  5932.19  5932.19  5932.19  5932.19  
