3925.86  3925.86  3925.86  3925.86  3925.86  3925.86  3925.86  3925.86  3925.86  3925.86  3925.86  3925.86  3925.86  3925.86  
4253.34  4253.34  4253.34  4253.34  4253.34  4253.34  4253.34  4253.34  4253.34  4253.34  4253.34  4253.34  4253.34  4253.34  
4199.82  4199.82  4199.82  4199.82  4199.82  4199.82  4199.82  4199.82  4199.82  4199.82  4199.82  4199.82  4199.82  4199.82  
3824.7  3824.7  3824.7  3824.7  3824.7  3824.7  3824.7  3824.7  3824.7  3824.7  3824.7  3824.7  3824.7  3824.7  
3218.78  3218.78  3218.78  3218.78  3218.78  3218.78  3218.78  3218.78  3218.78  3218.78  3218.78  3218.78  3218.78  3218.78  
3082.57  3082.57  3082.57  3082.57  3082.57  3082.57  3082.57  3082.57  3082.57  3082.57  3082.57  3082.57  3082.57  3082.57  
3717.71  3717.71  3717.71  3717.71  3717.71  3717.71  3717.71  3717.71  3717.71  3717.71  3717.71  3717.71  3717.71  3717.71  
3056.68  3056.68  3056.68  3056.68  3056.68  3056.68  3056.68  3056.68  3056.68  3056.68  3056.68  3056.68  3056.68  3056.68  
3617.36  3617.36  3617.36  3617.36  3617.36  3617.36  3617.36  3617.36  3617.36  3617.36  3617.36  3617.36  3617.36  3617.36  
3336.63  3336.63  3336.63  3336.63  3336.63  3336.63  3336.63  3336.63  3336.63  3336.63  3336.63  3336.63  3336.63  3336.63  
3478.54  3478.54  3478.54  3478.54  3478.54  3478.54  3478.54  3478.54  3478.54  3478.54  3478.54  3478.54  3478.54  3478.54  
4393.24  4393.24  4393.24  4393.24  4393.24  4393.24  4393.24  4393.24  4393.24  4393.24  4393.24  4393.24  4393.24  4393.24  
4369.84  4369.84  4369.84  4369.84  4369.84  4369.84  4369.84  4369.84  4369.84  4369.84  4369.84  4369.84  4369.84  4369.84  
4060.88  4060.88  4060.88  4060.88  4060.88  4060.88  4060.88  4060.88  4060.88  4060.88  4060.88  4060.88  4060.88  4060.88  
4515.47  4515.47  4515.47  4515.47  4515.47  4515.47  4515.47  4515.47  4515.47  4515.47  4515.47  4515.47  4515.47  4515.47  
2846.92  2846.92  2846.92  2846.92  2846.92  2846.92  2846.92  2846.92  2846.92  2846.92  2846.92  2846.92  2846.92  2846.92  
2846.92  2846.92  2846.92  2846.92  2846.92  2846.92  2846.92  2846.92  2846.92  2846.92  2846.92  2846.92  2846.92  2846.92  
3464.52  3464.52  3464.52  3464.52  3464.52  3464.52  3464.52  3464.52  3464.52  3464.52  3464.52  3464.52  3464.52  3464.52  
4060.38  4060.38  4060.38  4060.38  4060.38  4060.38  4060.38  4060.38  4060.38  4060.38  4060.38  4060.38  4060.38  4060.38  
4514.49  4514.49  4514.49  4514.49  4514.49  4514.49  4514.49  4514.49  4514.49  4514.49  4514.49  4514.49  4514.49  4514.49  
