6286.65  6286.65  6286.65  6286.65  6286.65  6286.65  6286.65  6286.65  6286.65  6286.65  6286.65  6286.65  6286.65  6286.65  6286.65  6286.65  
6668.21  6668.21  6668.21  6668.21  6668.21  6668.21  6668.21  6668.21  6668.21  6668.21  6668.21  6668.21  6668.21  6668.21  6668.21  6668.21  
6130.89  6130.89  6130.89  6130.89  6130.89  6130.89  6130.89  6130.89  6130.89  6130.89  6130.89  6130.89  6130.89  6130.89  6130.89  6130.89  
5806.04  5806.04  5806.04  5806.04  5806.04  5806.04  5806.04  5806.04  5806.04  5806.04  5806.04  5806.04  5806.04  5806.04  5806.04  5806.04  
5982.5  5982.5  5982.5  5982.5  5982.5  5982.5  5982.5  5982.5  5982.5  5982.5  5982.5  5982.5  5982.5  5982.5  5982.5  5982.5  
6168.09  6168.09  6168.09  6168.09  6168.09  6168.09  6168.09  6168.09  6168.09  6168.09  6168.09  6168.09  6168.09  6168.09  6168.09  6168.09  
5847.51  5847.51  5847.51  5847.51  5847.51  5847.51  5847.51  5847.51  5847.51  5847.51  5847.51  5847.51  5847.51  5847.51  5847.51  5847.51  
6933.76  6933.76  6933.76  6933.76  6933.76  6933.76  6933.76  6933.76  6933.76  6933.76  6933.76  6933.76  6933.76  6933.76  6933.76  6933.76  
6531.61  6531.61  6531.61  6531.61  6531.61  6531.61  6531.61  6531.61  6531.61  6531.61  6531.61  6531.61  6531.61  6531.61  6531.61  6531.61  
6802.9  6802.9  6802.9  6802.9  6802.9  6802.9  6802.9  6802.9  6802.9  6802.9  6802.9  6802.9  6802.9  6802.9  6802.9  6802.9  
7151.72  7151.72  7151.72  7151.72  7151.72  7151.72  7151.72  7151.72  7151.72  7151.72  7151.72  7151.72  7151.72  7151.72  7151.72  7151.72  
7099.54  7099.54  7099.54  7099.54  7099.54  7099.54  7099.54  7099.54  7099.54  7099.54  7099.54  7099.54  7099.54  7099.54  7099.54  7099.54  
6408.51  6408.51  6408.51  6408.51  6408.51  6408.51  6408.51  6408.51  6408.51  6408.51  6408.51  6408.51  6408.51  6408.51  6408.51  6408.51  
7396.91  7396.91  7396.91  7396.91  7396.91  7396.91  7396.91  7396.91  7396.91  7396.91  7396.91  7396.91  7396.91  7396.91  7396.91  7396.91  
7348.6  7348.6  7348.6  7348.6  7348.6  7348.6  7348.6  7348.6  7348.6  7348.6  7348.6  7348.6  7348.6  7348.6  7348.6  7348.6  
5701.9  5701.9  5701.9  5701.9  5701.9  5701.9  5701.9  5701.9  5701.9  5701.9  5701.9  5701.9  5701.9  5701.9  5701.9  5701.9  
6931.67  6931.67  6931.67  6931.67  6931.67  6931.67  6931.67  6931.67  6931.67  6931.67  6931.67  6931.67  6931.67  6931.67  6931.67  6931.67  
5978.89  5978.89  5978.89  5978.89  5978.89  5978.89  5978.89  5978.89  5978.89  5978.89  5978.89  5978.89  5978.89  5978.89  5978.89  5978.89  
6649.8  6649.8  6649.8  6649.8  6649.8  6649.8  6649.8  6649.8  6649.8  6649.8  6649.8  6649.8  6649.8  6649.8  6649.8  6649.8  
6799.68  6799.68  6799.68  6799.68  6799.68  6799.68  6799.68  6799.68  6799.68  6799.68  6799.68  6799.68  6799.68  6799.68  6799.68  6799.68  
