6372.74  6372.74  6372.74  6372.74  6372.74  6372.74  6372.74  6372.74  6372.74  6372.74  6372.74  6372.74  6372.74  6372.74  6372.74  6372.74  
6893.54  6893.54  6893.54  6893.54  6893.54  6893.54  6893.54  6893.54  6893.54  6893.54  6893.54  6893.54  6893.54  6893.54  6893.54  6893.54  
7037.15  7037.15  7037.15  7037.15  7037.15  7037.15  7037.15  7037.15  7037.15  7037.15  7037.15  7037.15  7037.15  7037.15  7037.15  7037.15  
6787.27  6787.27  6787.27  6787.27  6787.27  6787.27  6787.27  6787.27  6787.27  6787.27  6787.27  6787.27  6787.27  6787.27  6787.27  6787.27  
6489.11  6489.11  6489.11  6489.11  6489.11  6489.11  6489.11  6489.11  6489.11  6489.11  6489.11  6489.11  6489.11  6489.11  6489.11  6489.11  
6218.95  6218.95  6218.95  6218.95  6218.95  6218.95  6218.95  6218.95  6218.95  6218.95  6218.95  6218.95  6218.95  6218.95  6218.95  6218.95  
5709  5709  5709  5709  5709  5709  5709  5709  5709  5709  5709  5709  5709  5709  5709  5709  
6053.57  6053.57  6053.57  6053.57  6053.57  6053.57  6053.57  6053.57  6053.57  6053.57  6053.57  6053.57  6053.57  6053.57  6053.57  6053.57  
5756.82  5756.82  5756.82  5756.82  5756.82  5756.82  5756.82  5756.82  5756.82  5756.82  5756.82  5756.82  5756.82  5756.82  5756.82  5756.82  
7201.59  7201.59  7201.59  7201.59  7201.59  7201.59  7201.59  7201.59  7201.59  7201.59  7201.59  7201.59  7201.59  7201.59  7201.59  7201.59  
7352.35  7352.35  7352.35  7352.35  7352.35  7352.35  7352.35  7352.35  7352.35  7352.35  7352.35  7352.35  7352.35  7352.35  7352.35  7352.35  
6189.76  6189.76  6189.76  6189.76  6189.76  6189.76  6189.76  6189.76  6189.76  6189.76  6189.76  6189.76  6189.76  6189.76  6189.76  6189.76  
7504.95  7504.95  7504.95  7504.95  7504.95  7504.95  7504.95  7504.95  7504.95  7504.95  7504.95  7504.95  7504.95  7504.95  7504.95  7504.95  
7049.26  7049.26  7049.26  7049.26  7049.26  7049.26  7049.26  7049.26  7049.26  7049.26  7049.26  7049.26  7049.26  7049.26  7049.26  7049.26  
5900.91  5900.91  5900.91  5900.91  5900.91  5900.91  5900.91  5900.91  5900.91  5900.91  5900.91  5900.91  5900.91  5900.91  5900.91  5900.91  
6629.85  6629.85  6629.85  6629.85  6629.85  6629.85  6629.85  6629.85  6629.85  6629.85  6629.85  6629.85  6629.85  6629.85  6629.85  6629.85  
7500.88  7500.88  7500.88  7500.88  7500.88  7500.88  7500.88  7500.88  7500.88  7500.88  7500.88  7500.88  7500.88  7500.88  7500.88  7500.88  
7196.01  7196.01  7196.01  7196.01  7196.01  7196.01  7196.01  7196.01  7196.01  7196.01  7196.01  7196.01  7196.01  7196.01  7196.01  7196.01  
7348.04  7348.04  7348.04  7348.04  7348.04  7348.04  7348.04  7348.04  7348.04  7348.04  7348.04  7348.04  7348.04  7348.04  7348.04  7348.04  
6629.8  6629.8  6629.8  6629.8  6629.8  6629.8  6629.8  6629.8  6629.8  6629.8  6629.8  6629.8  6629.8  6629.8  6629.8  6629.8  
