5241.36  5241.36  5241.36  5241.36  5241.36  5241.36  5241.36  5241.36  5241.36  5241.36  5241.36  5241.36  5241.36  5241.36  5241.36  5241.36  5241.36  5241.36  5241.36  5241.36  5241.36  5241.36  5241.36  5241.36  
5308.96  5308.96  5308.96  5308.96  5308.96  5308.96  5308.96  5308.96  5308.96  5308.96  5308.96  5308.96  5308.96  5308.96  5308.96  5308.96  5308.96  5308.96  5308.96  5308.96  5308.96  5308.96  5308.96  5308.96  
5275.3  5275.3  5275.3  5275.3  5275.3  5275.3  5275.3  5275.3  5275.3  5275.3  5275.3  5275.3  5275.3  5275.3  5275.3  5275.3  5275.3  5275.3  5275.3  5275.3  5275.3  5275.3  5275.3  5275.3  
5406.05  5406.05  5406.05  5406.05  5406.05  5406.05  5406.05  5406.05  5406.05  5406.05  5406.05  5406.05  5406.05  5406.05  5406.05  5406.05  5406.05  5406.05  5406.05  5406.05  5406.05  5406.05  5406.05  5406.05  
5201.05  5201.05  5201.05  5201.05  5201.05  5201.05  5201.05  5201.05  5201.05  5201.05  5201.05  5201.05  5201.05  5201.05  5201.05  5201.05  5201.05  5201.05  5201.05  5201.05  5201.05  5201.05  5201.05  5201.05  
5356.75  5356.75  5356.75  5356.75  5356.75  5356.75  5356.75  5356.75  5356.75  5356.75  5356.75  5356.75  5356.75  5356.75  5356.75  5356.75  5356.75  5356.75  5356.75  5356.75  5356.75  5356.75  5356.75  5356.75  
5454.95  5454.95  5454.95  5454.95  5454.95  5454.95  5454.95  5454.95  5454.95  5454.95  5454.95  5454.95  5454.95  5454.95  5454.95  5454.95  5454.95  5454.95  5454.95  5454.95  5454.95  5454.95  5454.95  5454.95  
5088.43  5088.43  5088.43  5088.43  5088.43  5088.43  5088.43  5088.43  5088.43  5088.43  5088.43  5088.43  5088.43  5088.43  5088.43  5088.43  5088.43  5088.43  5088.43  5088.43  5088.43  5088.43  5088.43  5088.43  
5506.02  5506.02  5506.02  5506.02  5506.02  5506.02  5506.02  5506.02  5506.02  5506.02  5506.02  5506.02  5506.02  5506.02  5506.02  5506.02  5506.02  5506.02  5506.02  5506.02  5506.02  5506.02  5506.02  5506.02  
5140.8  5140.8  5140.8  5140.8  5140.8  5140.8  5140.8  5140.8  5140.8  5140.8  5140.8  5140.8  5140.8  5140.8  5140.8  5140.8  5140.8  5140.8  5140.8  5140.8  5140.8  5140.8  5140.8  5140.8  
5557.17  5557.17  5557.17  5557.17  5557.17  5557.17  5557.17  5557.17  5557.17  5557.17  5557.17  5557.17  5557.17  5557.17  5557.17  5557.17  5557.17  5557.17  5557.17  5557.17  5557.17  5557.17  5557.17  5557.17  
5619.44  5619.44  5619.44  5619.44  5619.44  5619.44  5619.44  5619.44  5619.44  5619.44  5619.44  5619.44  5619.44  5619.44  5619.44  5619.44  5619.44  5619.44  5619.44  5619.44  5619.44  5619.44  5619.44  5619.44  
5639.34  5639.34  5639.34  5639.34  5639.34  5639.34  5639.34  5639.34  5639.34  5639.34  5639.34  5639.34  5639.34  5639.34  5639.34  5639.34  5639.34  5639.34  5639.34  5639.34  5639.34  5639.34  5639.34  5639.34  
4986.49  4986.49  4986.49  4986.49  4986.49  4986.49  4986.49  4986.49  4986.49  4986.49  4986.49  4986.49  4986.49  4986.49  4986.49  4986.49  4986.49  4986.49  4986.49  4986.49  4986.49  4986.49  4986.49  4986.49  
4932.55  4932.55  4932.55  4932.55  4932.55  4932.55  4932.55  4932.55  4932.55  4932.55  4932.55  4932.55  4932.55  4932.55  4932.55  4932.55  4932.55  4932.55  4932.55  4932.55  4932.55  4932.55  4932.55  4932.55  
5035.14  5035.14  5035.14  5035.14  5035.14  5035.14  5035.14  5035.14  5035.14  5035.14  5035.14  5035.14  5035.14  5035.14  5035.14  5035.14  5035.14  5035.14  5035.14  5035.14  5035.14  5035.14  5035.14  5035.14  
4932.55  4932.55  4932.55  4932.55  4932.55  4932.55  4932.55  4932.55  4932.55  4932.55  4932.55  4932.55  4932.55  4932.55  4932.55  4932.55  4932.55  4932.55  4932.55  4932.55  4932.55  4932.55  4932.55  4932.55  
5555.48  5555.48  5555.48  5555.48  5555.48  5555.48  5555.48  5555.48  5555.48  5555.48  5555.48  5555.48  5555.48  5555.48  5555.48  5555.48  5555.48  5555.48  5555.48  5555.48  5555.48  5555.48  5555.48  5555.48  
5134.52  5134.52  5134.52  5134.52  5134.52  5134.52  5134.52  5134.52  5134.52  5134.52  5134.52  5134.52  5134.52  5134.52  5134.52  5134.52  5134.52  5134.52  5134.52  5134.52  5134.52  5134.52  5134.52  5134.52  
4985.04  4985.04  4985.04  4985.04  4985.04  4985.04  4985.04  4985.04  4985.04  4985.04  4985.04  4985.04  4985.04  4985.04  4985.04  4985.04  4985.04  4985.04  4985.04  4985.04  4985.04  4985.04  4985.04  4985.04  
