11632  11632  11632  11632  11632  11632  11632  11632  11632  11632  11632  11632  11632  11632  11632  11632  11632  11632  
11883.3  11883.3  11883.3  11883.3  11883.3  11883.3  11883.3  11883.3  11883.3  11883.3  11883.3  11883.3  11883.3  11883.3  11883.3  11883.3  11883.3  11883.3  
12377.1  12377.1  12377.1  12377.1  12377.1  12377.1  12377.1  12377.1  12377.1  12377.1  12377.1  12377.1  12377.1  12377.1  12377.1  12377.1  12377.1  12377.1  
11562.6  11562.6  11562.6  11562.6  11562.6  11562.6  11562.6  11562.6  11562.6  11562.6  11562.6  11562.6  11562.6  11562.6  11562.6  11562.6  11562.6  11562.6  
12607.6  12607.6  12607.6  12607.6  12607.6  12607.6  12607.6  12607.6  12607.6  12607.6  12607.6  12607.6  12607.6  12607.6  12607.6  12607.6  12607.6  12607.6  
11453.6  11453.6  11453.6  11453.6  11453.6  11453.6  11453.6  11453.6  11453.6  11453.6  11453.6  11453.6  11453.6  11453.6  11453.6  11453.6  11453.6  11453.6  
11977.9  11977.9  11977.9  11977.9  11977.9  11977.9  11977.9  11977.9  11977.9  11977.9  11977.9  11977.9  11977.9  11977.9  11977.9  11977.9  11977.9  11977.9  
12679.3  12679.3  12679.3  12679.3  12679.3  12679.3  12679.3  12679.3  12679.3  12679.3  12679.3  12679.3  12679.3  12679.3  12679.3  12679.3  12679.3  12679.3  
12499.6  12499.6  12499.6  12499.6  12499.6  12499.6  12499.6  12499.6  12499.6  12499.6  12499.6  12499.6  12499.6  12499.6  12499.6  12499.6  12499.6  12499.6  
12115.9  12115.9  12115.9  12115.9  12115.9  12115.9  12115.9  12115.9  12115.9  12115.9  12115.9  12115.9  12115.9  12115.9  12115.9  12115.9  12115.9  12115.9  
11361.2  11361.2  11361.2  11361.2  11361.2  11361.2  11361.2  11361.2  11361.2  11361.2  11361.2  11361.2  11361.2  11361.2  11361.2  11361.2  11361.2  11361.2  
12807.9  12807.9  12807.9  12807.9  12807.9  12807.9  12807.9  12807.9  12807.9  12807.9  12807.9  12807.9  12807.9  12807.9  12807.9  12807.9  12807.9  12807.9  
12895.8  12895.8  12895.8  12895.8  12895.8  12895.8  12895.8  12895.8  12895.8  12895.8  12895.8  12895.8  12895.8  12895.8  12895.8  12895.8  12895.8  12895.8  
11278.6  11278.6  11278.6  11278.6  11278.6  11278.6  11278.6  11278.6  11278.6  11278.6  11278.6  11278.6  11278.6  11278.6  11278.6  11278.6  11278.6  11278.6  
12254.1  12254.1  12254.1  12254.1  12254.1  12254.1  12254.1  12254.1  12254.1  12254.1  12254.1  12254.1  12254.1  12254.1  12254.1  12254.1  12254.1  12254.1  
11773.3  11773.3  11773.3  11773.3  11773.3  11773.3  11773.3  11773.3  11773.3  11773.3  11773.3  11773.3  11773.3  11773.3  11773.3  11773.3  11773.3  11773.3  
12115.5  12115.5  12115.5  12115.5  12115.5  12115.5  12115.5  12115.5  12115.5  12115.5  12115.5  12115.5  12115.5  12115.5  12115.5  12115.5  12115.5  12115.5  
12891.8  12891.8  12891.8  12891.8  12891.8  12891.8  12891.8  12891.8  12891.8  12891.8  12891.8  12891.8  12891.8  12891.8  12891.8  12891.8  12891.8  12891.8  
12254.1  12254.1  12254.1  12254.1  12254.1  12254.1  12254.1  12254.1  12254.1  12254.1  12254.1  12254.1  12254.1  12254.1  12254.1  12254.1  12254.1  12254.1  
11773.3  11773.3  11773.3  11773.3  11773.3  11773.3  11773.3  11773.3  11773.3  11773.3  11773.3  11773.3  11773.3  11773.3  11773.3  11773.3  11773.3  11773.3  
