5559.23  5559.23  5559.23  5559.23  5559.23  5559.23  5559.23  5559.23  5559.23  5559.23  5559.23  5559.23  5559.23  5559.23  5559.23  5559.23  5559.23  5559.23  5559.23  5559.23  5559.23  5559.23  5559.23  5559.23  
5279.96  5279.96  5279.96  5279.96  5279.96  5279.96  5279.96  5279.96  5279.96  5279.96  5279.96  5279.96  5279.96  5279.96  5279.96  5279.96  5279.96  5279.96  5279.96  5279.96  5279.96  5279.96  5279.96  5279.96  
5029.57  5029.57  5029.57  5029.57  5029.57  5029.57  5029.57  5029.57  5029.57  5029.57  5029.57  5029.57  5029.57  5029.57  5029.57  5029.57  5029.57  5029.57  5029.57  5029.57  5029.57  5029.57  5029.57  5029.57  
4955.19  4955.19  4955.19  4955.19  4955.19  4955.19  4955.19  4955.19  4955.19  4955.19  4955.19  4955.19  4955.19  4955.19  4955.19  4955.19  4955.19  4955.19  4955.19  4955.19  4955.19  4955.19  4955.19  4955.19  
5575.3  5575.3  5575.3  5575.3  5575.3  5575.3  5575.3  5575.3  5575.3  5575.3  5575.3  5575.3  5575.3  5575.3  5575.3  5575.3  5575.3  5575.3  5575.3  5575.3  5575.3  5575.3  5575.3  5575.3  
5223.82  5223.82  5223.82  5223.82  5223.82  5223.82  5223.82  5223.82  5223.82  5223.82  5223.82  5223.82  5223.82  5223.82  5223.82  5223.82  5223.82  5223.82  5223.82  5223.82  5223.82  5223.82  5223.82  5223.82  
4947.06  4947.06  4947.06  4947.06  4947.06  4947.06  4947.06  4947.06  4947.06  4947.06  4947.06  4947.06  4947.06  4947.06  4947.06  4947.06  4947.06  4947.06  4947.06  4947.06  4947.06  4947.06  4947.06  4947.06  
5240.6  5240.6  5240.6  5240.6  5240.6  5240.6  5240.6  5240.6  5240.6  5240.6  5240.6  5240.6  5240.6  5240.6  5240.6  5240.6  5240.6  5240.6  5240.6  5240.6  5240.6  5240.6  5240.6  5240.6  
5509.21  5509.21  5509.21  5509.21  5509.21  5509.21  5509.21  5509.21  5509.21  5509.21  5509.21  5509.21  5509.21  5509.21  5509.21  5509.21  5509.21  5509.21  5509.21  5509.21  5509.21  5509.21  5509.21  5509.21  
5380.19  5380.19  5380.19  5380.19  5380.19  5380.19  5380.19  5380.19  5380.19  5380.19  5380.19  5380.19  5380.19  5380.19  5380.19  5380.19  5380.19  5380.19  5380.19  5380.19  5380.19  5380.19  5380.19  5380.19  
5324.64  5324.64  5324.64  5324.64  5324.64  5324.64  5324.64  5324.64  5324.64  5324.64  5324.64  5324.64  5324.64  5324.64  5324.64  5324.64  5324.64  5324.64  5324.64  5324.64  5324.64  5324.64  5324.64  5324.64  
5052.72  5052.72  5052.72  5052.72  5052.72  5052.72  5052.72  5052.72  5052.72  5052.72  5052.72  5052.72  5052.72  5052.72  5052.72  5052.72  5052.72  5052.72  5052.72  5052.72  5052.72  5052.72  5052.72  5052.72  
5441.67  5441.67  5441.67  5441.67  5441.67  5441.67  5441.67  5441.67  5441.67  5441.67  5441.67  5441.67  5441.67  5441.67  5441.67  5441.67  5441.67  5441.67  5441.67  5441.67  5441.67  5441.67  5441.67  5441.67  
5499.66  5499.66  5499.66  5499.66  5499.66  5499.66  5499.66  5499.66  5499.66  5499.66  5499.66  5499.66  5499.66  5499.66  5499.66  5499.66  5499.66  5499.66  5499.66  5499.66  5499.66  5499.66  5499.66  5499.66  
5113.15  5113.15  5113.15  5113.15  5113.15  5113.15  5113.15  5113.15  5113.15  5113.15  5113.15  5113.15  5113.15  5113.15  5113.15  5113.15  5113.15  5113.15  5113.15  5113.15  5113.15  5113.15  5113.15  5113.15  
5175.65  5175.65  5175.65  5175.65  5175.65  5175.65  5175.65  5175.65  5175.65  5175.65  5175.65  5175.65  5175.65  5175.65  5175.65  5175.65  5175.65  5175.65  5175.65  5175.65  5175.65  5175.65  5175.65  5175.65  
5113.15  5113.15  5113.15  5113.15  5113.15  5113.15  5113.15  5113.15  5113.15  5113.15  5113.15  5113.15  5113.15  5113.15  5113.15  5113.15  5113.15  5113.15  5113.15  5113.15  5113.15  5113.15  5113.15  5113.15  
5435.6  5435.6  5435.6  5435.6  5435.6  5435.6  5435.6  5435.6  5435.6  5435.6  5435.6  5435.6  5435.6  5435.6  5435.6  5435.6  5435.6  5435.6  5435.6  5435.6  5435.6  5435.6  5435.6  5435.6  
5376.32  5376.32  5376.32  5376.32  5376.32  5376.32  5376.32  5376.32  5376.32  5376.32  5376.32  5376.32  5376.32  5376.32  5376.32  5376.32  5376.32  5376.32  5376.32  5376.32  5376.32  5376.32  5376.32  5376.32  
5175.65  5175.65  5175.65  5175.65  5175.65  5175.65  5175.65  5175.65  5175.65  5175.65  5175.65  5175.65  5175.65  5175.65  5175.65  5175.65  5175.65  5175.65  5175.65  5175.65  5175.65  5175.65  5175.65  5175.65  
