3466.67  3466.67  3466.67  3466.67  3466.67  3466.67  3466.67  3466.67  3466.67  3466.67  3466.67  3466.67  3466.67  3466.67  
3352.31  3352.31  3352.31  3352.31  3352.31  3352.31  3352.31  3352.31  3352.31  3352.31  3352.31  3352.31  3352.31  3352.31  
2907.82  2907.82  2907.82  2907.82  2907.82  2907.82  2907.82  2907.82  2907.82  2907.82  2907.82  2907.82  2907.82  2907.82  
3305.25  3305.25  3305.25  3305.25  3305.25  3305.25  3305.25  3305.25  3305.25  3305.25  3305.25  3305.25  3305.25  3305.25  
4142.19  4142.19  4142.19  4142.19  4142.19  4142.19  4142.19  4142.19  4142.19  4142.19  4142.19  4142.19  4142.19  4142.19  
4091.98  4091.98  4091.98  4091.98  4091.98  4091.98  4091.98  4091.98  4091.98  4091.98  4091.98  4091.98  4091.98  4091.98  
2873.6  2873.6  2873.6  2873.6  2873.6  2873.6  2873.6  2873.6  2873.6  2873.6  2873.6  2873.6  2873.6  2873.6  
3171.43  3171.43  3171.43  3171.43  3171.43  3171.43  3171.43  3171.43  3171.43  3171.43  3171.43  3171.43  3171.43  3171.43  
3784.94  3784.94  3784.94  3784.94  3784.94  3784.94  3784.94  3784.94  3784.94  3784.94  3784.94  3784.94  3784.94  3784.94  
3054.1  3054.1  3054.1  3054.1  3054.1  3054.1  3054.1  3054.1  3054.1  3054.1  3054.1  3054.1  3054.1  3054.1  
3606.74  3606.74  3606.74  3606.74  3606.74  3606.74  3606.74  3606.74  3606.74  3606.74  3606.74  3606.74  3606.74  3606.74  
3748.03  3748.03  3748.03  3748.03  3748.03  3748.03  3748.03  3748.03  3748.03  3748.03  3748.03  3748.03  3748.03  3748.03  
4294.41  4294.41  4294.41  4294.41  4294.41  4294.41  4294.41  4294.41  4294.41  4294.41  4294.41  4294.41  4294.41  4294.41  
4424.88  4424.88  4424.88  4424.88  4424.88  4424.88  4424.88  4424.88  4424.88  4424.88  4424.88  4424.88  4424.88  4424.88  
3938.25  3938.25  3938.25  3938.25  3938.25  3938.25  3938.25  3938.25  3938.25  3938.25  3938.25  3938.25  3938.25  3938.25  
4526.7  4526.7  4526.7  4526.7  4526.7  4526.7  4526.7  4526.7  4526.7  4526.7  4526.7  4526.7  4526.7  4526.7  
4526.7  4526.7  4526.7  4526.7  4526.7  4526.7  4526.7  4526.7  4526.7  4526.7  4526.7  4526.7  4526.7  4526.7  
3938.05  3938.05  3938.05  3938.05  3938.05  3938.05  3938.05  3938.05  3938.05  3938.05  3938.05  3938.05  3938.05  3938.05  
4307.15  4307.15  4307.15  4307.15  4307.15  4307.15  4307.15  4307.15  4307.15  4307.15  4307.15  4307.15  4307.15  4307.15  
3581.16  3581.16  3581.16  3581.16  3581.16  3581.16  3581.16  3581.16  3581.16  3581.16  3581.16  3581.16  3581.16  3581.16  
