11681.4  11681.4  11681.4  11681.4  11681.4  11681.4  11681.4  11681.4  11681.4  11681.4  11681.4  11681.4  11681.4  11681.4  11681.4  11681.4  11681.4  11681.4  
12519.6  12519.6  12519.6  12519.6  12519.6  12519.6  12519.6  12519.6  12519.6  12519.6  12519.6  12519.6  12519.6  12519.6  12519.6  12519.6  12519.6  12519.6  
11857.3  11857.3  11857.3  11857.3  11857.3  11857.3  11857.3  11857.3  11857.3  11857.3  11857.3  11857.3  11857.3  11857.3  11857.3  11857.3  11857.3  11857.3  
12445.5  12445.5  12445.5  12445.5  12445.5  12445.5  12445.5  12445.5  12445.5  12445.5  12445.5  12445.5  12445.5  12445.5  12445.5  12445.5  12445.5  12445.5  
11781.9  11781.9  11781.9  11781.9  11781.9  11781.9  11781.9  11781.9  11781.9  11781.9  11781.9  11781.9  11781.9  11781.9  11781.9  11781.9  11781.9  11781.9  
12369.1  12369.1  12369.1  12369.1  12369.1  12369.1  12369.1  12369.1  12369.1  12369.1  12369.1  12369.1  12369.1  12369.1  12369.1  12369.1  12369.1  12369.1  
12067.5  12067.5  12067.5  12067.5  12067.5  12067.5  12067.5  12067.5  12067.5  12067.5  12067.5  12067.5  12067.5  12067.5  12067.5  12067.5  12067.5  12067.5  
12174  12174  12174  12174  12174  12174  12174  12174  12174  12174  12174  12174  12174  12174  12174  12174  12174  12174  
12635.2  12635.2  12635.2  12635.2  12635.2  12635.2  12635.2  12635.2  12635.2  12635.2  12635.2  12635.2  12635.2  12635.2  12635.2  12635.2  12635.2  12635.2  
12281.1  12281.1  12281.1  12281.1  12281.1  12281.1  12281.1  12281.1  12281.1  12281.1  12281.1  12281.1  12281.1  12281.1  12281.1  12281.1  12281.1  12281.1  
11951.9  11951.9  11951.9  11951.9  11951.9  11951.9  11951.9  11951.9  11951.9  11951.9  11951.9  11951.9  11951.9  11951.9  11951.9  11951.9  11951.9  11951.9  
11471.3  11471.3  11471.3  11471.3  11471.3  11471.3  11471.3  11471.3  11471.3  11471.3  11471.3  11471.3  11471.3  11471.3  11471.3  11471.3  11471.3  11471.3  
12674.2  12674.2  12674.2  12674.2  12674.2  12674.2  12674.2  12674.2  12674.2  12674.2  12674.2  12674.2  12674.2  12674.2  12674.2  12674.2  12674.2  12674.2  
11579.2  11579.2  11579.2  11579.2  11579.2  11579.2  11579.2  11579.2  11579.2  11579.2  11579.2  11579.2  11579.2  11579.2  11579.2  11579.2  11579.2  11579.2  
11193.9  11193.9  11193.9  11193.9  11193.9  11193.9  11193.9  11193.9  11193.9  11193.9  11193.9  11193.9  11193.9  11193.9  11193.9  11193.9  11193.9  11193.9  
11333.1  11333.1  11333.1  11333.1  11333.1  11333.1  11333.1  11333.1  11333.1  11333.1  11333.1  11333.1  11333.1  11333.1  11333.1  11333.1  11333.1  11333.1  
11193.9  11193.9  11193.9  11193.9  11193.9  11193.9  11193.9  11193.9  11193.9  11193.9  11193.9  11193.9  11193.9  11193.9  11193.9  11193.9  11193.9  11193.9  
11333.1  11333.1  11333.1  11333.1  11333.1  11333.1  11333.1  11333.1  11333.1  11333.1  11333.1  11333.1  11333.1  11333.1  11333.1  11333.1  11333.1  11333.1  
11482.6  11482.6  11482.6  11482.6  11482.6  11482.6  11482.6  11482.6  11482.6  11482.6  11482.6  11482.6  11482.6  11482.6  11482.6  11482.6  11482.6  11482.6  
12044.2  12044.2  12044.2  12044.2  12044.2  12044.2  12044.2  12044.2  12044.2  12044.2  12044.2  12044.2  12044.2  12044.2  12044.2  12044.2  12044.2  12044.2  
