5665.95  5665.95  5665.95  5665.95  5665.95  5665.95  5665.95  5665.95  5665.95  5665.95  5665.95  5665.95  5665.95  5665.95  5665.95  5665.95  5665.95  5665.95  5665.95  5665.95  5665.95  5665.95  5665.95  5665.95  
5348.43  5348.43  5348.43  5348.43  5348.43  5348.43  5348.43  5348.43  5348.43  5348.43  5348.43  5348.43  5348.43  5348.43  5348.43  5348.43  5348.43  5348.43  5348.43  5348.43  5348.43  5348.43  5348.43  5348.43  
5569.73  5569.73  5569.73  5569.73  5569.73  5569.73  5569.73  5569.73  5569.73  5569.73  5569.73  5569.73  5569.73  5569.73  5569.73  5569.73  5569.73  5569.73  5569.73  5569.73  5569.73  5569.73  5569.73  5569.73  
5683.56  5683.56  5683.56  5683.56  5683.56  5683.56  5683.56  5683.56  5683.56  5683.56  5683.56  5683.56  5683.56  5683.56  5683.56  5683.56  5683.56  5683.56  5683.56  5683.56  5683.56  5683.56  5683.56  5683.56  
5405.99  5405.99  5405.99  5405.99  5405.99  5405.99  5405.99  5405.99  5405.99  5405.99  5405.99  5405.99  5405.99  5405.99  5405.99  5405.99  5405.99  5405.99  5405.99  5405.99  5405.99  5405.99  5405.99  5405.99  
5153.39  5153.39  5153.39  5153.39  5153.39  5153.39  5153.39  5153.39  5153.39  5153.39  5153.39  5153.39  5153.39  5153.39  5153.39  5153.39  5153.39  5153.39  5153.39  5153.39  5153.39  5153.39  5153.39  5153.39  
5180.5  5180.5  5180.5  5180.5  5180.5  5180.5  5180.5  5180.5  5180.5  5180.5  5180.5  5180.5  5180.5  5180.5  5180.5  5180.5  5180.5  5180.5  5180.5  5180.5  5180.5  5180.5  5180.5  5180.5  
5626.59  5626.59  5626.59  5626.59  5626.59  5626.59  5626.59  5626.59  5626.59  5626.59  5626.59  5626.59  5626.59  5626.59  5626.59  5626.59  5626.59  5626.59  5626.59  5626.59  5626.59  5626.59  5626.59  5626.59  
5239.17  5239.17  5239.17  5239.17  5239.17  5239.17  5239.17  5239.17  5239.17  5239.17  5239.17  5239.17  5239.17  5239.17  5239.17  5239.17  5239.17  5239.17  5239.17  5239.17  5239.17  5239.17  5239.17  5239.17  
5721.92  5721.92  5721.92  5721.92  5721.92  5721.92  5721.92  5721.92  5721.92  5721.92  5721.92  5721.92  5721.92  5721.92  5721.92  5721.92  5721.92  5721.92  5721.92  5721.92  5721.92  5721.92  5721.92  5721.92  
5519.76  5519.76  5519.76  5519.76  5519.76  5519.76  5519.76  5519.76  5519.76  5519.76  5519.76  5519.76  5519.76  5519.76  5519.76  5519.76  5519.76  5519.76  5519.76  5519.76  5519.76  5519.76  5519.76  5519.76  
5461.21  5461.21  5461.21  5461.21  5461.21  5461.21  5461.21  5461.21  5461.21  5461.21  5461.21  5461.21  5461.21  5461.21  5461.21  5461.21  5461.21  5461.21  5461.21  5461.21  5461.21  5461.21  5461.21  5461.21  
5293.73  5293.73  5293.73  5293.73  5293.73  5293.73  5293.73  5293.73  5293.73  5293.73  5293.73  5293.73  5293.73  5293.73  5293.73  5293.73  5293.73  5293.73  5293.73  5293.73  5293.73  5293.73  5293.73  5293.73  
5800.44  5800.44  5800.44  5800.44  5800.44  5800.44  5800.44  5800.44  5800.44  5800.44  5800.44  5800.44  5800.44  5800.44  5800.44  5800.44  5800.44  5800.44  5800.44  5800.44  5800.44  5800.44  5800.44  5800.44  
5124.15  5124.15  5124.15  5124.15  5124.15  5124.15  5124.15  5124.15  5124.15  5124.15  5124.15  5124.15  5124.15  5124.15  5124.15  5124.15  5124.15  5124.15  5124.15  5124.15  5124.15  5124.15  5124.15  5124.15  
5780.58  5780.58  5780.58  5780.58  5780.58  5780.58  5780.58  5780.58  5780.58  5780.58  5780.58  5780.58  5780.58  5780.58  5780.58  5780.58  5780.58  5780.58  5780.58  5780.58  5780.58  5780.58  5780.58  5780.58  
5458.97  5458.97  5458.97  5458.97  5458.97  5458.97  5458.97  5458.97  5458.97  5458.97  5458.97  5458.97  5458.97  5458.97  5458.97  5458.97  5458.97  5458.97  5458.97  5458.97  5458.97  5458.97  5458.97  5458.97  
5232.53  5232.53  5232.53  5232.53  5232.53  5232.53  5232.53  5232.53  5232.53  5232.53  5232.53  5232.53  5232.53  5232.53  5232.53  5232.53  5232.53  5232.53  5232.53  5232.53  5232.53  5232.53  5232.53  5232.53  
5403.52  5403.52  5403.52  5403.52  5403.52  5403.52  5403.52  5403.52  5403.52  5403.52  5403.52  5403.52  5403.52  5403.52  5403.52  5403.52  5403.52  5403.52  5403.52  5403.52  5403.52  5403.52  5403.52  5403.52  
5293.08  5293.08  5293.08  5293.08  5293.08  5293.08  5293.08  5293.08  5293.08  5293.08  5293.08  5293.08  5293.08  5293.08  5293.08  5293.08  5293.08  5293.08  5293.08  5293.08  5293.08  5293.08  5293.08  5293.08  
