5227.81  5227.81  5227.81  5227.81  5227.81  5227.81  5227.81  5227.81  5227.81  5227.81  5227.81  5227.81  5227.81  5227.81  5227.81  5227.81  5227.81  5227.81  5227.81  5227.81  5227.81  5227.81  5227.81  5227.81  
5080.32  5080.32  5080.32  5080.32  5080.32  5080.32  5080.32  5080.32  5080.32  5080.32  5080.32  5080.32  5080.32  5080.32  5080.32  5080.32  5080.32  5080.32  5080.32  5080.32  5080.32  5080.32  5080.32  5080.32  
5315.17  5315.17  5315.17  5315.17  5315.17  5315.17  5315.17  5315.17  5315.17  5315.17  5315.17  5315.17  5315.17  5315.17  5315.17  5315.17  5315.17  5315.17  5315.17  5315.17  5315.17  5315.17  5315.17  5315.17  
4998.38  4998.38  4998.38  4998.38  4998.38  4998.38  4998.38  4998.38  4998.38  4998.38  4998.38  4998.38  4998.38  4998.38  4998.38  4998.38  4998.38  4998.38  4998.38  4998.38  4998.38  4998.38  4998.38  4998.38  
5165.39  5165.39  5165.39  5165.39  5165.39  5165.39  5165.39  5165.39  5165.39  5165.39  5165.39  5165.39  5165.39  5165.39  5165.39  5165.39  5165.39  5165.39  5165.39  5165.39  5165.39  5165.39  5165.39  5165.39  
5334.79  5334.79  5334.79  5334.79  5334.79  5334.79  5334.79  5334.79  5334.79  5334.79  5334.79  5334.79  5334.79  5334.79  5334.79  5334.79  5334.79  5334.79  5334.79  5334.79  5334.79  5334.79  5334.79  5334.79  
5247.25  5247.25  5247.25  5247.25  5247.25  5247.25  5247.25  5247.25  5247.25  5247.25  5247.25  5247.25  5247.25  5247.25  5247.25  5247.25  5247.25  5247.25  5247.25  5247.25  5247.25  5247.25  5247.25  5247.25  
5147.66  5147.66  5147.66  5147.66  5147.66  5147.66  5147.66  5147.66  5147.66  5147.66  5147.66  5147.66  5147.66  5147.66  5147.66  5147.66  5147.66  5147.66  5147.66  5147.66  5147.66  5147.66  5147.66  5147.66  
5480.77  5480.77  5480.77  5480.77  5480.77  5480.77  5480.77  5480.77  5480.77  5480.77  5480.77  5480.77  5480.77  5480.77  5480.77  5480.77  5480.77  5480.77  5480.77  5480.77  5480.77  5480.77  5480.77  5480.77  
5061.65  5061.65  5061.65  5061.65  5061.65  5061.65  5061.65  5061.65  5061.65  5061.65  5061.65  5061.65  5061.65  5061.65  5061.65  5061.65  5061.65  5061.65  5061.65  5061.65  5061.65  5061.65  5061.65  5061.65  
4967.58  4967.58  4967.58  4967.58  4967.58  4967.58  4967.58  4967.58  4967.58  4967.58  4967.58  4967.58  4967.58  4967.58  4967.58  4967.58  4967.58  4967.58  4967.58  4967.58  4967.58  4967.58  4967.58  4967.58  
5608.95  5608.95  5608.95  5608.95  5608.95  5608.95  5608.95  5608.95  5608.95  5608.95  5608.95  5608.95  5608.95  5608.95  5608.95  5608.95  5608.95  5608.95  5608.95  5608.95  5608.95  5608.95  5608.95  5608.95  
5546.92  5546.92  5546.92  5546.92  5546.92  5546.92  5546.92  5546.92  5546.92  5546.92  5546.92  5546.92  5546.92  5546.92  5546.92  5546.92  5546.92  5546.92  5546.92  5546.92  5546.92  5546.92  5546.92  5546.92  
5661.49  5661.49  5661.49  5661.49  5661.49  5661.49  5661.49  5661.49  5661.49  5661.49  5661.49  5661.49  5661.49  5661.49  5661.49  5661.49  5661.49  5661.49  5661.49  5661.49  5661.49  5661.49  5661.49  5661.49  
5412.07  5412.07  5412.07  5412.07  5412.07  5412.07  5412.07  5412.07  5412.07  5412.07  5412.07  5412.07  5412.07  5412.07  5412.07  5412.07  5412.07  5412.07  5412.07  5412.07  5412.07  5412.07  5412.07  5412.07  
4952.23  4952.23  4952.23  4952.23  4952.23  4952.23  4952.23  4952.23  4952.23  4952.23  4952.23  4952.23  4952.23  4952.23  4952.23  4952.23  4952.23  4952.23  4952.23  4952.23  4952.23  4952.23  4952.23  4952.23  
5661.49  5661.49  5661.49  5661.49  5661.49  5661.49  5661.49  5661.49  5661.49  5661.49  5661.49  5661.49  5661.49  5661.49  5661.49  5661.49  5661.49  5661.49  5661.49  5661.49  5661.49  5661.49  5661.49  5661.49  
5412.07  5412.07  5412.07  5412.07  5412.07  5412.07  5412.07  5412.07  5412.07  5412.07  5412.07  5412.07  5412.07  5412.07  5412.07  5412.07  5412.07  5412.07  5412.07  5412.07  5412.07  5412.07  5412.07  5412.07  
5487.42  5487.42  5487.42  5487.42  5487.42  5487.42  5487.42  5487.42  5487.42  5487.42  5487.42  5487.42  5487.42  5487.42  5487.42  5487.42  5487.42  5487.42  5487.42  5487.42  5487.42  5487.42  5487.42  5487.42  
5546.9  5546.9  5546.9  5546.9  5546.9  5546.9  5546.9  5546.9  5546.9  5546.9  5546.9  5546.9  5546.9  5546.9  5546.9  5546.9  5546.9  5546.9  5546.9  5546.9  5546.9  5546.9  5546.9  5546.9  
