5432.75  5432.75  5432.75  5432.75  5432.75  5432.75  5432.75  5432.75  5432.75  5432.75  5432.75  5432.75  5432.75  5432.75  5432.75  5432.75  5432.75  5432.75  5432.75  5432.75  5432.75  5432.75  5432.75  5432.75  
5565.18  5565.18  5565.18  5565.18  5565.18  5565.18  5565.18  5565.18  5565.18  5565.18  5565.18  5565.18  5565.18  5565.18  5565.18  5565.18  5565.18  5565.18  5565.18  5565.18  5565.18  5565.18  5565.18  5565.18  
5241.27  5241.27  5241.27  5241.27  5241.27  5241.27  5241.27  5241.27  5241.27  5241.27  5241.27  5241.27  5241.27  5241.27  5241.27  5241.27  5241.27  5241.27  5241.27  5241.27  5241.27  5241.27  5241.27  5241.27  
5394.37  5394.37  5394.37  5394.37  5394.37  5394.37  5394.37  5394.37  5394.37  5394.37  5394.37  5394.37  5394.37  5394.37  5394.37  5394.37  5394.37  5394.37  5394.37  5394.37  5394.37  5394.37  5394.37  5394.37  
5499.71  5499.71  5499.71  5499.71  5499.71  5499.71  5499.71  5499.71  5499.71  5499.71  5499.71  5499.71  5499.71  5499.71  5499.71  5499.71  5499.71  5499.71  5499.71  5499.71  5499.71  5499.71  5499.71  5499.71  
5364.53  5364.53  5364.53  5364.53  5364.53  5364.53  5364.53  5364.53  5364.53  5364.53  5364.53  5364.53  5364.53  5364.53  5364.53  5364.53  5364.53  5364.53  5364.53  5364.53  5364.53  5364.53  5364.53  5364.53  
5194.29  5194.29  5194.29  5194.29  5194.29  5194.29  5194.29  5194.29  5194.29  5194.29  5194.29  5194.29  5194.29  5194.29  5194.29  5194.29  5194.29  5194.29  5194.29  5194.29  5194.29  5194.29  5194.29  5194.29  
5411.46  5411.46  5411.46  5411.46  5411.46  5411.46  5411.46  5411.46  5411.46  5411.46  5411.46  5411.46  5411.46  5411.46  5411.46  5411.46  5411.46  5411.46  5411.46  5411.46  5411.46  5411.46  5411.46  5411.46  
5317.7  5317.7  5317.7  5317.7  5317.7  5317.7  5317.7  5317.7  5317.7  5317.7  5317.7  5317.7  5317.7  5317.7  5317.7  5317.7  5317.7  5317.7  5317.7  5317.7  5317.7  5317.7  5317.7  5317.7  
5514.64  5514.64  5514.64  5514.64  5514.64  5514.64  5514.64  5514.64  5514.64  5514.64  5514.64  5514.64  5514.64  5514.64  5514.64  5514.64  5514.64  5514.64  5514.64  5514.64  5514.64  5514.64  5514.64  5514.64  
5355.98  5355.98  5355.98  5355.98  5355.98  5355.98  5355.98  5355.98  5355.98  5355.98  5355.98  5355.98  5355.98  5355.98  5355.98  5355.98  5355.98  5355.98  5355.98  5355.98  5355.98  5355.98  5355.98  5355.98  
5462.04  5462.04  5462.04  5462.04  5462.04  5462.04  5462.04  5462.04  5462.04  5462.04  5462.04  5462.04  5462.04  5462.04  5462.04  5462.04  5462.04  5462.04  5462.04  5462.04  5462.04  5462.04  5462.04  5462.04  
5581.28  5581.28  5581.28  5581.28  5581.28  5581.28  5581.28  5581.28  5581.28  5581.28  5581.28  5581.28  5581.28  5581.28  5581.28  5581.28  5581.28  5581.28  5581.28  5581.28  5581.28  5581.28  5581.28  5581.28  
5149.11  5149.11  5149.11  5149.11  5149.11  5149.11  5149.11  5149.11  5149.11  5149.11  5149.11  5149.11  5149.11  5149.11  5149.11  5149.11  5149.11  5149.11  5149.11  5149.11  5149.11  5149.11  5149.11  5149.11  
5278.92  5278.92  5278.92  5278.92  5278.92  5278.92  5278.92  5278.92  5278.92  5278.92  5278.92  5278.92  5278.92  5278.92  5278.92  5278.92  5278.92  5278.92  5278.92  5278.92  5278.92  5278.92  5278.92  5278.92  
5543.56  5543.56  5543.56  5543.56  5543.56  5543.56  5543.56  5543.56  5543.56  5543.56  5543.56  5543.56  5543.56  5543.56  5543.56  5543.56  5543.56  5543.56  5543.56  5543.56  5543.56  5543.56  5543.56  5543.56  
5149.11  5149.11  5149.11  5149.11  5149.11  5149.11  5149.11  5149.11  5149.11  5149.11  5149.11  5149.11  5149.11  5149.11  5149.11  5149.11  5149.11  5149.11  5149.11  5149.11  5149.11  5149.11  5149.11  5149.11  
5192.71  5192.71  5192.71  5192.71  5192.71  5192.71  5192.71  5192.71  5192.71  5192.71  5192.71  5192.71  5192.71  5192.71  5192.71  5192.71  5192.71  5192.71  5192.71  5192.71  5192.71  5192.71  5192.71  5192.71  
5249.8  5249.8  5249.8  5249.8  5249.8  5249.8  5249.8  5249.8  5249.8  5249.8  5249.8  5249.8  5249.8  5249.8  5249.8  5249.8  5249.8  5249.8  5249.8  5249.8  5249.8  5249.8  5249.8  5249.8  
5309.9  5309.9  5309.9  5309.9  5309.9  5309.9  5309.9  5309.9  5309.9  5309.9  5309.9  5309.9  5309.9  5309.9  5309.9  5309.9  5309.9  5309.9  5309.9  5309.9  5309.9  5309.9  5309.9  5309.9  
