7175.07  7175.07  7175.07  7175.07  7175.07  7175.07  7175.07  7175.07  7175.07  7175.07  7175.07  7175.07  7175.07  7175.07  7175.07  7175.07  
6925.93  6925.93  6925.93  6925.93  6925.93  6925.93  6925.93  6925.93  6925.93  6925.93  6925.93  6925.93  6925.93  6925.93  6925.93  6925.93  
7222.26  7222.26  7222.26  7222.26  7222.26  7222.26  7222.26  7222.26  7222.26  7222.26  7222.26  7222.26  7222.26  7222.26  7222.26  7222.26  
6956.66  6956.66  6956.66  6956.66  6956.66  6956.66  6956.66  6956.66  6956.66  6956.66  6956.66  6956.66  6956.66  6956.66  6956.66  6956.66  
7119.46  7119.46  7119.46  7119.46  7119.46  7119.46  7119.46  7119.46  7119.46  7119.46  7119.46  7119.46  7119.46  7119.46  7119.46  7119.46  
7071.13  7071.13  7071.13  7071.13  7071.13  7071.13  7071.13  7071.13  7071.13  7071.13  7071.13  7071.13  7071.13  7071.13  7071.13  7071.13  
6779.76  6779.76  6779.76  6779.76  6779.76  6779.76  6779.76  6779.76  6779.76  6779.76  6779.76  6779.76  6779.76  6779.76  6779.76  6779.76  
6875.93  6875.93  6875.93  6875.93  6875.93  6875.93  6875.93  6875.93  6875.93  6875.93  6875.93  6875.93  6875.93  6875.93  6875.93  6875.93  
6825.76  6825.76  6825.76  6825.76  6825.76  6825.76  6825.76  6825.76  6825.76  6825.76  6825.76  6825.76  6825.76  6825.76  6825.76  6825.76  
7018.66  7018.66  7018.66  7018.66  7018.66  7018.66  7018.66  7018.66  7018.66  7018.66  7018.66  7018.66  7018.66  7018.66  7018.66  7018.66  
6757.8  6757.8  6757.8  6757.8  6757.8  6757.8  6757.8  6757.8  6757.8  6757.8  6757.8  6757.8  6757.8  6757.8  6757.8  6757.8  
6663.79  6663.79  6663.79  6663.79  6663.79  6663.79  6663.79  6663.79  6663.79  6663.79  6663.79  6663.79  6663.79  6663.79  6663.79  6663.79  
7000.19  7000.19  7000.19  7000.19  7000.19  7000.19  7000.19  7000.19  7000.19  7000.19  7000.19  7000.19  7000.19  7000.19  7000.19  7000.19  
6593.51  6593.51  6593.51  6593.51  6593.51  6593.51  6593.51  6593.51  6593.51  6593.51  6593.51  6593.51  6593.51  6593.51  6593.51  6593.51  
6710.26  6710.26  6710.26  6710.26  6710.26  6710.26  6710.26  6710.26  6710.26  6710.26  6710.26  6710.26  6710.26  6710.26  6710.26  6710.26  
6621.17  6621.17  6621.17  6621.17  6621.17  6621.17  6621.17  6621.17  6621.17  6621.17  6621.17  6621.17  6621.17  6621.17  6621.17  6621.17  
6710.26  6710.26  6710.26  6710.26  6710.26  6710.26  6710.26  6710.26  6710.26  6710.26  6710.26  6710.26  6710.26  6710.26  6710.26  6710.26  
7149.55  7149.55  7149.55  7149.55  7149.55  7149.55  7149.55  7149.55  7149.55  7149.55  7149.55  7149.55  7149.55  7149.55  7149.55  7149.55  
6841.04  6841.04  6841.04  6841.04  6841.04  6841.04  6841.04  6841.04  6841.04  6841.04  6841.04  6841.04  6841.04  6841.04  6841.04  6841.04  
6663.79  6663.79  6663.79  6663.79  6663.79  6663.79  6663.79  6663.79  6663.79  6663.79  6663.79  6663.79  6663.79  6663.79  6663.79  6663.79  
