5648.4  5648.4  5648.4  5648.4  5648.4  5648.4  5648.4  5648.4  5648.4  5648.4  5648.4  5648.4  5648.4  5648.4  5648.4  5648.4  5648.4  5648.4  5648.4  5648.4  5648.4  5648.4  5648.4  5648.4  
5411.44  5411.44  5411.44  5411.44  5411.44  5411.44  5411.44  5411.44  5411.44  5411.44  5411.44  5411.44  5411.44  5411.44  5411.44  5411.44  5411.44  5411.44  5411.44  5411.44  5411.44  5411.44  5411.44  5411.44  
5713.56  5713.56  5713.56  5713.56  5713.56  5713.56  5713.56  5713.56  5713.56  5713.56  5713.56  5713.56  5713.56  5713.56  5713.56  5713.56  5713.56  5713.56  5713.56  5713.56  5713.56  5713.56  5713.56  5713.56  
5608.44  5608.44  5608.44  5608.44  5608.44  5608.44  5608.44  5608.44  5608.44  5608.44  5608.44  5608.44  5608.44  5608.44  5608.44  5608.44  5608.44  5608.44  5608.44  5608.44  5608.44  5608.44  5608.44  5608.44  
5280.16  5280.16  5280.16  5280.16  5280.16  5280.16  5280.16  5280.16  5280.16  5280.16  5280.16  5280.16  5280.16  5280.16  5280.16  5280.16  5280.16  5280.16  5280.16  5280.16  5280.16  5280.16  5280.16  5280.16  
5236.97  5236.97  5236.97  5236.97  5236.97  5236.97  5236.97  5236.97  5236.97  5236.97  5236.97  5236.97  5236.97  5236.97  5236.97  5236.97  5236.97  5236.97  5236.97  5236.97  5236.97  5236.97  5236.97  5236.97  
5094.04  5094.04  5094.04  5094.04  5094.04  5094.04  5094.04  5094.04  5094.04  5094.04  5094.04  5094.04  5094.04  5094.04  5094.04  5094.04  5094.04  5094.04  5094.04  5094.04  5094.04  5094.04  5094.04  5094.04  
5844.45  5844.45  5844.45  5844.45  5844.45  5844.45  5844.45  5844.45  5844.45  5844.45  5844.45  5844.45  5844.45  5844.45  5844.45  5844.45  5844.45  5844.45  5844.45  5844.45  5844.45  5844.45  5844.45  5844.45  
5341.54  5341.54  5341.54  5341.54  5341.54  5341.54  5341.54  5341.54  5341.54  5341.54  5341.54  5341.54  5341.54  5341.54  5341.54  5341.54  5341.54  5341.54  5341.54  5341.54  5341.54  5341.54  5341.54  5341.54  
5863.59  5863.59  5863.59  5863.59  5863.59  5863.59  5863.59  5863.59  5863.59  5863.59  5863.59  5863.59  5863.59  5863.59  5863.59  5863.59  5863.59  5863.59  5863.59  5863.59  5863.59  5863.59  5863.59  5863.59  
5787.87  5787.87  5787.87  5787.87  5787.87  5787.87  5787.87  5787.87  5787.87  5787.87  5787.87  5787.87  5787.87  5787.87  5787.87  5787.87  5787.87  5787.87  5787.87  5787.87  5787.87  5787.87  5787.87  5787.87  
5479.25  5479.25  5479.25  5479.25  5479.25  5479.25  5479.25  5479.25  5479.25  5479.25  5479.25  5479.25  5479.25  5479.25  5479.25  5479.25  5479.25  5479.25  5479.25  5479.25  5479.25  5479.25  5479.25  5479.25  
5545.11  5545.11  5545.11  5545.11  5545.11  5545.11  5545.11  5545.11  5545.11  5545.11  5545.11  5545.11  5545.11  5545.11  5545.11  5545.11  5545.11  5545.11  5545.11  5545.11  5545.11  5545.11  5545.11  5545.11  
5048.89  5048.89  5048.89  5048.89  5048.89  5048.89  5048.89  5048.89  5048.89  5048.89  5048.89  5048.89  5048.89  5048.89  5048.89  5048.89  5048.89  5048.89  5048.89  5048.89  5048.89  5048.89  5048.89  5048.89  
4987.57  4987.57  4987.57  4987.57  4987.57  4987.57  4987.57  4987.57  4987.57  4987.57  4987.57  4987.57  4987.57  4987.57  4987.57  4987.57  4987.57  4987.57  4987.57  4987.57  4987.57  4987.57  4987.57  4987.57  
5166.8  5166.8  5166.8  5166.8  5166.8  5166.8  5166.8  5166.8  5166.8  5166.8  5166.8  5166.8  5166.8  5166.8  5166.8  5166.8  5166.8  5166.8  5166.8  5166.8  5166.8  5166.8  5166.8  5166.8  
4987.57  4987.57  4987.57  4987.57  4987.57  4987.57  4987.57  4987.57  4987.57  4987.57  4987.57  4987.57  4987.57  4987.57  4987.57  4987.57  4987.57  4987.57  4987.57  4987.57  4987.57  4987.57  4987.57  4987.57  
5166.8  5166.8  5166.8  5166.8  5166.8  5166.8  5166.8  5166.8  5166.8  5166.8  5166.8  5166.8  5166.8  5166.8  5166.8  5166.8  5166.8  5166.8  5166.8  5166.8  5166.8  5166.8  5166.8  5166.8  
5713.56  5713.56  5713.56  5713.56  5713.56  5713.56  5713.56  5713.56  5713.56  5713.56  5713.56  5713.56  5713.56  5713.56  5713.56  5713.56  5713.56  5713.56  5713.56  5713.56  5713.56  5713.56  5713.56  5713.56  
5415.68  5415.68  5415.68  5415.68  5415.68  5415.68  5415.68  5415.68  5415.68  5415.68  5415.68  5415.68  5415.68  5415.68  5415.68  5415.68  5415.68  5415.68  5415.68  5415.68  5415.68  5415.68  5415.68  5415.68  
