6615.48  6572.89  6629.36  6608.7  6628.85  6535.55  6631.05  6433.09  4735.01  2664.84  1577.38  5372.73  6366.56  849.215  2857.23  146.653  
6288.44  6236.75  6141.9  6270.54  6292.16  6179.48  6294.84  6088.93  5646.23  4921.87  1355.58  3494.21  6021.95  745.972  4222.13  30.1407  
6549.95  6503.21  6447.16  6538.78  6562.63  6460.94  6565.55  6362.25  5288.72  4520.36  1266.91  4423.82  6326.38  882.222  2656.43  134.006  
6705.47  6672.86  6630.34  6710.63  6729.19  6645.88  6733.66  6535.38  3269.78  4079.57  1636.95  4791.35  6516.02  876.775  3307.27  1963.91  
6413.33  6364.95  6297.42  6402.5  6423.38  6319.53  6426.16  6221.93  2786.87  5087  598.993  3655.09  6225.62  1795.85  3520.38  40.6784  
6024.23  5971.22  5846.74  6006.28  6023.78  5903.8  6026.15  5818.13  5473.43  5695.16  3483.68  2288.6  5760.94  1635.88  5836.14  12.8662  
6158.61  6105.24  5995.57  6139.6  6159.22  6042.87  6161.76  5954.78  2648.81  5299.2  2020.52  2902.19  5891.47  1170.91  5020.72  16.3377  
5181.3  5265.71  5195.9  5289.78  5284.76  5229.45  5175.87  5108.06  4965.47  5122.13  4531.47  2654.09  3800.97  1031.09  3913.34  69.7613  
5559.08  5590.38  5639.88  5636.91  5639.64  5506.48  5567.19  5434.82  4313.91  5388.6  4339.33  2198.95  4314.72  1217.64  4516.9  607.229  
5675.88  5685.22  5727.29  5728.9  5735.3  5605.41  5681.31  5530.29  4618.62  5460.23  3805.81  2218.75  4679.22  1260.96  4836.77  373.646  
5957.67  5915.8  5941.13  5952.53  5967.87  5845.97  5959.26  5762.36  4952.93  5646.51  3244.3  2271.01  5555.08  1379.99  5634.77  14.4065  
5436.69  5468.2  5451.52  5518.4  5516.4  5472.24  5420.27  5311.85  4878.93  5291.23  4266.42  2159.66  3853.93  1262.54  4772.56  75.9115  
5377.29  5414.32  5383.05  5466.13  5462.05  5439.17  5355.45  5257.61  4943.57  5249.27  4380.79  2144.99  3649.01  1262.94  4756.61  1.9817  
5785.95  5774.96  5810.04  5815.93  5825.82  5699.06  5789.74  5620.6  4898.51  5535  3492.65  2233.66  5020.46  1307.32  5146.05  235.461  
4918  5056.95  4932.36  5054.07  5045.95  4979.13  4923.89  4897.96  5054.7  4947.78  4804.73  3163.83  3746.36  792.47  3027.5  63.4205  
5143.89  5219.89  5146.32  5277.52  5265.94  5246.57  5122.04  5061.91  5258.45  5104.37  4937.27  2087.57  2906.56  1253.28  5121.59  4.08182  
6405.28  6352.2  6390.56  6387.88  6409.58  6301.73  6410.57  6208.42  4399.16  5001.35  840.331  4560.7  6152.76  1506.02  3012.22  90.4927  
6143.57  6089.57  6102.86  6125.3  6144.5  6028.42  6147.08  5939.56  3199.92  5521.83  643.163  2715.15  5917.45  1667.16  5061.06  21.9302  
6267.92  6219.2  6254.87  6257.35  6276.64  6167.82  6279.3  6073.33  5665.78  5518.63  2031.71  3022.59  6087.71  2262.15  4327.86  48.1437  
5840.69  5819.77  5851.85  5859.4  5871.01  5745.78  5843.41  5665.71  4882.84  5566.86  3353.05  2248.54  5192.07  1328.09  5298.98  128.535  
