5296.24  5406.84  5407.22  5385.65  5301.42  5405  5401.63  5265.62  5405.74  5373.58  5365.47  5333.97  5301.67  5244.03  5374.77  5408.48  5275.28  4942.38  4324.35  4465.28  4535.03  2655.2  3092.58  2792.58  
5368.94  5445.48  5448.85  5434.39  5400.73  5429.04  5421.5  5321.67  5448.49  5379.57  5373.97  5379.34  5332.81  5286.43  5406.12  5449.37  5295.69  4827.26  4021.51  4673.61  4575.41  3506.26  3599.64  2098.84  
5193.29  5334.76  5233.3  5284.47  5188.52  5295.39  5322.39  5326.97  5330.05  5325.75  5239.59  5245.58  5243.05  5232.87  5309.09  5336.19  5241.22  4709.61  4926.86  3939.12  3459.1  1359.9  1401.61  2565.11  
5326.96  5499.92  5500.15  5440.06  5426.39  5422.93  5495.08  5384.92  5347.81  5383.39  5468.89  5457.01  5359.51  5478.81  5471.18  5499.28  5342.62  5124.29  2357.07  4720.13  4711.74  3680.61  3467.18  4872.59  
5161.9  5288.03  5148.06  5211.49  5021.74  5178.69  5267.99  5149.3  5289.12  5282.93  5157.61  5258.58  5209.26  5223.06  5280.63  5285.33  5210.73  5099.62  3827.53  4429.28  4415.92  388.888  366.407  3788.44  
5240.48  5378.73  5339.68  5347.49  5215.83  5383.74  5366.79  5227.57  5374.68  5367.04  5304.79  5254.41  5275.38  5240.64  5347.62  5383.55  5264.89  5019.8  4807.51  4274.18  2490.3  2366.38  2561.28  2689.81  
5083.22  5109.44  5084.97  4865.76  4758.19  4833.22  5045.31  4892.93  4831.32  5046.04  4827.16  5091.38  4941.05  5042  5065.81  5083.21  5046.26  5058.85  4522.62  1793.68  4809.65  1167.36  0.105083  2272.76  
5139.81  5222.33  5137  5121.51  5123.7  4987.18  5183.87  5096.07  5223.51  5198.19  5031.64  5214.46  5161.99  5196.7  5213.65  5210.92  5198.83  5162.5  4689.69  2972  4826.41  10.6482  5.73187  2266.9  
5483.34  5538.86  5539.35  5489.29  5494.83  5434.85  5510.51  5451.04  5540.53  5436.62  5451.72  5499.72  5431.58  5533.36  5523.22  5543.81  5435.24  5538.49  2697.32  4499.61  2720.71  4062.66  2302.01  5031.12  
5575.62  5639.23  5638.98  5569.09  5621.8  5441.47  5556.68  5597.51  5602.62  5540.7  5547.84  5605.06  5575.08  5640.15  5651.79  5643.12  5632.68  5566.8  2833.42  4761.87  3783.92  4087.17  695.997  1884.99  
5070.5  5078.76  5078.96  4812.28  4763.06  4765.74  5006.8  4852.24  4765.52  5004.58  4768.75  5060.57  4901.75  5015.92  5028.48  5048.36  5027.61  5013.64  4898.95  2020.84  4822.14  1357.17  1.15925  1624.31  
5529.86  5682.21  5677.34  5600.48  5660.61  5440.63  5575.3  5649.5  5630.57  5570.21  5668.77  5645.18  5686.31  5677.03  5700.69  5678.27  5700.96  5621.88  2840.52  5018.93  2999.54  3920.39  327.612  604.556  
5545.49  5591.59  5594.28  5531.08  5563.59  5438.13  5536.04  5531.26  5574.57  5515.72  5505.97  5557.76  5573.03  5591.87  5594.05  5598.17  5543.16  5589.98  2764.98  4821.3  2157.67  4055.77  797.972  3966.55  
5572.93  5729.45  5723.56  5642.61  5717.3  5756.9  5597.06  5716.43  5670.14  5609.57  5725.19  5693.9  5760.77  5725.05  5760.16  5723.69  5592.08  5700.35  3025.28  5071.98  532.326  3886.95  99.4938  325.486  
5793.82  5809.98  5801.76  5716.64  5816.42  5814.86  5835.77  5831.04  5742.93  5682.05  5786.01  5776.45  5883.51  5807.26  5860.95  5842.95  5498.98  5870.37  4546.51  4640.75  1605.56  3258.44  172.602  1065.13  
5016.85  4971.73  5029.63  4569.81  4416.53  4619.77  4875.44  4659.64  4393.69  4860.33  4574.89  4943.88  4692.29  4869.25  4888.32  4927.29  4882.96  4915.37  4740.56  903.71  4806.25  2453.82  1.01283  1629.86  
5793.82  5809.98  5801.76  5716.64  5816.42  5814.86  5835.77  5831.04  5742.93  5682.05  5786.01  5776.45  5883.51  5807.26  5860.95  5842.95  5498.98  5870.37  4546.51  4640.75  1605.56  3258.44  172.602  1065.13  
5643.92  5744.17  5737.69  5656.57  5735.67  5777.88  5684.63  5737.34  5684.69  5624.17  5730.39  5708.83  5784.74  5740.01  5778.39  5754.49  5594.61  5741.12  3388.61  4886.26  274.376  3893.33  60.9001  885.926  
5132.56  5201.86  5134.43  5094.35  5141.42  4927.47  5157.76  5077.08  5202.27  5170.83  4992.76  5197.31  5147.25  5188.51  5190.78  5187.68  5192.81  5177.54  4801.74  4618  4953.24  1048.26  5.18169  1813.63  
5012.83  4974.09  5017.6  4542.28  4343.23  4649.87  4880.06  4623.3  4364.93  4864.16  4580.65  4941.99  4678.37  4859.12  4887.69  4930.16  4869.06  4994.9  4466.4  960.397  4211.67  2734.9  80.7168  2027.77  
