3082  3081.18  3027.68  3062.17  2776.23  3047.39  3004.84  3070.26  2787.25  3021.44  3000.04  3050.94  3081.83  2983.39  
4409.42  4356.25  4359.54  4485.72  4374.01  4257.46  4388.51  4417.38  4494.55  4494.72  4420.41  4248.33  4402.54  4183.02  
3524.56  3547.67  3537.21  3521.22  3325.04  3421.89  3389.99  3518.59  3352.55  3419.5  3510.46  3348.11  3461.82  3221.92  
4122.41  3951.31  4096.33  4134.86  3984.98  3960.71  4048.2  4124.99  4147.47  4029.6  4120.81  4109.86  4147.32  4101.53  
3394.82  3396.45  3406.2  3384.36  3120.63  3297.83  3385.81  3386.72  3384.55  3364.74  3365.97  3285.66  3380.6  3264.87  
3341.16  3339.56  3345.8  3331.58  3059.7  3251.46  3335.2  3332.32  3335.23  3310.85  3304.51  3251.33  3338.46  3274.43  
2959.77  2956.95  2881.24  2932.79  2692.87  2948.44  2844.13  2946.57  2964.66  2867.71  2857.49  2960.68  2964.61  2949.71  
4161.42  4064.03  4125.91  4183.63  4037.54  4000.89  4105.35  4164.73  4194.8  4088.42  4162.23  4188.14  4174.55  4107.16  
3765.9  3759.23  3776.7  3766.79  3599.69  3642.9  3649.52  3763.56  3666.95  3696.66  3772.57  3520.2  3643.8  3626.79  
3585.6  3607.77  3606.69  3562.36  3339.71  3473.43  3449.91  3580.42  3431  3543.23  3580.32  3388.5  3500.22  3017.83  
3798.59  3815.63  3812.59  3816.78  3666.1  3676.03  3685  3796.86  3705.53  3759.18  3811.58  3526.34  3675.94  3789.07  
4484.43  4462.33  4433.77  4577.17  4473.16  4345.58  4546.49  4494.21  4585.23  4544.84  4517.34  4299.31  4433.04  4033.49  
3981.63  3768.56  3953.04  3938.18  3790.88  3830.86  3890.34  3982.09  3974.58  3679.68  3981.16  3813.18  3873.32  3923.36  
4285.94  4325.9  4241.72  4338.4  4206.15  4130.2  4263.11  4291.63  4345.65  4291.48  4295.29  4255.83  4288.41  4121.07  
3208.94  3209.46  3184.03  3191.93  2915  3147.31  3092.78  3198.62  3197.08  3159.31  3149.48  3147.52  3205.18  3062.3  
2859.02  2854.87  2785.88  2828.09  2601.89  2868.01  2793.75  2844.66  2865.09  2739.17  2739.45  2885.16  2867.43  2815.3  
3961.26  3865.77  3933.05  3911.46  3764.09  3812.19  3919.4  3961.42  3949.06  3636.61  3961.15  3959.95  3845.31  3896.89  
4282.28  4340.88  4233.37  4334.06  4201.01  4126.17  4264.19  4287.89  4341.27  4281.97  4291.18  4296.02  4278.83  4121.6  
3205.22  3205.52  3179.84  3188.27  2910.78  3144.1  3089.28  3194.85  3193.63  3155.58  3145.22  3145.14  3202.26  3194.35  
2857.17  2852.91  2783.79  2826.27  2599.79  2866.41  2792.01  2842.78  2863.37  2737.31  2737.32  2883.97  2865.98  2881.07  
