3321.25  3164.33  3419.99  3312.76  3410.09  3308.58  3407.68  3321.57  3174.58  3405.76  3463.39  3431.09  3373.27  3421.16  
2946.11  2938.73  2964.98  2870.55  2972.94  2651.44  2920.47  2946.55  2732.22  2951.41  2967.75  2981.16  2950.13  2915.89  
3532.58  3585.71  3592.44  3479.67  3533.6  3492.33  3571.2  3452.48  3400.41  3579.18  3594.21  3603.1  3604.28  3586.46  
4216.05  4201.57  4193.89  4036.79  4017.49  4222.65  4194.8  4207.9  4152.39  4177.62  4199.39  4200.27  4224.55  4196.05  
3632.38  3648.69  3682.69  3680.55  3610.54  3608.46  3669.83  3596.77  3480.27  3669.15  3674.47  3681.2  3652.74  3681.54  
4164.64  4149.03  4148.72  4014.19  3983.68  4170.07  4153.2  4155.06  4172.48  4133.06  4161.02  4136.67  4124.72  4154.88  
4053.86  4037.56  4052.63  3968.48  3908.24  4056.89  4054.78  4038.45  4041.76  4037.56  4048.81  4040.28  4014.53  4058.03  
3736.92  3739.67  3775.11  3769.39  3686.02  3722.41  3766.94  3705.88  3628.82  3761.3  3759.36  3769.12  3733.5  3776.17  
3312.7  3160.36  3415.5  3308.57  3409.08  3309.33  3402.62  3357.62  3168.86  3401.26  3412.85  3426.56  3396.24  3415.11  
4369.61  4345.75  4325.1  4171.24  4227.01  4377.16  4341  4364.27  4361.43  4308.79  4371.55  4369.75  4263.46  4339.68  
3155.04  3131.14  3263.72  3161.25  3273.92  3095.94  3258.86  3230.68  3021.54  3249.68  3237.24  3276.42  3252.24  3266.14  
3071.47  3132.43  3111.96  3013.48  3113.82  2867.44  3104.1  3130.08  2874.08  3098.18  3080  3126.45  3090.49  3073.17  
4485.31  4464.52  4424.74  4254.14  4445.13  4493.26  4444.07  4490.62  4475.74  4407.86  4486.64  4277.19  4366.69  4441.31  
4536.34  4509.78  4468.61  4296  4466.94  4545.19  4492.24  4538.74  4519.1  4451.66  4540.85  4442.81  4389.27  4488.6  
2870.15  2825.2  2864.44  2772.74  2873.45  2502.57  2797.2  2835.92  2747.68  2851.03  2881.76  2881.79  2860.49  2801.74  
3894.01  3876.29  3913.97  3902.91  3799.45  3893.62  3912.89  3869.71  3851.66  3899.77  3886.95  3901.25  3854.68  3918.38  
2869.74  2824.61  2863.63  2771.91  2872.59  2501.34  2796.38  2835.36  2746.89  2850.22  2880.97  2880.99  2859.6  2779.83  
3142.81  3234.4  3251.31  3156.77  3262.97  3079.52  3245.89  3226.91  3009.24  3237.28  3216.13  3264.12  3243.69  3252.88  
3893.79  3876.1  3913.78  3902.72  3799.29  3893.38  3912.68  3869.48  3851.35  3899.57  3886.77  3901.06  3854.5  3918.18  
3017.58  3086.19  3093.09  2995.3  3108  3074.05  3077.18  3060.92  2856.5  3079.3  3093.36  3107.75  3042.63  3077.65  
