5533.57  5611.41  5615.47  5620.34  5587.56  5598.66  5547.58  5600.8  5606.95  5542.4  5586.99  5521.66  5589.3  5494.27  5520.83  5631.88  5471.6  5441.26  3538.84  2890.19  4946.31  2389.34  2709.26  1985.91  
5547.95  5649.93  5605.96  5642.38  5606.64  5626.13  5565.09  5627.21  5622.14  5550.48  5609.63  5538.28  5610.38  5514.73  5552.53  5654.02  5500.82  5463.43  3391.53  3089.53  3965.13  1917.55  2759.2  2323.83  
5288.85  5352.47  5213.67  5334.87  5340.63  5271.83  5269.69  5304.9  5270.65  5286.25  5314.39  5215.42  5306.2  5230.2  5340.67  5351.19  5350.79  5066.55  3831.67  2803.71  1635.23  3145.77  920.902  3572.68  
5552.15  5510.38  5498.44  5545.65  5524.23  5509.93  5477.24  5520.91  5535.08  5498.61  5500.18  5418.63  5509.7  5407.1  5386.38  5556.48  5385.74  5351.5  5223.09  1134.73  2037.73  2474.18  3175.58  663.436  
5182.84  5329.61  5175.24  5375.72  5377.21  5317.31  5386.22  5300.98  5370.75  5354.93  5326.86  5286.4  5374.48  5221.69  5226.97  5388.15  5337.81  5273.45  2642.76  4894.68  3181.15  2083.82  327.376  1800.7  
5667.12  5678.69  5675.57  5670.58  5629.98  5664.3  5591.16  5656.66  5619.5  5526.65  5646.28  5681.48  5640.91  5557.14  5620.97  5682.49  5453.75  5497.92  4750.17  3731.91  2550.17  2479.45  1948.62  3986.63  
5585.98  5537.6  5578.62  5573.24  5547.65  5537.19  5497.1  5553.12  5534.85  5527.94  5532.87  5583.55  5535.26  5446.81  5424.62  5584.02  5398.81  5369.36  5054.97  1825.81  1910.14  4764.47  2919.56  868.302  
5328.51  5389.23  5274.48  5412.96  5409.69  5330.06  5400.67  5353.15  5357.19  5415.69  5366.66  5271.31  5399.85  5281.45  5252.39  5424.74  5403.21  5261.32  2569.03  4494.35  2009.91  3609.42  66.1294  888.784  
5556.73  5782.78  5504.1  5775.73  5717.63  5778.86  5706.7  5755.38  5726.85  5653.08  5779.54  5776.94  5764.39  5695.61  5788.6  5789.2  5447.08  5647.1  3425.78  4016.42  3232.84  4911.19  1498.85  5520.62  
5573.54  5733.46  5562.88  5725.68  5675.96  5724.13  5651.98  5708.27  5669.1  5598.28  5715.85  5729.16  5705.75  5628.84  5713.23  5738.42  5475.89  5576.36  4118.13  4496.64  3394.02  4079.94  1623.57  4827.56  
5453.52  5427.95  5358.79  5447.04  5439.35  5356.58  5412.3  5401.12  5344.36  5460.13  5402.49  5283.53  5422.57  5330.84  5272.3  5458.18  5413.24  5256.2  2642.51  4165.73  1071.5  5253.65  24.5437  75.3839  
5105.61  5252.51  5208.39  5240.28  5258.98  5204.85  5183.09  5200.84  5153.14  5084.33  5229.2  5260.29  5227.12  5146.33  5259.99  5259.83  5171.75  4825.8  4453.54  4532.91  3231.34  1318.4  2190.08  4667.81  
5117.85  5245.73  5014.02  5225.81  5247.04  5184.07  5164.21  5187.47  5084.85  5031.79  5218.13  5248.71  5215.26  5152.05  5215.68  5246.04  5123.72  4973.47  4557.59  4429.54  3328.54  1241.12  2770.5  4137.2  
5557.1  5817.95  5595.21  5810.5  5746.64  5812.38  5747.03  5786.75  5792.93  5718.5  5823.46  5695.25  5806.31  5739.65  5817.23  5824.55  5722.55  5698.77  4060.84  2693.46  3037.66  3110.59  1502.97  5007.26  
5498.76  5465.19  5433.9  5497.77  5482.93  5438.33  5446.19  5462.1  5437.81  5479.12  5453.05  5491.78  5467.86  5369.3  5332.03  5508.77  5389.29  5307.79  3799.72  2787.44  1562.41  3846.5  1743.79  450.456  
5193.15  5300.5  5294.96  5285.72  5298.18  5237.24  5224.61  5250.9  5210.71  5181.92  5270.15  5238.83  5265  5186.28  5299.97  5303.72  5258.53  4455.58  4157.21  3699.9  2461.95  2195.56  1571.33  4162.98  
5671.19  5737.8  5679.73  5730.19  5679.64  5727.43  5657.41  5712.1  5702.84  5604.57  5722.08  5669.44  5711.33  5635.67  5699.59  5743.01  5715.36  5583.4  5652.1  2545.03  2149.09  1953.87  1807.17  4347.18  
5562.13  5813.22  5603.02  5805.71  5742.65  5807.16  5741.77  5782.25  5788.04  5712.75  5817.4  5690.9  5800.69  5733.35  5809.6  5819.7  5722.86  5691.98  4121.12  2680.51  3006.58  2999.9  1523.44  2020.93  
5498.76  5465.19  5433.9  5497.77  5482.93  5438.33  5446.19  5462.1  5437.81  5479.12  5453.05  5491.78  5467.86  5369.3  5332.03  5508.77  5389.29  5307.79  3799.72  2787.44  1562.41  3846.5  1743.79  450.456  
5193.15  5300.5  5294.96  5285.72  5298.18  5237.24  5224.61  5250.9  5210.71  5181.92  5270.15  5238.83  5265  5186.28  5299.97  5303.72  5258.53  4455.58  4157.21  3699.9  2461.95  2195.56  1571.33  4162.98  
