5186.12  5090.67  5247.92  5162.9  5151.17  5159.68  5032.34  5189.68  5234.33  5178.47  5193.91  5201.13  5174.31  5231.75  5238.37  5199.78  5062.69  4953.16  4452.85  2467.96  3653.06  4256.83  4746.11  1303.96  
5124.4  5036.82  5199.69  5153.89  5092.62  5133.53  5132.99  5139.33  5198.08  5148.01  5148.44  5144.53  5116.17  5178.31  5199.75  5182.74  5008.45  4998.64  4973.44  2646.86  3991.69  4537.61  4686.75  921.03  
5300.92  5203.31  5336.86  5176.37  5323.52  5226.48  5187.49  5310.28  5310.98  5242.33  5275.17  5308.29  5282.41  5042.1  5312.3  5273.18  5253.66  4848.6  4541.16  3355.29  2953.55  4030  4932.23  973.469  
5258.93  5154.21  5305.01  5173.84  5228.65  5182.55  5143.28  5273.33  5273.13  5212.33  5248.3  5274.51  5242.03  5291.68  5283.77  5240.03  5117.2  4824.76  4678.52  2139.82  3193.84  3718.41  4809.36  1190.87  
5220.54  5154.88  5274.67  5171.13  5182.63  5169.12  5235  5231.75  5251.88  5193.35  5219.76  5236.91  5206.17  5253.8  5259.68  5219.73  5082.79  4880.48  4720.41  1409.91  3426.03  3973.86  4979.62  1899.63  
5432.61  5334.03  5439.29  5359.07  5439.82  5363.48  5397.27  5371.6  5395.54  5423.75  5370.51  5430.3  5386.17  5432.11  5349.37  5353.85  5417.75  5141.94  4393.85  4933.09  2998.87  119.848  4581.17  2297.53  
5326.06  5209.2  5357.37  5211.66  5362.2  5212.58  5238.79  5287.01  5311.25  5272.65  5297.13  5341.27  5290  5301.66  5357.06  5293.02  5328.57  4803.81  5090.74  2551.74  2475.96  2858.72  5088.36  1425.34  
5609.13  5543.27  5585.01  5568.53  5581.05  5606.18  5587.54  5594.41  5514.07  5605.84  5502.6  5605.51  5572.88  5575.32  5556.51  5578.37  5490.71  5380.78  5274.76  5089.33  4378.27  1061.83  2748.49  1764.54  
5576.64  5510.97  5556.61  5525.95  5551.79  5543.96  5558.88  5545.46  5497.58  5570.93  5476.29  5570.94  5541.58  5520.82  5474.08  5532.55  5451.09  5025.62  4065.98  4983.75  4070.18  704.954  3791.69  2611.39  
5034.2  5066.31  4910.43  5095.96  4958.98  5070.68  5034.04  5046.83  5043.73  5098.05  5086.28  5061.39  5031.09  5054.22  5060.12  4932.78  4824.79  5066.82  4812.3  576.393  4640.7  4539.84  4329.11  3670.96  
5393.62  5287.92  5409.3  5295.18  5411.54  5271.82  5356.84  5314.55  5367.76  5391.85  5343.79  5401.68  5344.42  5346.92  5353.91  5320.38  5410.02  4943.33  4612.26  3670.65  2652.67  383.702  5173.08  2613.35  
5010.08  5062.44  4856.83  5085.33  4928.47  5056.55  5034.28  5024.15  5013.46  5085.28  5069.19  5039.2  5008.36  5026.04  5031.81  4890.37  4787.02  5084.87  4869.26  276.124  4797.52  4584.74  4262.82  4046.81  
5638.46  5582.34  5608.62  5595.87  5602.92  5623.31  5624.87  5620.8  5537.16  5637.88  5523.74  5635.6  5605.39  5566.06  5571.47  5541.63  5487.04  5227.16  4037.12  4901.85  4545.71  258.419  3794.09  3906.22  
5534.07  5461.47  5521.11  5478.36  5517.08  5487.59  5512.8  5493.78  5469.76  5525.61  5443.97  5527.48  5497.61  5487.53  5414.66  5530.64  5428.44  4968.61  4096.94  5010.34  3745.73  1084.88  4382.98  1337.59  
5092.72  5092.81  5106.18  5134.21  5034.81  5108.12  5087.95  5104.56  5138.8  5128.97  5127.16  5115.64  5086.22  5123.36  5147.3  5147.6  4928.75  5019.04  4855.45  875.221  4227.54  4481.28  4767.75  2925.72  
5489.31  5403.58  5485.51  5427.74  5483.97  5437.47  5459.75  5442.62  5435.46  5481.08  5412.18  5485.45  5447.81  5470.29  5399.37  5482.11  5430.81  5411.87  2193.13  4996.51  3434.44  285.502  4132.71  849.653  
5090.63  5093.49  5142.65  5132.87  5031.71  5106.67  5085.65  5102.42  5135.22  5127.81  5125.72  5113.71  5084.25  5120.48  5144.07  5141.8  4924.49  5020.62  4851.71  827.188  4242.6  4481.33  4759.46  2989.52  
5155.36  5090.92  5206.56  5153.46  5112.97  5142.74  5050.83  5161.68  5202.95  5162.18  5171.92  5172.97  5145.3  5196.17  5208.44  5182.19  5018.75  4974.89  4586.29  1953.69  3842.13  4331.4  4751.45  1827.51  
5489.31  5403.58  5485.51  5427.74  5483.97  5437.47  5459.75  5442.62  5435.46  5481.08  5412.18  5485.45  5447.81  5470.29  5399.37  5482.11  5430.81  5411.87  2193.13  4996.51  3434.44  285.502  4132.71  849.653  
5548.48  5472.02  5534.78  5497.88  5532.19  5522.68  5522.21  5518.52  5473.81  5542.72  5457  5544.88  5509.35  5525.04  5480.69  5534  5462.63  5428.66  4273.16  5054.64  3906.53  832.052  3069.88  1122.41  
