6364.74  6395.6  6432.97  6406.6  6442.04  6444.53  6391.93  6430.14  2984.72  5573.16  5082.28  3622.27  3676.11  1629.06  2831.41  1168.46  
5969.35  5986.52  5918.09  5947.1  5981.46  5949.74  5982.52  5945.53  5334.69  816.942  5347.91  4138.48  4860.62  2068.71  1061.83  1626.91  
6761.04  6790.39  6767.76  6778.61  6772.34  6795.36  6793.19  6764.44  1617.16  4455.87  1999.86  1251.74  6067.8  4755.47  4.06009  575.369  
6717.89  6746.34  6707.89  6738.92  6718.51  6753.46  6742.84  6722.65  1666.12  4537.81  3027.72  4801.16  5971.68  4622.09  1372.88  809.987  
6540.36  6618.6  6569.34  6539.93  6452.83  6632.68  6443.63  6601.4  1851.71  5055  4523.71  4374.86  4003.26  4941.5  1125.64  2703.61  
6080.6  6098.16  6052.73  6085.56  5950.7  6090.44  6014.1  6078.24  3984.97  4807.04  4081.82  4002.56  3364.48  185.774  949.23  2106.61  
6285.47  6293.02  6311.43  6318.41  6182.24  6342.2  6222.84  6323.86  2835.11  4974.22  3698.23  3782.04  3372.45  1017.15  881.948  1643.71  
6551.06  6590.81  6547.42  6519.22  6493.57  6608.13  6515.6  6577.55  2517.36  6092.84  1828.42  4418.25  6026.6  4425.56  5212.95  842.766  
6440.61  6283.95  6441.07  6436.95  6379.92  6487.25  6432.25  6461.11  3289.18  6102.83  2059.89  4036.1  6101.06  3805.39  5038.19  552.663  
6869.5  6899.11  6880.26  6827.23  6892.74  6898.94  6896.98  6867.66  1708.62  5704.2  765.837  285.406  6135.41  5175.52  1532.09  1421.22  
7097.13  7099.26  7111.58  7022.77  7111.24  7089.91  7014  7057.96  1003.86  5394.95  2443.83  4757.25  6120.55  3286.37  648.843  6062.82  
6966.63  6994.8  7001.85  6926.28  7001.71  6990.05  6988.05  6958.49  1409.11  5503.83  272.092  2025.22  6205.61  5520.67  2.24715  4533.34  
6193.5  6198.99  6200.7  6202.79  6075.93  6225.5  6206.78  6214.2  4017.31  5060.26  4749.79  3896.08  1988.55  578.694  982.368  1504.97  
6175.58  6183.38  6178.51  6181.54  6202.62  6203.18  6192.72  6192.78  4176.27  5493.86  4947.84  3916.47  4642.7  665.868  993.932  1188.41  
6282.44  6348.18  6331.01  6315.54  6341.04  6345.23  6302.94  6333.14  3093.21  4845.33  5170.64  3698.91  1105.4  383.478  104.62  1376.87  
5938.99  5926.6  5879.19  5913.75  5895.76  5912.82  5940.36  5909.07  5411.74  5652.79  5461.18  4169.39  4033.91  1921.09  1064.58  1847.43  
5251.05  4777.05  5196.95  5152.01  5131.07  5254.76  5065.86  5202.62  5246.72  4560.46  3601.26  3128.06  2310.21  3513.97  1607.16  2868.8  
5263.8  4789.01  5196.79  5167.15  5136.22  5256.1  5034.88  5207.5  5140.5  4672.38  3650.71  2932.66  5011.59  3472.64  1784.1  329.764  
5638.55  5494.58  5576.04  5585.77  5500.58  5624.3  5629.14  5598.65  5399.17  4248.25  2807.58  4061.56  3822.18  3647.48  979.751  2026.92  
5605.88  5384.48  5567.53  5550.23  5483.73  5615.04  5593.42  5582.14  5444.29  4309.04  4307.24  4344.91  2506.14  3533.35  743.269  2844.36  
