11890.3  11848.9  11897.1  11957.2  11915.9  11861.9  11674.7  11696.6  11861.8  11907.8  11813.3  11862  11892.5  11921.5  10265.7  10569.2  10515.2  1964.76  
11934.6  11877  11919.4  11985.5  11970.7  11911.5  11714.5  11712.1  11906.9  11927.4  11847.1  11890.7  11960.3  11963.8  10192.8  10427  11019.3  1977.75  
12135.8  12232.2  12106.3  12193.6  12149.1  12223.8  12228.4  11985  12251.9  12236.8  12193.5  12252.3  12230.8  12219.4  11443.6  8940.76  11420.8  7817.53  
12010.9  12016  11991.8  12064.5  12034.8  12027.7  11909.6  11821.1  12038  12047.8  11981.4  12029.1  12055.6  12059  10690.1  8758.26  10210.8  4128.86  
11414.7  11563.8  11579.6  11609.7  11585.2  11313.9  11481.1  11522.3  11606.8  11471.4  11540.7  11557.3  11611.9  11514.9  10192  10534.8  10942.9  1415.01  
11730.3  11717.6  11788.8  11832.8  11787  11659.2  11674.9  11614.1  11824.3  11813.6  11812.4  11724.9  11827.5  11772.4  10253  10502.5  11587.2  227.995  
12510.8  12529.4  12473.7  12503.6  12528.3  12429.1  12446.3  12362.2  12534.6  12507.5  12452.9  12466.7  12534.2  12417  12048.5  8413.65  10598.3  8864.76  
11758.8  11736.5  11806.2  11852.7  11827.6  11692  11753.5  11625.7  11838  11829.7  11823.8  11745  11850.4  11797.8  10138.9  10557.8  11545.1  1972.35  
12081.1  12143.4  12058.2  12137.2  12094  12134.6  12120.2  11920.9  12158.5  12158.2  12104.6  12156.1  12143.6  12146.5  11145.2  7309.13  9541.13  6110.09  
12552.5  12569.6  12510.5  12537.9  12569.5  12469.5  12486.1  12403  12572.7  12545.9  12489.5  12500.4  12574  12445.4  12142.5  8601.67  10511  9355.4  
11086  11404.8  11363.1  11397.3  11337.6  11386  11393.4  11383.5  11377.8  11118.8  11406.4  11383.9  11388.6  11388.2  10315.8  10748  11105.3  7592.21  
10980  11353.6  11293.1  11326.8  11262.6  11320.6  11336.8  11312.6  11303.9  11004.6  11347.4  11328  11316  11332.6  10335.4  10839  11140.5  8935.84  
12271.5  12335.7  12227.8  12296.5  12268.5  12343.1  12336.9  12112.5  12341.2  12345  12280  12320.7  12329.9  12282.8  11606.6  7036.94  9244.04  8709.2  
11573.1  11640.1  11684.4  11721.4  11681.7  11685.7  11652.9  11708  11717.2  11643.7  11677.7  11640.6  11721.8  11643.8  10226.1  10332  10947.5  1425.16  
12413.2  12443.2  12363.4  12411.3  12420.7  12418.1  12428  12250  12443.1  12444.5  12374.4  12396.8  12444.4  12355.4  11819.2  6560.47  8994.01  11873.5  
11273.9  11496  11487.2  11511  11471.4  11514  11454.6  11470.4  11508  11321.5  11423.8  11483.3  11510.4  11400  10204.5  10633.2  11015.8  4538.92  
11571.7  11639.4  11683.5  11720.4  11680.8  11685.9  11652.7  11708.8  11716.2  11642.1  11676.5  11639.8  11720.8  11642.7  10225.9  10330.5  10941.8  1435.95  
11413.7  11563  11579.2  11617  11569.2  11582.9  11572.9  11607.3  11606.2  11471.8  11581.1  11556.4  11612.4  11552.1  10266.6  10460.8  11029.9  3512.44  
11273.9  11496  11487.2  11511  11471.4  11514  11454.6  11470.4  11508  11321.5  11423.8  11483.3  11510.4  11400  10204.5  10633.2  11015.8  4538.92  
12272.1  12333.2  12226.2  12295.5  12275.5  12341.7  12343.4  12109.7  12338.8  12343.7  12278.4  12318.3  12330.7  12282.1  11598.8  6887  9317  8611.79  
