5687.42  5691.72  5678.33  5546.63  5680.43  5673.82  5603.14  5677.45  5656.27  5711.56  5611.71  5701.61  5614.25  5700.46  5640.09  5624.08  5509.11  4561.62  4728.74  2714.61  2661.44  4969.86  541.24  4340.93  
5622.13  5617.61  5604.95  5467.58  5625.95  5620.99  5566.73  5607.61  5616.07  5645.49  5552.91  5638.71  5560.69  5628.91  5554.66  5586.48  5484.61  4471.43  4349.66  3624.76  1244.2  4699.65  502.792  4378.11  
5476.58  5505.7  5488.35  5398.88  5522.13  5538.47  5501.69  5493.8  5523.13  5548.64  5459.95  5513.69  5479.2  5509.58  5433.18  5527.56  5432.1  4231.09  5528.99  5082.12  639.357  4741.16  195.213  5274.79  
5455.76  5432.52  5465.12  5359.07  5434.4  5483.95  5459.73  5417.17  5452.49  5484.23  5456.22  5428.41  5424.96  5329.61  5404.03  5484.53  5397.98  4255.68  4726.12  5462.83  393.658  3370.05  4658.81  3263.45  
5249.38  5213  5194.99  5162.51  5212.99  5223.41  5206.27  5093.08  5093.55  5259.43  5246.36  5264.31  5228.47  5215.64  5060.8  5256.21  5106.33  4784.8  3754.38  4995.58  1451.04  4743.39  2848.69  2151.79  
5642.27  5647.44  5634.65  5484.52  5651.76  5642.31  5582.3  5636.54  5635.64  5671.82  5519.19  5666.93  5582.32  5662.55  5582.51  5601.89  5495.81  4514.01  4441.38  3291.05  1315.19  4782.39  494.485  4478.9  
5757.29  5748.75  5733.61  5538.68  5698.01  5713.94  5625.13  5725.82  5665.03  5764.18  5683.36  5730.94  5655.04  5726.33  5744.75  5651.29  5519.11  4579.27  5646.82  1825.88  1573.4  5362.17  20.5816  3567.66  
5586.33  5564.17  5552.05  5437.72  5584.02  5582.88  5539.95  5556.79  5585.04  5598.03  5538.38  5591.68  5522.04  5575.96  5498.37  5559.24  5466.21  4402.2  4188.67  4253.06  1108.02  4519.32  605.563  4330.8  
5192.45  5149.76  5127.07  5128.97  5147.42  5150.35  5112.73  5183.98  4998.61  5194.6  5187.06  5143.56  5172.3  5138.39  4963.6  5191.93  5026  4933.49  3308.75  4896.51  4233.5  5012.79  3472.64  0.303197  
5311.44  5289  5272.29  5200.39  5313.87  5312.76  5301.38  5201.38  5211.31  5337.92  5307.42  5262.72  5296.19  5300.48  5188.28  5333.93  5203.02  4600.28  3891.72  5102.92  739.677  4505.18  1405.71  3137.92  
5186.02  5135  5115.96  5161.77  5124.6  5132.95  5088.63  4981.28  4977.38  5179.24  5178.13  5164.17  5159.26  5107.84  4933.13  5177.25  5008.42  4973.07  3558.05  4895.81  2351.68  1866.96  4431.18  203.389  
5375.08  5361.2  5353.83  5252.59  5397.2  5398.03  5387.27  5306.23  5326.3  5412.14  5371.01  5316.91  5360.66  5357.57  5304.98  5408.4  5296.97  4425.68  4122.69  5231.84  233.375  4153.95  1278.94  3822.35  
4930.75  5048.81  5030.85  5026.95  4938.38  5051.81  4997.78  4869.25  4862.54  5089.67  5048.19  4985.19  5081.98  5042.92  5006.04  5087.67  4896.55  4985.19  2869.74  4438.61  3238.84  2197.77  4217.93  52.9624  
4806.7  4999.95  4984.24  4983.1  4840.37  5004  4939.53  4744.77  4797.04  5038.94  4981.12  4896.62  5038.3  4993.58  5024  5037.33  4834.09  5012.84  2796.53  4222.93  3748.4  857.803  4600.7  5.98876  
5305.31  5279.97  5265.23  5311.96  5299.42  5302.31  5289.5  5188.97  5198.39  5328.52  5301.78  5271.33  5288.19  5283.18  5172.13  5324.9  5192.14  4622.37  3899.29  5097.75  843.095  4513  1859.48  2852.02  
5367.04  5352.97  5343.16  5392.58  5390.34  5388.29  5378.39  5293.91  5312.82  5403.75  5362.85  5297.47  5353.29  5354.36  5292.53  5399.83  5285.95  4445.45  4077.71  5212.92  393.594  4222.7  1061.35  3721.56  
4557.38  4667.23  4652.42  4364.07  3922.01  4376.39  4610.63  4527.82  3851.07  4621.81  2827.4  4199.9  3980.55  3826.44  4313.78  4554.38  3997.56  2463.78  4639.13  4118.44  2593.5  2911.81  19.0417  1082.24  
4619.71  4729.65  4712.57  4355.2  3974.3  4436.06  4673.71  4586.94  4065.16  4685.02  3154.97  4255.44  4034.96  3964.4  4372.83  4619.42  4099.17  2817.46  4702.58  4174.73  2629.07  2951.51  2102.22  1097.04  
4732.25  4842.27  4821.1  4178.34  4068.71  4543.73  4787.6  4693.66  4857.09  4799.12  3231.07  4355.69  4133.13  4421.84  4479.44  4743.68  4399.91  4227.57  4817.1  4276.27  2693.36  3023.16  1692.34  1123.75  
4833.97  4935.11  4893.67  4510.81  4168.1  4627.11  4910.95  4624.5  4501.85  4845.95  4753.3  4261.02  3730.37  4108.29  4531.53  4795.34  4516.39  4296.18  4778.7  4315.36  950.003  4677.82  437.527  957.267  
