3810.71  3805.25  3826.59  3811.12  3773.17  3743.07  3741.62  3826.89  3749.22  3749.1  3837.35  3711.34  3832.47  3753.89  
3018.92  3087  2690.93  3109.11  3083.76  3068.23  3077.41  3088.46  3061.53  2988.78  3038.85  3014.51  2943.54  2603.54  
2973.33  3106.96  2755.63  3143.24  3121.39  3103.93  3130.58  3130.33  3112.35  2991.5  3117.09  3052.98  3044.47  2974.84  
4197.19  4317.42  4309.54  4257.59  4221.53  4196.76  4147.51  4285.93  4219.17  4241.29  4302.18  4159.29  4302.48  4048.29  
4457.52  4501.66  4489.94  4436.99  4416.3  4394.46  4365.41  4484.39  4385.78  4428.31  4500.82  4353.22  4259.65  4192.29  
3848.06  3875.02  3887.52  3865.86  3815.85  3786.05  3742.71  3870.91  3826.76  3848.13  3883.82  3753.97  3873.25  3765.01  
4046.42  4210.26  4203.95  4154.81  4109.29  4082.88  4019.4  4171.49  4124.53  4147.87  4187.68  4047.38  4203.24  3964.53  
4313.51  4394.87  4391.78  4285.28  4295.33  4271.3  4258.88  4361.67  4266.44  4085.49  4377.76  4232.61  4033.57  4109.07  
2859.34  2929.17  2464.98  2964.68  2941.88  2928.28  2946.72  2938.01  2936.86  2899.36  2814.5  2871.51  2898.37  2406.04  
3375.34  3401.24  3207.46  3401.76  3382.5  3359.09  3408.01  3410.66  3359.24  3337.26  3410.21  3317.09  3160.16  3295.34  
2794.66  2871.64  2385.99  2914.29  2892.68  2879.64  2902.6  2885.98  2891.04  2866.05  2761.92  2821.96  2893.46  2394.35  
3226.54  3264.53  2992.12  3275.03  3254.72  3234.16  3274.11  3273.57  3236.61  3210.59  3237.2  3187.87  3083.5  3034.66  
3550.06  3543.17  3432.15  3520.75  3507.95  3479.92  3564.82  3547.81  3445.8  3476.07  3546.02  3444.66  3304.19  3564.26  
4551.01  4566.3  4554.66  4486.98  4483.01  4462.1  4446.69  4552.48  4439.15  4435.91  4568.92  4419.59  4105.71  4242.88  
3994.59  4058.33  4053.81  4016.39  3957.44  3929.01  3842.75  4016.35  3997.38  4055.21  4032.35  3895.51  4022.68  3849.68  
3668.17  3638.68  3674.28  3673.03  3638.8  3607.34  3631.85  3688.96  3600.59  3571.22  3697.25  3576.99  3688.48  3666.2  
3991.61  4054.86  4050.64  4013.52  3954.59  3926.13  3840.21  4013.42  3994.44  4051.57  4029.39  3892.66  4019.59  3847.68  
2753.89  2824.87  2315.66  2869.24  2848.13  2835.79  2860.37  2838.59  2854.48  2840.27  2666.25  2777.01  2868.52  2275.54  
3426.8  3414.14  3247.96  3418.4  3400.3  3376.17  3432.54  3430.21  3401.18  3435.67  3426.83  3335.21  3402.4  3383.1  
3666.94  3636.55  3671.05  3670.62  3636.63  3605.19  3630.56  3686.68  3597.9  3569.22  3694.87  3574.81  3684.19  3664.85  
