12438.8  12380.8  12475.3  12437.2  12433.5  12402.6  12418.1  12467.4  12470.1  12476.9  12475.9  12483.1  12359.3  12392.9  11040.3  6528.85  11596.6  4822.9  
11740.6  11768  11747.5  11813.1  11738.8  11824.8  11799.4  11833  11739.7  11715.9  11823.9  11796.3  11846.2  11728.6  10659.3  11240.3  11198.2  8718.66  
11857.8  11864  11894.6  11928.6  11824.7  11924.6  11905.9  11947.7  11861.2  11857  11920  11911.4  11949.2  11796.3  10903.2  11295.6  10278.3  7373.59  
11484.9  11574.3  11413.7  11528.9  11541.1  11517.9  11570.2  11580.7  11473.3  11413.9  11605.4  11535.8  11589.7  11559  10924.9  11492.2  9118.91  6776.84  
12321.1  12262.6  12352.4  12333.1  12278.2  12313.3  12273  12363.2  12369.1  12360.4  12367  12370.1  12306.3  12366.3  11187.7  7743.11  11726  7257.58  
11407.2  11512.8  11365.2  11445.4  11461.2  11451.9  11473.8  11505.1  11396.9  11361.3  11501.6  11465.5  11512  11479.4  10805  11381.3  10080.2  6346.1  
11619.4  11677.9  11630.2  11701.2  11643.9  11722.2  11693.1  11718.9  11615.1  11575.1  11716.5  11676.2  11739.4  11667.6  10860.1  11699  11573.4  9484.41  
11978.6  11965  11980.4  12036.3  11920.5  12035.4  12005.3  12057.6  11984.3  11994.9  12042.8  12032.6  12055.4  11846.8  11050.6  10411.1  10697.1  7082.26  
10897.1  11027.6  11029.8  10847.5  10955.7  10938.5  10888.5  11017.5  10884.8  11018.8  10971.7  10980  10988  10957.1  10204.8  10482.3  10663.7  911.492  
12525.8  12459.2  12561.9  12513  12528  12471.9  12425  12544.9  12562.1  12568.3  12557.5  12568.3  12417.4  12495.6  11041.7  6305.78  11350  6052.54  
10597.6  10815.3  10843.1  10749.3  10654.5  10686.9  10568.1  10829.1  10703.9  10817.6  10725.4  10679.5  10706.5  10839.8  10518.8  10802.5  10243.2  671.274  
10515.9  10755.3  10791.3  10700  10571.5  10618.2  10476.7  10767.8  10572.7  10762.5  10659.5  10597.6  10612.8  10789.4  10526.7  10469.4  10194.2  397.84  
12609.9  12536.7  12643.1  12586.4  12622.7  12537.7  12488.8  12619.7  12648.6  12655.4  12635.7  12650.3  12469.9  12586.1  11020.9  5986.29  11218.9  5856.82  
11176.2  11197.4  11157.5  11063.9  11183.2  11125.2  11118.7  11199  11187.4  11158.8  11154.5  11212.7  11207.7  11132.5  10381.4  10623.3  10831.8  2375.54  
11278.8  11365.4  11202.6  11301.9  11355.8  11253.8  11329.3  11373.4  11263.3  11233.4  11268.6  11347.7  11373.4  11358.2  10874.4  10903.7  10149.6  3731.46  
12156.7  12111.3  12194.9  12189.5  12094  12184.3  12215.9  12217  12200.1  12189.7  12214  12209.7  12203  12192.9  11224.5  8030.67  11951.3  7652.32  
10963.5  11039.3  11033.9  10901.6  10967.6  10947.2  10898.8  11040.2  11022.6  11023.2  10979.6  10993.6  10999  10994.3  10344.9  10764.7  10501.8  1404.85  
11171.3  11193.5  11154.9  11057.2  11178.1  11121.1  11113.9  11194.5  11182.5  11155.8  11150.4  11207.4  11202.6  11127.5  10829  10623.9  10822.2  2327.27  
12156.5  12111.1  12194.8  12189.4  12093.9  12184.1  12215.8  12216.8  12200  12189.5  12213.8  12209.5  12202.9  12192.8  11224.3  8031.63  11950.8  7652.64  
11338.2  11363.1  11214.6  11222.5  11359  11257.9  11345.2  11357.3  11345  11243.5  11270.8  11345.7  11365.9  11316.6  10657.2  11068.7  9902.19  3078.1  
