11510.3  11550.2  11541.9  11480.7  11529.3  11479.5  11494.9  11253.6  11509.7  11434.7  11544.8  11462.8  11551.3  11516.1  11406.4  11510.3  5678.92  7575.47  
12717.3  12554.6  12651  12729.2  12726.6  12723.7  12574.9  12729  12663.9  12704.5  12727.8  12733  12436.4  12363  12389  9796.15  3992.1  7017.86  
12343.6  12364  12334.3  12285  12325.9  12359.4  12261  12312.8  12333.8  12361.3  12361.6  12368.8  12267.6  12349.5  12196.3  9691.3  4617.45  9539.59  
12378.3  12398.8  12368.9  12309.2  12370  12398  12294.4  12354.3  12369.9  12404.8  12398.9  12408.3  12282.6  12394.5  12220.9  8827.38  4835.25  9587.46  
11454.5  11428.3  11479.7  11389.7  11475.4  11374.7  11418.2  11230.2  11423.1  11346  11489.1  11394  11490.2  11458.8  11324.7  10768.2  5160.62  7189.48  
11916.3  11804.7  11924.9  11922.8  11850  11919.7  11872.6  11900.2  11925  11865  11924.7  11899.6  11921.2  11820.6  11793.9  9805.22  4346.7  8241.77  
12566.5  12543.7  12547.1  12543.4  12589.7  12597.1  12467  12590.2  12546.3  12582.8  12599.5  12610.1  12402.9  12437.7  12347.7  9030.85  3811.29  10059.4  
12524.1  12524.3  12511.8  12490.8  12545.1  12556.3  12432  12543.3  12509.6  12545.3  12558.4  12569.5  12383.6  12441.7  12326.7  8913.78  3570.41  10381  
11953.4  11842.5  11958.8  11960  11886.6  11955  11904.6  11943.7  11960.6  11904.4  11961.3  11939.4  11956.5  11775.2  11829.9  9245.41  6096.51  7723.29  
12816.8  12684.5  12758.9  12854.8  12854.6  12844.3  12679.4  12834.7  12768.3  12823.7  12846.9  12855.8  12530.5  12412.8  12483  8521.08  6144.4  9412.53  
11791.6  11611  11814.1  11807.1  11736.5  11807.7  11769  11500.2  11814.7  11768.6  11800.4  11768.1  11757.3  11727.7  11655.6  10149.3  5975.32  7962.45  
12788.9  12673.8  12730.5  12829.7  12818.2  12810.4  12650.4  12823.7  12736.9  12789.5  12813.2  12822.4  12518.2  12422.5  12469.1  8423.54  3661.43  9787.13  
11649.4  11666.4  11685.2  11672.8  11599.1  11684.4  11654.6  11353.5  11679.4  11621.9  11675.6  11623.3  11674.8  11659.2  11564.1  10615.7  6199.49  8898.79  
12097.8  12042.5  12093  12109.6  12041.6  12100.7  12034.8  12023.8  12103.5  12075.2  12110.1  12099.1  12094.7  11917.5  11980.8  10437.4  5983.98  4429.29  
12233  12237.2  12226  12210.6  12231.3  12245.1  12160.7  12171.1  12231.4  12243.8  12248.9  12249.1  12196.9  12156.9  12106.1  9356.36  5303.7  8034.01  
11801.4  11740.9  11821.6  11814.6  11741.6  11817.8  11778.3  11672.2  11818.9  11759  11817  11780.3  11814.9  11766.6  11694  10256  4687.46  8621.87  
12096  12040.7  12091.2  12108.3  12066.7  12098.7  12033.1  12021.7  12101.6  12073  12108.1  12097  12093.9  11915.2  11979.5  10482.5  5972.47  4427.11  
11649.4  11666  11685.2  11672.7  11599  11684.3  11654.5  11354.2  11679.3  11621.7  11675.5  11623.3  11674.7  11660.8  11564  10626.3  6152.63  9001.6  
12232.7  12236.9  12225.7  12210.4  12235.9  12244.8  12160.4  12170.7  12231.1  12243.4  12248.6  12248.7  12196.8  12156.5  12105.9  9364.71  5301.57  8033.61  
11454.5  11428.3  11479.7  11389.7  11475.4  11374.7  11418.2  11230.2  11423.1  11346  11489.1  11394  11490.2  11458.8  11324.7  10768.2  5160.62  7189.48  
