5726.31  5697.85  5706.8  5627.46  5713.08  5540.37  5730.26  5702.57  5571.13  5689.39  5713.86  5682.51  5630.33  5708.33  5609.45  5712.05  5643.06  5079.66  5490.67  2241.55  138.85  3562.44  3749.96  684.294  
5245.58  5247.56  5204.69  5287.57  5288.28  5131.72  5281.87  5258.96  5252.79  5231.77  5181.38  5203.79  5267.69  5221.6  5277.76  5226.02  5200.31  4613.76  4763.57  5211.08  1151.74  1326.57  3743.59  2106.19  
5285.05  5296.01  5233.48  5321.2  5321.03  5156.6  5318.05  5305.29  5285.73  5260.11  5229.13  5226.59  5314.44  5248.22  5312.32  5266.43  5239.58  4586.94  4751.1  5266.4  1518.47  1333.92  3926.39  1861.86  
5539.39  5549.09  5451.59  5497.11  5541.61  5336.3  5550.56  5527.8  5412.38  5526.39  5528.06  5465.31  5469.43  5423.75  5551.52  5511.27  5486.81  5115.24  5137.47  4547.24  2874.28  567.473  3551.07  995.155  
5025.91  4985.49  5018.03  5109.55  5107.15  4999.09  5081.67  5046.27  5080.8  5087.04  5034.44  5082.77  5041.92  5070.73  5091.7  5006.53  5012.26  4780.47  4873.51  4947.32  2749.51  1354.39  2912.16  3524.46  
5375.71  5399.61  5324.15  5394.76  5400.46  5230.66  5401.55  5396.64  5363.95  5336.36  5313.74  5297.28  5356.74  5307.19  5384.51  5359.04  5344.96  4580.94  4803.55  4885.96  2320.78  1897.31  3733.31  897.819  
5653.55  5642.64  5503.16  5553.8  5645.19  5454.29  5659.02  5632.16  5498.51  5629.11  5656.67  5593.02  5540.44  5592.15  5603.13  5635.46  5534.57  4893.8  5343.56  4046.98  665.749  1780.48  2027.99  1170  
5562.13  5567.73  5461.86  5508.4  5562.23  5359.77  5572.16  5548.59  5429.51  5546.87  5553.71  5490.75  5483.61  5457.21  5561.83  5535.99  5496.34  5071.62  5178.56  4447.88  2431.11  807.256  3243.97  1029.92  
5654.57  5643.47  5503.62  5554.29  5646.12  5455.42  5659.99  5633.09  5499.35  5629.96  5657.72  5594.16  5540.99  5593.86  5603.5  5636.6  5534.94  4890.56  5345.27  4041.77  654.712  1796.07  2024.25  1171.72  
5149.29  5128.64  5127.06  5204.81  5208.08  5070.97  5193.53  5207.38  5169.93  5162.3  5063.4  5147.68  5161.94  5157.28  5197.07  5126.95  5100.56  4667.3  4790.95  5115.5  4133.18  1172.92  3543.23  3417.38  
5378.49  5399.18  5338.41  5395.3  5404.87  5240.84  5404.3  5392.39  5367.54  5343.91  5304.62  5308.01  5327.61  5307.97  5383.36  5361.78  5355.29  4606.76  4843.07  4637.05  2326.66  2170.05  3440.86  679.94  
5059.53  5020.27  5051.01  5129.73  5133.17  5012.76  5111.31  5125.4  5095.56  5097.84  4958.94  5093.92  5069.12  5096.64  5122.49  5035.6  5011.96  4702.73  4812.14  5059.92  4351.16  1065.2  3309.4  4338.57  
5311.1  5325.89  5259.18  5342.39  5343.8  5177.64  5342.04  5331.76  5308.17  5281.86  5253.81  5246.64  5327.53  5265.2  5333.17  5293.04  5269.64  4584.41  4765  5164.4  1749.59  1487.93  3879.75  1590.66  
5751.36  5716.98  5725.35  5651.55  5736.5  5570.95  5754.72  5726.48  5596.68  5709  5727.44  5712.62  5661.51  5726.57  5611.64  5737.07  5683.86  5086.67  5536.65  2036.09  265.587  3947.44  3786.55  769.371  
5453.09  5469.96  5416.53  5443.19  5469.38  5307.75  5471.97  5446.9  5408.79  5402.35  5343.5  5370.14  5361.24  5361.73  5445.81  5431.3  5405.1  4644.1  4890.21  4343.2  2523.16  2110.47  4200.63  794.992  
5220.54  5216.63  5184.5  5266.05  5267.42  5115.92  5258.9  5245.54  5231.24  5213.7  5150.7  5189.2  5240.19  5204.87  5256.78  5200.25  5174.37  4627.68  4770.69  5186.22  1927.11  1286.61  3691.48  2447.18  
4984.23  4933.05  4984.36  5071.78  5071.62  4969.1  5043.07  5025.88  5041.49  5052.23  4944.09  5054.53  4996.05  5043.74  5058.1  4962.23  4958.89  4773.39  4863.84  4955.02  3465.21  418.49  2916.62  4375.36  
5452.32  5470.08  5412.56  5443.04  5468.15  5304.92  5471.21  5448.09  5407.79  5400.25  5346.04  5367.15  5369.35  5361.51  5446.13  5430.53  5402.22  4636.91  4879.21  4412.46  2521.53  2034.57  4529.44  855.624  
5147.1  5128.04  5123.63  5205.78  5206.97  5072.41  5191.93  5188.35  5172.73  5165.42  5101.23  5149.53  5162.36  5154.68  5194.24  5126.54  5110.18  4866.47  4810.25  5081.97  3936.6  1286.09  3428.63  3031.68  
5580.53  5582.88  5468.7  5517.65  5578.7  5376.08  5589.62  5565.75  5440.93  5566.12  5589.11  5512.12  5490.53  5536.59  5572.15  5563.55  5505.38  4868.78  5219.91  4397.72  1875.07  1625.51  2816.67  1426.89  
