5426.28  5341.35  5457.26  5412.82  5269.85  5473.94  5376.64  5371.85  5467.96  5431.12  5405.09  5474.22  5395.85  5455.81  5439.9  5412.76  5384.29  4909.01  4087.14  3345.42  2531.92  3418.51  2196.03  4642.68  
5029.71  4871.82  5054.67  5015.13  4977.98  5053.48  4984.85  4969.8  4928.63  5042.28  4949.94  5052.76  5002.09  4976.23  5050.95  4976.37  4887.28  4982.85  4104.2  4704.71  569.648  2810.8  4556.99  4440.01  
5534.08  5529.66  5606  5430.97  5516.01  5617.19  5513.63  5584.24  5552.98  5465.19  5537.93  5616.04  5595.77  5506.31  5612.38  5612.09  5599.92  4952.28  4697.03  4019.06  2855.66  3412.43  1785.69  4534.45  
5152.76  5022.22  5187.71  5180.99  5003.2  5186.61  5109.16  5105.46  5053.32  5007.42  5079.07  5183.71  5130.29  5098.14  5168.23  5059.9  5025.01  4924.58  4407.06  4713.02  534.297  2949.24  4453.31  2311.24  
5502.22  5439.47  5525.14  5456.61  5403.61  5544.2  5439.87  5471.51  5528.81  5477.69  5523.1  5541.86  5490.45  5527.34  5520.05  5502.18  5475.1  4895.7  4347.79  3210.45  2682.21  3701.99  1553.02  4830.91  
5663.91  5647.62  5660.97  5573.02  5672.13  5689.14  5567.04  5670.13  5660.52  5593.95  5612.55  5679.49  5685.96  5684.48  5682.14  5680.71  5670.37  4869.6  4883.22  3916.7  2897.96  3420.51  1110.64  3962.32  
5106.96  4965.8  5136.44  5128.27  5032.56  5130.06  5057.15  5066.22  4961.48  4903.26  5056.31  5126.66  5082.61  5039.14  5120.95  4993.21  4947.75  4909.53  4549.38  4653.52  426.045  2546.35  4339.98  1298.41  
5623.72  5592.6  5633.45  5515.82  5624.62  5654.45  5540.4  5631.88  5623.94  5543.5  5572.98  5648.93  5638.45  5646.07  5647.31  5644.8  5610.89  4858.72  4752.73  2456.92  3589.28  3709.08  1250.97  4753.79  
5731.4  5720.41  5700.64  5657.34  5744.06  5739.66  5605.46  5730.49  5719.79  5667.66  5668.69  5723.51  5753.49  5740.4  5732.36  5741.31  5731.85  4877.7  5074.29  3460.9  2490.47  3120.77  868.715  3483.98  
5810.06  5819.95  5751.89  5764.48  5833.56  5804.45  5655.08  5803.81  5790.53  5761.84  5742.06  5780.4  5841.62  5829.11  5797.23  5841.11  5832.34  4849.51  5319.62  4858.12  1538.82  2676.92  594.297  2507.98  
4947.75  4769.88  4967.02  4899.93  4871.77  4963.03  4900.09  4893.74  4872.97  4803.39  4863.65  4962.24  4915.25  4889.38  4940.36  4897.39  4787.73  4911.54  4145.45  4663.39  650.069  2647.11  4546.15  2702.89  
5243.68  5133.72  5288.57  5289.54  5020.62  5298.6  5212.21  5183.35  5233.51  5212.76  5125.45  5296.73  5220.81  5215.18  5263.76  5192.58  5177.7  4979.39  4129.37  4858.93  751.455  3430.97  4699.79  1317.73  
5325.65  5233.99  5379.16  5393.61  5066.83  5399.53  5305.05  5253.51  5395.42  5397.85  5167.4  5398.55  5300.68  5320.73  5350.46  5312.25  5315.13  5039.2  3875.03  5020.94  1607.33  3421.04  4929.1  4396.22  
5223.49  5109.02  5266.25  5263.9  5221.76  5273.73  5189.34  5166.06  5193.62  5167.16  5115.11  5271.64  5201.14  5189.17  5242.41  5163.1  5143.84  4964.66  4192.04  4819.02  540.596  3433.41  4643.3  559.293  
4866.84  4668.73  4880.08  4788.32  4760.19  4871.41  4814.41  4824.64  4856.96  4878.84  4785.71  4869.89  4828.82  4798.74  4824.42  4805.12  4683.66  4812.2  4310.86  4603.18  683.347  2371.68  4480.23  2589.23  
5317.04  5223.61  5369.85  5378.95  5256.19  5388.94  5295.34  5246.17  5378.74  5378.43  5162.91  5387.89  5293.34  5309.62  5341.01  5299.65  5300.83  5026.68  3904.15  4985.64  1121.23  3688.71  4900.76  1687.51  
4814.67  4603.86  4824.3  4714.96  4692.73  4813.89  4760.51  4776.11  4820.77  4823.84  4730.64  4812.34  4773.57  4743.56  4754.17  4755.14  4620.42  4767.39  4334.65  4577.27  735.442  2269.75  4474.42  1941.39  
5856.42  5869.23  5778.87  5821.96  5882.7  5838.86  5681.22  5845.12  5831.16  5812.06  5780.21  5810.35  5887.52  5864.94  5831.41  5878.86  5873.14  4860.68  5449.62  4470.66  1275.15  2472.04  427.514  2181.9  
4955.08  4778.79  4974.69  4911.11  4878.5  4970.16  4906.85  4903.01  4893.99  4973.52  4874.35  4969.11  4922.73  4895.13  4947.47  4898.56  4794.25  4906  4193.11  4659.09  623.883  2614.87  4524.38  3671.11  
5029.71  4871.82  5054.67  5015.13  4977.98  5053.48  4984.85  4969.8  4928.63  5042.28  4949.94  5052.76  5002.09  4976.23  5050.95  4976.37  4887.28  4982.85  4104.2  4704.71  569.648  2810.8  4556.99  4440.01  
