6111.07  5996.5  5877.64  6109.42  6087.27  6117.37  5998.58  5707.76  5301.69  4634.91  5555.6  5006.69  615.774  5287.82  3084.69  5038.98  
5931.9  5903.38  5805.61  6020.34  6002.02  6028.03  6017.31  5998.56  5390.95  4381.78  5588.62  4915.71  1120.49  5330.98  5640.73  5646.62  
5354  5249.01  5167.7  5351.86  5347.48  5350.91  5305.88  5279.23  5299.55  4518.38  5047.66  4856.91  1811.07  3681.76  2623.52  5142.41  
5286.97  5185.69  5106.9  5284.92  5282.04  5283.24  5241.03  5190.83  5241.19  4690.64  5031.07  4932.63  2187.6  3511.79  2483.8  4759.57  
5018.3  4973.07  4897.43  5052.22  5054.3  5048.01  5007.72  4901.34  4983.93  5038.86  4932.75  2792.05  2746.86  3552.98  2379.41  3619.35  
5862.72  5790.14  5691.01  5908.47  5891.87  5914.32  5857.9  5536.12  5419.88  4429.69  5456.73  4820.81  1004.27  5093.91  3067.1  5192.07  
5449.16  5388.67  5302.83  5500.58  5492.9  5501.27  5447.82  5324.97  5199.53  4233.95  5133.43  4773.29  1435.75  5067.88  4144.77  5448.1  
5455.99  5425.11  5332.66  5525.59  5517.13  5526.74  5467.33  5200.33  5163.24  4223.8  5162.57  5026.51  1611.73  4825.23  3196.41  5192.82  
5386.61  5294.74  5209.42  5395.34  5389.91  5394.91  5346.42  5302.79  5222.89  4357.17  5057.34  4824.43  1696.65  4317.47  2902.37  5378.26  
5939.09  5841.6  5750.59  5976.56  5959.08  5983.24  5952.55  5943.78  5580.36  4452.56  5506.41  4505.49  713.582  5435.92  5394.69  5576.09  
5708.28  5593.86  5513.73  5732.81  5720.67  5736.27  5701.43  5730.2  5461.85  4365.66  5336.72  4308.61  952.624  5251.44  5365.22  5445.21  
5769.58  5712.18  5620.46  5832.56  5818.06  5837.61  5805.48  5817.42  5613.48  4352.02  5373.99  4750.61  2402.72  4200.58  5500.46  5406.11  
5186.22  5124.03  5062.47  5251.85  5250.17  5249.55  5207.74  5234.07  5219.18  5160.92  5161.45  4939.92  978.766  3551.74  3011.23  3152.79  
5129.06  5131.76  4990.6  5152.45  5152.25  5149.37  5106.38  5046.49  5050.53  4696.91  4944.87  4997.03  2924.91  3727.51  2630.25  4582.47  
5626.1  5511.93  5421.84  5635.15  5624.17  5637.18  5554.82  5294.42  5602.3  4379.87  5150.16  4583.87  813.995  4631.83  3018.44  5193.44  
5131.67  5134.49  4992.58  5154.63  5154.39  5151.58  5108.59  5121.88  5052.91  4693.61  4945.81  5017.41  3108.46  3726.63  2631.03  4594.61  
4988.63  5016.91  4877.42  5026.96  5029.46  5022.52  4981.55  4960.86  4918.43  4915.39  4896.85  4137.59  1802.77  3671.76  2527.02  3945.65  
6013.84  5997.59  5896.45  6112.81  6092.56  6121.77  6118.93  6087.28  5340.59  4401.53  5679.22  4997.28  1133.09  5412.93  5707.1  5742.84  
5625.93  5511.78  5421.68  5634.98  5624.01  5637  5554.61  5293.95  5602.03  4379.82  5149.97  4584.22  814.189  4433.7  3016.34  5193.62  
5707.76  5593.4  5513.24  5732.28  5724.85  5735.73  5700.78  5728.73  5460.99  4365.52  5336.14  4309.72  953.231  4708.08  5358.67  5445.76  
