5683.29  5739.34  5624.27  5653.56  5598.32  5705.74  5708.02  5578.04  5732.79  5736.39  5591.97  5683.13  5684.14  5708.12  5697.2  5660.19  5641.09  5062.02  3331.78  2513.54  3652.42  4499.64  1099.61  4841.47  
5429.83  5453.82  5383.1  5429.66  5438.1  5466.98  5259.56  5461.42  5465.52  5419.34  5396.74  5433.98  5449.37  5446.32  5378.38  5320.41  5350.32  4982.76  3119.96  3243.21  4117.42  3742.16  4055.58  158.026  
5487.2  5523.62  5443.05  5481.49  5480.94  5527.95  5292.55  5531.24  5532.03  5497.76  5436.62  5460.01  5508.25  5519.62  5461  5411.11  5427.71  5004.31  3146.3  3014.07  4083.44  4304.95  4331.62  1019.08  
5335.42  5346.55  5283.11  5341.18  5350.38  5352.76  5358.53  5084.84  5360.32  5298.61  5315.76  5347.69  5342.32  5323.22  5181.42  5189.53  5198.53  4792.13  3483.4  2993.68  3078.83  3677.05  1247.28  166.592  
5311.93  5319.05  5258.36  5319.45  5330.36  5325.78  5334.94  5066.31  5333.69  5267.6  5315.87  5334.53  5316.7  5292.9  5156.1  5154.02  5163.7  4796.82  3462.56  2980.31  2925  3661.11  1314.34  46.4125  
5542.01  5593.52  5499.89  5530.36  5514.87  5580.66  5359.48  5382.86  5597.33  5576.01  5482.03  5478.11  5560.52  5587.93  5476.98  5503.23  5491.83  5003.67  3329.19  2392.55  3586.81  5205.08  1637  2392.49  
5135.06  5127.25  5069.45  5146.33  5121.51  5096.91  5020.98  5090.25  5147.26  5062.32  5131.1  5137.83  5057.51  5053.61  4976.71  5147.01  5044.33  4887.66  4614.81  2681.36  1142.24  3912.8  5110.01  2177.77  
5273.78  5279.33  5217.37  5282.38  5286.79  5273.09  5149.68  5034.44  5293.22  5222.77  5176.88  5292.92  5268.75  5241.78  5123.29  5110.14  5090.3  4955.93  4041.6  2837.59  1955.97  3633.77  1927.07  1577.7  
5210  5211.01  5149.14  5221.41  5218.59  5189.09  5085.74  4982.23  5224.82  5146.5  5178.05  5209.43  5166  5157.45  5058.03  5120  5205.22  4979.43  4524  3136.94  1330.71  3588.13  3279.43  3055.99  
5599.81  5665.94  5561.39  5590.18  5556.2  5642.08  5516.55  5482.41  5665.07  5656.52  5543.84  5548.45  5620.92  5652.88  5587.39  5589.6  5566.89  5036.68  3312.28  2649.99  3448.12  5162.42  1725.88  3734.96  
5089.95  5077.51  5022.41  5101.75  5066.21  5029.58  4945.68  4971.24  5100.03  5010.63  5103.56  5089.47  4991.9  4991.97  4928.63  5100.45  4984.77  4853.19  4758.87  3189.66  2504.7  3510.56  90.3517  2030.19  
5392.92  5411.56  5344.05  5395.18  5404.52  5422.9  5263.5  5194.56  5424.21  5371.78  5375.19  5400.77  5407.93  5398.31  5239.96  5268.47  5292.09  4945.82  3266.91  3022.13  3760.62  3716.79  864.073  121.326  
5698.88  5749.12  5719.63  5708.42  5604.23  5714.54  5726.58  5576.69  5741.83  5747.04  5575.53  5694.53  5692.85  5715.36  5710.79  5669.69  5740.26  4999.83  3300.43  2515.92  3778.64  4529.22  398.186  2327.21  
5480.9  5513.69  5436.87  5476.87  5481.37  5525.44  5291.07  5497.53  5523.5  5487.42  5424.16  5421.61  5504.9  5512.22  5332.03  5404.31  5426.16  4996.68  3158.12  3494.24  4546.61  3776.54  3871.15  968.365  
5149.54  5143.38  5084.85  5160.77  5139.98  5114.84  5033.63  5065.9  5162.29  5078.67  5139.37  5152.1  5078.67  5073.59  4992.34  5148.24  5070.47  4903.44  4589.57  2782.81  1187.67  3855.87  4759.56  2303.73  
5554.88  5609.65  5513.59  5543.68  5524.07  5594.34  5394.46  5405.03  5612.42  5593.95  5495.8  5493.78  5573.97  5602.4  5501.57  5522.47  5508.55  5011.02  3325.42  2449.89  3555.91  5195.58  1656.8  2691.52  
5071.87  5056.75  5002.96  5083.11  5040.16  5011.31  4942  4997.91  5081.76  4991.17  5087.26  5076.36  4966.94  4966.19  4908.29  5085.92  4906.25  4812.99  4706.57  3067.89  2075.66  3806.12  2374.32  1451.98  
5219.91  5221.89  5159.68  5231.27  5231.1  5202.67  5108.02  4990.83  5235.12  5157.74  5193.2  5219.16  5179.79  5171.08  5068.16  5170.39  5227.08  4977.05  4475.74  3122.14  1416.32  3594.61  3169.48  3035.03  
5641.4  5677.1  5658.48  5648.93  5563.13  5653.46  5570.39  5477.7  5674.47  5666.98  5514.06  5624.58  5632.78  5650.77  5601  5583.8  5665.62  4967.01  3317.25  2259.91  3916.54  4571.65  309.81  992.232  
5378.11  5391.29  5328.93  5382.55  5398.48  5411.18  5232.19  5348.97  5405.79  5349.12  5360.72  5404.14  5395.65  5380.31  5279.09  5240.28  5279.14  4957.85  3133.09  3380.99  4092.19  3299.2  3145.59  27.1425  
