5320.64  5362.67  5347.21  5340.3  5345.73  5352.16  5359.27  5321.63  5282.86  4884.57  5258.83  3933  3516.22  5137  5030.45  588.287  
5213.09  5282.3  5253.8  5263.76  5280.13  5279.79  5224.1  5256.34  5246.95  4839.78  5157.25  3126.6  4472.93  5107.26  4819.29  549.774  
5523.45  5559.18  5565.71  5570.34  5521.44  5553.14  5576.96  5520.28  5427.21  2914.47  4101.24  4765.99  3138.21  4444.49  2906.83  2708.08  
5878.34  5881.93  5867.52  5873.38  5876.6  5884.85  5876.8  5772.17  5830.29  2265.84  1881.03  4792.98  2.48571  5019.98  921.507  2556.05  
5408.99  5408.47  5373.7  5392.95  5386.13  5381.57  5346.76  5367.59  5266.91  4881.99  5323.82  3052.56  4718.44  5185.36  4676.05  776.706  
5462.02  5496  5495.72  5499.45  5467.65  5428.77  5502.55  5459.45  5228.98  4867.23  5447.72  4476.59  3183.07  3697.5  4997.04  969.022  
5185.63  5152.59  5112.8  5150.15  5179.09  5131.95  5169.18  5160.07  5156.56  5174.58  4999.4  2560.15  3967.98  4985.99  4761.96  466.281  
6030.8  6104.05  6094  6109.97  5939.6  6120.69  6041.71  5979.58  5070.57  4700.2  1862.99  5178.09  1513.23  4751.88  5921.62  2112.53  
5734.54  5761.88  5757.03  5768.63  5678.96  5670.61  5730.1  5687.65  5213.91  5015.27  4387.75  4934.33  76.7652  4032.57  5605.85  1927.04  
5619.45  5651.36  5652.71  5660.52  5593.08  5606.56  5646.6  5596.39  5330.21  3869.83  4231.53  4842.55  1745.98  4257.16  4134.24  1673.09  
5940.99  5983.53  5994.83  6008.43  5863.45  5996  5999.02  5892.67  5131.26  4749.94  2505.6  4544.75  1119.95  5275.75  5936.02  1881.42  
6247.89  6354.75  6363.4  6359.94  6244.54  6366.54  6328.97  6048.49  5197.13  5052.64  1696.05  4873.08  2325.91  5169.4  5615.41  2532.63  
6348.4  6339.57  6385.31  6372.69  6298.14  6363.18  6340.14  6052.91  5292.84  5040.18  2144.98  4255.91  3187.52  5758.04  5877.6  2506.02  
6185.6  6151.57  6183.29  6185.24  6069.47  6178.82  6124.72  6001.24  5197.94  4775.89  2270.16  4484.63  2578.11  5444.95  6107.23  3569.44  
6226.11  6198.35  6233.55  6231.87  6126.36  6224.69  6178.32  6014.09  5221.55  4841.65  2239.01  4427.73  2729.73  5522.84  6050.1  2269.37  
5875.18  5881.97  5870.6  5877.24  5865.61  5881.82  5879.61  5776.07  5751.55  1554.54  2048.11  4761.08  115.325  4937.22  1509.19  4903.91  
6829.99  6931.76  6928.14  6936.75  6884.41  6761.86  6886.58  6594.77  6340.5  4237.17  2391.48  4980.7  2941.49  5538.48  5722.38  373.572  
6784.05  6901.15  6900.01  6910.79  6846.95  6747.38  6749.72  6500.1  4301.13  4271.76  2640.9  3473.21  2735.82  4709.67  3687.5  3463.28  
6528.37  6596.32  6643.5  6616.24  6575.23  6611.75  6611.17  6604.54  5369.15  5368.07  1741.42  4275.73  3696.58  5868.71  5495.55  2940.65  
6493.79  6547  6593.9  6569.46  6522.01  6564  6559.11  6498.57  5354.49  5305.08  1818.94  4271.92  3598.79  5847.45  5568.94  2857.16  
