11826.1  11997.2  11994.6  11822.4  11910.1  11953.7  11772.6  11984.3  11967.7  11933.5  11888  11982.8  11991.5  11978.3  11660.5  10284.2  10433.8  8617.32  
11953  12041  12045.4  11918.7  11957.8  12045.5  12012.2  12033.9  12028.5  11899.8  11974.7  12029.9  12040.8  12037.4  10772  10254.7  8631.33  8160.29  
11637.7  11629.7  11687.5  11630.3  11644  11602.3  11452.4  11688.9  11671.4  11651.5  11659.2  11678.5  11682.6  11618.3  10494.4  10860.8  10068.1  8434.87  
11776.2  11870.6  11866.5  11789.6  11852.5  11808.9  11594.9  11867.9  11844.1  11855.2  11790.2  11853.7  11867.3  11823.1  11305.7  8982.94  9655.56  8341.99  
12100.8  12143.2  12143.4  12127  12066.8  12143.4  12085.7  12142.8  12138.5  11962.2  12101.7  12131.7  12118.5  12142.2  10290.4  9639.45  6587.28  8348.53  
12221.2  12334.6  12318.8  12333.6  12270.5  12299.2  12306.7  12339.7  12337  12112  12335.4  12320.7  12255.6  12330.1  10086.1  9329.2  6734.32  9040.93  
12151.6  12390.3  12352.9  12407.4  12329.3  12349.6  12357.8  12409.7  12395.9  12149  12361  12376.3  12296.2  12384.8  11043.3  8799.33  12039.6  9209.98  
11672.6  11757.8  11745.9  11714.9  11739.6  11666.5  11454.5  11770.2  11739.7  11763.3  11718.1  11733.7  11748.7  11676.3  10958.7  8524.22  9022.9  7804.35  
12130  12220.9  12207.5  12210.1  12149.6  12216.3  12184.7  12228.3  12221.6  12011  12193.9  12209.3  12177.1  12220.5  10331.7  9172.66  8336.88  8538.05  
11495.2  11393.7  11506.9  11491.8  11527.8  11449.7  11329.1  11537.3  11531  11489.1  11529.2  11539.9  11532.9  11484.3  10184  9184.36  11173.5  8198.87  
11589.9  11516.6  11601.4  11550  11583.2  11518.4  11381.8  11615.2  11595.7  11570.6  11597.6  11605  11588.7  11538.2  10297.1  9240.54  10849.3  8663.92  
12712.1  12882.1  12745.1  12814.8  12883.8  12855.5  12317.7  12881.3  12745.6  12871.7  12875.1  12707  12593.7  12561.6  12690.2  11649.1  10518.4  5867.24  
12328.9  12599.7  12537.1  12460  12551.8  12501.6  12581  12614.8  12608.1  12333.6  12581.8  12581.1  12439.4  12583.8  10852.2  8139.88  12539.5  10156.4  
11379  11283.4  11374.7  11437  11425.9  11411.2  11329.7  11468.6  11471.5  11429.7  11464.4  11477.7  11474.2  11428.7  10284.7  9973.91  10852.8  8172.82  
12548.8  12738.8  12630.8  12696.1  12722.3  12708.2  12329.4  12743.9  12643.7  12661.2  12725.3  12610.7  12507  12510.1  12210.4  10818.8  10961.5  8347.23  
12264.2  12498.5  12461.6  12506.7  12444.5  12429  12478.2  12513.3  12505.8  12244.5  12506.4  12482.3  12371.2  12489.4  11199.9  9037.66  11745.8  9680.17  
12686.5  12855.9  12708.5  12786.8  12855.8  12737.9  12577.7  12855.9  12714.4  12852  12831.6  12676.7  12573.6  12527.4  12689.2  11611  10606  7900.58  
12541.4  12732.4  12627.1  12691.3  12715.1  12718.3  12330.1  12737.8  12639.5  12652  12719.5  12606.7  12503.3  12508.3  12185.6  10783.8  10978.1  8349.22  
11776.2  11870.6  11866.5  11789.6  11852.5  11808.9  11594.9  11867.9  11844.1  11855.2  11790.2  11853.7  11867.3  11823.1  11305.7  8982.94  9655.56  8341.99  
12440.8  12591.3  12540  12440.6  12543.1  12490.5  12577.2  12598.1  12598.4  12332.4  12595.9  12572.4  12432.6  12575.3  10265.7  8457.6  9803.56  11828.1  
