3987.47  4023.43  4208.14  4221.35  4161.12  4165.1  4168.7  4174.77  4104.27  4228.29  3936.29  4187.49  4013.24  4189.66  
3856.63  3843.31  4056.44  4080.67  4052.77  4028.63  4030.09  4030.76  3968.05  4078  3830.25  4019.99  3895.26  4064.26  
4289.13  4459.42  4484.58  4545.14  4400.42  4479.47  4487.67  4287.78  4417.91  4578.59  4190.65  4581.59  4342.12  4533.17  
3858.64  3861.42  3928.24  3934.15  3923.98  3893.53  3884.78  3899.48  3825.97  3922.93  3851.4  3834.94  3831.41  3931.04  
4335.52  4536.33  4396.66  4593.28  4431.28  4527.27  4535.04  4330.11  4465.01  4633  4237.47  4638.79  4636.74  4360.18  
4049.92  4145.71  4245.46  4289.77  4189.13  4230.87  4236.3  4038.75  4170.23  4309.36  3986.75  4289.2  4059  4199.83  
3160.19  3199.72  3094.18  3193.79  3197.76  3133.34  3162.54  3115.23  3122.23  3203.05  3099.8  3182.64  3135.91  3142.82  
3147.23  3137.56  3056.22  3140.85  3147.71  3082.48  3111.03  3010.45  3086.35  3151.7  3053.78  3137.73  3094.36  3085.93  
4181.55  4317.54  4402.98  4430.16  4307.38  4367.64  4374.5  4175.21  4306.43  4457.21  4099.62  4450.27  4443.66  4365.71  
2843.45  2894.05  2963.03  3011.7  3025.98  2958.34  2985.31  2857.49  2997.49  3026.2  2942.15  3027.43  2995.61  2958.29  
2683.12  2627.06  2838.48  2843.39  2867.79  2796.91  2821.32  2767.3  2881.72  2861.97  2798.23  2881.01  2867.2  2802.79  
3251.7  3438.79  3419.39  3510.05  3500.69  3453.32  3470.31  3507.88  3389.98  3509.67  3437.39  3450.9  3427.64  3477.88  
2629.89  2756.79  2798.51  2787.61  2815.05  2743.32  2767.05  2723.38  2843.88  2807.87  2749.73  2833.71  2823.47  2742.97  
3379.32  3631.42  3620.81  3657.88  3653.51  3613.89  3614.04  3559.16  3548.75  3649.74  3647.48  3567.05  3600.41  3645.72  
3550.98  3719.93  3763.83  3804.26  3790.99  3755.88  3758.17  3786.03  3690.56  3798.46  3700.57  3725.82  3696.64  3788.57  
3071.86  3348.29  3251.1  3357.19  3353.79  3299.73  3320.46  3308.75  3301.71  3357.55  3331.98  3299.79  3304.82  3323.88  
3108.03  3326.81  3250.7  3346.23  3345.7  3292.88  3311.22  3273.36  3338.22  3347.31  3347.37  3284.93  3306.91  3315.78  
3387.59  3499.05  3455.49  3536.18  3531.89  3484.35  3498.33  3524.89  3534.51  3536.62  3475.35  3473.17  3460.52  3512.36  
4086.82  3972.74  4088  4086.71  4056.42  4039.96  4031.39  4039.77  3973.85  4076.29  3938.5  3999.04  3945.89  4074.87  
3859.6  3861.99  3928.15  3930.52  3923.77  3893.34  3884.53  3899.28  3825.75  3922.65  3851.89  3834.53  3831.51  3930.85  
