6600.33  6492.98  6604.79  6519.9  6458.99  6545.69  6589.83  6604.3  6588.87  5384.9  4203.49  1668.42  2805.89  4682.45  3797.31  3244.41  
6681.84  6572.08  6680.06  6594.43  6614.3  6622.71  6664.77  6668.4  5984.28  5050.98  6303.95  1644.86  3149.17  5365.08  2778.92  3268.27  
5944.77  5839.65  5982.04  5923.11  5930.98  5787.55  5970.71  5981.33  4589.43  3328.31  4380.75  471.948  5678.89  2971.79  3368.33  257.631  
6280.91  6175.46  6301.92  6230.28  6199.08  6172.28  6288.91  6203.58  2768.29  4049.88  4112.97  1134.06  3194.95  2488.57  3603.89  508.511  
6164.16  6059.95  6191.86  6123.91  6098.29  6048.41  6179.45  5882.01  2879.35  3611.46  4167.32  991.504  3272.97  3075.55  3541.35  1871.95  
6927.61  6822.74  6931.38  6760.45  6784.12  6836.77  6903.95  6432.82  3843.8  4109.94  4102.59  571.326  3266.84  5156.7  4338.25  3879.27  
7051.27  6973.58  7058.54  6993.97  6921.3  7029.98  7044.7  6578.37  2843.13  4545.97  5238.8  1771.31  2583.89  4014.62  4000.1  3273.55  
6821.74  6716.99  6822.09  6703.87  6642.7  6784.75  6802.61  6322.34  2761.2  4326.02  4355.74  1670.81  1970.99  4320.27  4093.63  4206.41  
6024.53  5919.32  6057.92  5996.02  5935.37  6058.78  6046.2  6036.54  3011.69  3500.83  4316.76  1902.48  3987  2847.43  3423.96  221.526  
7162.2  7100.06  7166.51  7180.37  7037.16  7176.68  7162.89  6700.79  2115.82  4895.17  6051.43  2135.99  2071.53  3441.77  2831.67  3247.77  
7290.31  7266.98  7327.17  7340.94  7202.15  7328.11  7321.27  7081.46  1695.8  5770  5651.58  2180.2  4059.75  4544.02  3318.18  4269.34  
7667.96  7807.73  7852.32  7848.04  7878.17  7771.3  7835  7352.09  626.407  4572.86  4140.22  6390.4  2567.71  7742.19  4545.35  6339.37  
7753.18  7782.53  7827.36  7826.52  7797.81  7748.17  7810.99  7343.15  2338.05  4612.81  4258.15  3931.51  2824.09  7529.03  4484.75  7163.29  
7606.25  7611.06  7661.39  7661.86  7648.54  7641.79  7648.16  7067.39  1872.32  5220.96  4567.92  179.737  2586.55  6936.19  3706.67  7098.87  
7487.89  7443.02  7501  7493.49  7499.75  7497.11  7488.89  6936.39  2451.57  6088.23  4839.48  2608.83  1797.54  6023.43  4756.59  6995.32  
6450.81  6342.33  6455.91  6408.67  6379.89  6405.91  6446.38  6407.12  4851.2  5093.77  6220.38  942.935  2245.66  4363.66  5933.06  5995.89  
7616.59  7605.57  7656.6  7654.44  7656.3  7639.71  7643.02  7027.55  2121.2  5378.52  4543.43  276.993  2331.16  6960.28  3578.44  6962.66  
7355.09  7285.2  7349.24  7340.18  7325.28  7355.1  7339.16  6894.61  2639.87  6380.67  2293.06  331.245  3329.24  6056.36  4772.98  5642.67  
6450.81  6342.33  6455.91  6408.67  6379.89  6405.91  6446.38  6407.12  4851.2  5093.77  6220.38  942.935  2245.66  4363.66  5933.06  5995.89  
7488.82  7442.51  7500.56  7492.79  7500.55  7496.93  7488.41  6932.58  2474.21  6103.28  4837.06  2659.49  1772.92  6025.88  4744.36  6981.71  
