3579.39  3586.66  3575.62  3554.88  3556.19  3409.86  3503.03  3593.1  3534.49  3598.63  3498.59  3597.67  3590.81  3303.66  
4348.66  4445.96  4466.39  4474.22  4401.81  4375.11  4472.27  4448.32  4451.73  4423.97  4449.34  4448.7  4251.89  4474  
3983.53  3953.77  3957.44  3910.86  3950.26  3966.82  3816.68  3934.85  3978.06  3930.28  3892.42  3988.42  3939.05  3732.17  
4029.47  4011.47  4015.77  3968.23  3984.1  4020.76  3871.39  3988.71  4016.02  3980.06  3952.87  4043.21  3966.29  3765.66  
3232.15  3252.63  3177.06  3214.81  3168.63  3240.51  3198.07  3251.63  3199.64  3253.67  3092.22  3146.25  3228.06  3142.23  
2864.09  3345.7  3277.01  3308.4  3271.14  3317.41  3289.94  3348.1  3234.62  3338.75  3192.26  3257.87  3316.83  3061.79  
4155.35  4210.09  4211.2  4166.67  4058.53  4084.36  4067.64  4174.47  4084.29  4150.33  4159.17  4219.21  4025.27  3878.39  
3687.82  3682.13  3674.19  3647.19  3650.95  3481.87  3583.22  3681.15  3644.47  3679.99  3597.17  3697.96  3684.01  3445.38  
4150.27  4168.67  4167.16  4119.76  3999.88  4034.3  4023  4127.69  4017.54  4103.58  4109.27  4178.57  3986.25  3815.42  
4215.54  4337.94  4354.43  4347.06  4254.77  4247.61  4217.42  4331.42  4270.4  4307.26  4323.3  4341.91  4143.32  4010.61  
2436.12  2971.46  2866.4  2890.44  2944.15  2824.79  2917.43  2963.95  2970.73  2949.93  2740.07  2925.11  2796.25  2972.06  
3416.73  3460.22  3445.28  3437.6  3339.42  3336.56  3405.82  3473.76  3324.81  3467.84  3354.63  3451.03  3394.77  3071.88  
4216.74  4518.99  4543.87  4540.9  4505.07  4462.86  4407.78  4530.9  4537.08  4506.53  4537.26  4519.01  4314.98  4296.25  
2323.29  2877.67  2799.59  2777.42  2862.08  2869.6  2824.17  2872.03  2885.23  2852.57  2630.5  2899.11  2540.2  2898.09  
3836.95  3804.79  3802.15  3763.53  3826.22  3805.53  3682.23  3796.04  3825.91  3800.67  3734.65  3836.02  3838.52  3642.96  
2924.75  3127.18  2992.09  3074.15  3080.32  3010.94  3072.27  3118.13  3107.68  3111.6  2922.13  2987.21  3130.44  3130.62  
3830.96  3799.35  3796.5  3758.26  3820.39  3797.29  3677.59  3790.99  3819.35  3795.76  3728.82  3830.24  3833.37  3636.61  
2520.55  2852.56  2780.22  2747.55  2840.11  2855.38  2799.19  2847.26  2862.84  2826.5  2601.14  2890.25  2480.78  2874.68  
2924.75  3127.18  2992.09  3074.15  3080.32  3010.94  3072.27  3118.13  3107.68  3111.6  2922.13  2987.21  3130.44  3130.62  
4322.74  4315.25  4327.43  4326.78  4216.59  4217.16  4187.9  4300.55  4261.23  4276.3  4291.83  4321.43  4129.53  4261.3  
