3836.46  3863.4  3777.96  3882.49  3861.46  3784.93  3881.06  3705.29  3875.49  3788.34  3878.11  3878.22  3849.94  3811.47  
3852.88  3964.82  4007.28  4006.86  3985.19  3898.71  3990.57  3890.29  3928.15  3870.14  3968.86  3954.13  3873.98  3891.38  
3583.67  3581.47  3476.51  3582.97  3557.13  3491.29  3585.79  3413.78  3570.14  3533.93  3580.2  3555.11  3565.11  3455  
3417.87  3466.32  3451.65  3476.86  3456.33  3415.08  3484.76  3281.51  3487.45  3461.31  3472.89  3487.63  3470.11  3324.96  
3272.57  3338.16  3337.46  3342.78  3323.56  3292.6  3352.33  3178.57  3285.41  3346.05  3320.99  3296.23  3324.77  3115.99  
3761.53  3791.83  3730.83  3807.96  3781.56  3696.51  3797.54  3670.32  3715.55  3702.31  3778.42  3686.95  3686.41  3658.65  
3212.91  3320.03  3282.52  3315.63  3296.02  3254.68  3321.85  3239.94  3060.3  3301.18  3247.74  3251.97  3320.19  2903.29  
4001.24  4046.03  3987.79  4078.04  4067.63  4004.63  4081.65  3916.11  4075.8  3977.56  4074.69  4049.31  4023.95  4027.36  
3628.22  3665.85  3611.35  3679.99  3656.45  3589.91  3679.94  3521.07  3673.84  3615.79  3673.09  3685.43  3656.59  3568.51  
3081.62  3179.25  3193.73  3172.75  3154.06  3128.66  3178.33  3105.79  2912.71  3181.68  3098.38  3123.26  3077.26  2778.18  
2904.17  2905.88  2745.02  2870.04  2853.26  2826.59  2873.33  2719.99  2901.67  2879.65  2908.97  2909.21  2851.44  2895.5  
2861.38  2860  2716.09  2823.47  2806.99  2785.52  2826.56  2676.27  2853.56  2840.7  2860.29  2867.26  2772.27  2854.72  
4387.54  4542.2  4542.34  4516.81  4545.97  4549.55  4544.18  4468.64  4457.94  4432.62  4499.21  4399.59  4381.1  4258.42  
4234.87  4348.89  4377.28  4372.72  4387.42  4365.18  4386.71  4300.2  4281.5  4274.39  4348.96  4285.58  4237.08  4186.83  
4094.06  4189.27  4186.22  4230.1  4223.8  4161.1  4229.97  4096.83  4216.77  4106.28  4214.78  4162.25  4124.44  4178.08  
3023.93  3051.46  2946.19  3029.02  3011.24  2982.49  3033.47  2869.66  3046.95  3034.32  3039.02  3022.46  2997.49  2959.59  
4381.36  4536.95  4524.98  4509.25  4536.87  4537  4536.14  4453.02  4466.87  4422.7  4493.61  4392.08  4378.05  4266.83  
4236.2  4378.41  4340.14  4364.47  4373.43  4338.34  4378.56  4261.13  4370.31  4256.4  4352.42  4269.71  4253.23  4224.42  
4094.25  4193.26  4181.22  4229  4221.92  4157.49  4228.88  4091.57  4228.75  4103.86  4215.26  4160.11  4126.63  4183.15  
3023.9  3051.42  2946.17  3028.99  3011.2  2982.46  3033.43  2869.63  3046.92  3034.3  3038.99  3022.43  2997.43  2959.56  
