11592.1  11538.9  11439.4  11564.6  11551.9  11527.6  11498.5  11531.2  11549.4  11488  11467.9  11565.4  11538.4  11487.9  11022.5  9601.79  9094.99  6247.49  
11976.5  11989.8  11971.8  11990.7  11989.1  11977  11948.1  11989.4  11985.2  11878.7  11990.2  11920.6  11954.4  11899.9  11782.1  9702.74  9125.49  7484.06  
11516.2  11446.2  11393.9  11474  11470.1  11462.2  11451.5  11471.4  11478.3  11417.6  11324.5  11497.5  11477.4  11441.3  10980.4  9696.99  9553.08  5976.96  
11703.4  11680.1  11504.8  11697.3  11671.3  11614.5  11586.6  11607.3  11667.4  11591.9  11670.6  11662.6  11632.5  11579.6  11065.6  9456.96  8624.61  5111.9  
11333.3  11218.8  11277.8  11256.3  11273.2  11308.8  11320.4  11324.6  11284.2  11247.4  10984  11327.7  11327.7  11292.7  10865.7  9880.76  10513  3061.27  
11946.6  11957.3  11925.6  11958.4  11954.4  11939.7  11906.9  11952.9  11950.9  11847  11957.2  11884.6  11917  11855.5  11704.3  9665.16  8658.64  9781.83  
11764.8  11754.3  11625.8  11763.9  11743.5  11701.8  11664.7  11684.5  11741.6  11655.9  11748.7  11691.4  11700.2  11622  11229.5  9541.22  9208.38  7338.11  
12474.4  12383.7  12436.3  12361.1  12479.9  12407.9  12498.2  12316.2  12495.1  12325.5  12212.6  12444  12386.4  12411.7  11228.6  11888.1  4579.94  10582.1  
12345.1  12288.5  12324.9  12312.8  12349.1  12269.6  12353.2  12189.8  12366.5  12203.7  12138.5  12332.2  12329.1  12298.7  9491.63  11630  4635.77  10613.6  
12215.5  12194.5  12122.7  12209.4  12232.8  12136.1  12230.3  12098.9  12188.8  12127  12162.5  12225.6  12224.9  12223  10412.2  11326.8  11942.8  12073.9  
11396.7  11311.3  11337.5  11344.1  11352.3  11365.9  11390.8  11372.3  11383.4  11316.4  11117.1  11388.6  11390.7  11364.7  10916.4  9850.05  8673.54  5721.3  
12502.8  12404.5  12460.1  12371.2  12508.4  12431.2  12507.5  12343.6  12522.2  12469.9  12400.9  12467.9  12398.8  12436  10627.9  11742.2  5874.76  11774.4  
11858.2  11860.1  11786.7  11862.1  11851  11827.5  11783.7  11799.1  11848.3  11752.7  11858.1  11777.7  11805.6  11722.7  11445.2  9572.9  9574.1  8429.46  
12078.7  12094.8  12030.5  12099.1  12105.5  12051.5  12089.9  12104.3  12071.6  11987.4  12095.4  12064.7  12085.9  12073.6  12058.3  9365.65  10202.1  11848.6  
11242.8  11077.9  11247.4  11150  11177.2  11251.1  11174.6  11242  11161.5  11161.8  10833.6  11254.5  11243.7  11113.3  10865.5  9994.24  10386.1  2868.34  
11440.8  11359.5  11347.3  11383.5  11388.2  11388.2  11424.1  11400.5  11421.5  11348.2  11174.3  11427.6  11421.4  11418.1  10920.1  9786.41  10210  4175.61  
12334.7  12285  12316.7  12309.4  12341  12262.6  12343.1  12170.8  12331.8  12253.5  12212.8  12329.7  12340.5  12308.6  9401.82  11608  11695.7  12052.8  
12078.7  12094.8  12030.5  12099.1  12105.5  12051.5  12089.9  12104.3  12071.6  11987.4  12095.4  12064.7  12085.9  12073.6  12058.3  9365.65  10202.1  11848.6  
11234.4  11066.2  11241.8  11140.1  11168.3  11246.1  11163.5  11237.2  11148.1  11153.8  10819.8  11246.7  11235.8  11099.3  10862.7  10000.1  10380.5  2848.55  
12192.7  12185.2  12207.7  12194.2  12214.5  12176.2  12207  12148.3  12198.3  12110.4  12168.5  12178.9  12201  12179.5  10670.3  11460.9  10871.5  12164.9  
