6475.74  6454.17  6482.17  6472.73  6436.69  6462.43  6468.21  6367.48  3806.88  6228.2  3479.75  3764.85  775.007  2646.5  4964.17  4987.06  
6372.73  6307.52  6366.65  6371.61  6300.69  6185.62  6365.1  6304.76  5392.45  5790.07  5031.03  5101.31  320.524  2688.89  4126.37  5067.73  
6559.4  6572.51  6575.98  6554.86  6520.77  6565.74  6552.88  6394.69  3259.47  5055.81  3387.72  5057.02  367.265  2724.71  4652.27  4957.77  
6083.66  5966.7  5983.81  6098.31  6018.68  6093.69  6110.01  6090.74  5615.31  1950.46  4236.43  2945.53  0.0105618  4665.17  4457.16  4451.6  
6890.66  6901.05  6836.43  6879.07  6895.28  6867.7  6888.93  6798.8  4199.68  5042.75  4019.26  3009.29  3177.4  2439.87  4860.35  5457.52  
6730.93  6740.57  6709.17  6722.72  6734.49  6714.18  6739.51  6677.41  3486.21  4765.99  3793.75  4179.63  21.1235  3382.66  4710.32  5571.52  
5936.8  5902.66  5799.26  5954.68  5916.2  5923.42  5955.33  5941.19  5610.05  1453.93  5029.47  1544.28  0.0945078  5494.55  5258.8  2521.51  
7002.79  7027.43  6936.82  6988.92  6883.8  7021.25  7032.53  6582.94  1871.05  6862.06  3724.43  3062.37  588.281  2631.58  5407.43  1965.55  
5890.86  5855.11  5757.66  5905.17  5872.67  5878.61  5905.27  5892.89  5577.79  1671.12  5453.64  1529.69  1.94729  5369.17  5134.45  1026.53  
6265.35  6157.61  6246.2  6266.2  6189.74  6256.28  6255.67  6221.21  4774.51  5076.39  3041.08  5126.84  79.1243  2815.78  3965.07  5077.8  
5449.8  5428.27  5373.52  5424.09  5447.33  5446.36  5437.11  5421.28  5151.21  3791.58  4974.42  2173.81  815.127  4473.12  3605.6  1895.36  
5748.09  5733.69  5640.83  5748.4  5747.56  5718.26  5733.9  5735.05  5262.75  3162.38  5017.53  1392.82  465.574  4565.29  4684.75  282.751  
5594.64  5593.58  5538.25  5579.56  5586.87  5585.22  5574.73  5551.76  5160.93  2955.71  5409.17  2712.99  40.9665  4207.96  3391.41  2007.97  
7109.05  7108.63  7108.29  7092.76  6979.16  7096.38  7084.63  6660.1  2325.43  6271.61  4106.25  887.156  559.579  2117.71  5437.17  2810.68  
5321.57  5308.27  5192.77  5287.6  5328.52  5323.96  5326.2  5328.87  5175.91  4982.99  4637.77  1146.89  215.838  4748.85  1381.67  207.683  
5255.8  5244.39  5141.32  5215.72  5260.81  5265.58  5259.5  5255  5145.64  4993.91  4718.13  1526.92  370.382  4665.52  869.881  773.97  
6730.93  6740.57  6709.17  6722.72  6734.49  6714.18  6739.51  6677.41  3486.21  4765.99  3793.75  4179.63  21.1235  3382.66  4710.32  5571.52  
6119.42  6089.48  6114.38  6106.82  6085.34  6106.03  6082.85  6062.76  4209.18  5641.2  4352.31  393.597  2512.92  2545.16  3984.25  1279.79  
5743.41  5725.4  5729.42  5742.22  5719.31  5731.09  5714.92  5671.68  4863.87  1120.02  5737.63  2614.8  1209.49  4160.44  4719.72  980.04  
5592.82  5590.9  5560.02  5577.29  5579.1  5587.87  5569.29  5535.09  5060.48  2442.73  5591.39  3025.02  225.684  4104.93  3394.66  2190.16  
