3545.46  3487.46  3524.95  3676.46  3631.1  3714.71  3705.95  3709.86  3722.14  3701.62  3694.29  3738.29  3545.19  3694.35  
4260.73  4260.82  4182.14  4145.77  4349.61  4323.95  4363.82  4185.77  4291.09  4364.26  4261.38  4320.05  4221.11  4373.26  
3912.71  3838.5  3831.98  4033.31  3736.14  3959.89  3640.58  3924.1  4043.21  4008.42  3959.77  4042.73  3604.42  3962.37  
3743.66  3597.41  3618.35  3783.15  3655.98  3771.97  3809.87  3775.3  3820.15  3796.09  3774.99  3830.01  3565.94  3784.68  
4063.08  4019.1  3983.71  3945.28  4112.66  4164.9  3964.18  4036.4  4148.41  4161.5  4092.99  4179  4078.1  4150.3  
3630.75  3683.55  3700.47  3883.69  3703.44  3885.64  3918.31  3831.95  3905.26  3875.4  3846.24  3914.29  3574  3535.91  
4347.23  4317.8  4229.78  4339.09  4289.97  4374.39  4337.18  4217.56  4366.29  4414.16  4296.94  4337.17  4376.28  4418.03  
4156.76  4135.38  4079.15  4006.75  4250.29  4239.45  4160.29  4108.15  4215.7  4258.82  4174.05  4245.87  4188.41  4258.81  
3355.72  3296.64  3041.23  3088.26  3363.23  3335.56  3379.94  3377.92  3264.71  3366.91  3298.62  3381.37  3372.81  3208.06  
2761.77  2850.95  2673.47  2826.59  2865.62  2848.33  2842.63  2831.17  2597.43  2846.12  2775.15  2794.14  2870.18  2412.67  
3453.17  3296.39  3343.26  3455.36  3540.67  3497.16  3526.19  3558.85  3536.17  3526.42  3555.54  3559.17  3523.51  3553.33  
3122.26  3098.34  3159.23  3142.46  3200.36  3172.45  3188.07  3195.59  3059.66  3188.15  3156.93  3189.49  3198.51  2968.88  
3321.35  3273.29  3256.01  3162.73  3337.58  3310.25  3350.02  3351  3238.35  3340.16  3296.36  3290.54  3346.49  3319.5  
2724.57  2831.72  2708.38  2825.8  2826.39  2811.1  2803.46  2789.94  2544.71  2807.74  2736.95  2736.87  2833.24  2598.92  
4553.39  4534.05  4407.96  4611.27  4426.61  4525.59  4605.69  4348.57  4524.54  4597.04  4444.51  4450.79  3891.19  4612.26  
2971.57  3002.46  3038.55  3041.31  3054.41  3032.06  3039.25  3038.38  2859.25  3041.09  2996.49  3007.84  2919.91  3052.86  
4524.7  4504.4  4383.51  4583.96  4401.5  4505.2  4570.29  4330.73  4502.36  4571.99  4424.35  4435.95  4519.46  4585.32  
3445.33  3291.77  3402.03  3474.26  3534.23  3490.89  3518.98  3552.23  3529.49  3519.91  3555.07  3535.08  3517.11  3555.06  
2971.56  3002.45  3038.6  3041.32  3054.4  3032.05  3039.24  3038.37  2859.23  3041.08  2996.48  3007.82  2919.9  3053.1  
3110.11  3090.18  3164.14  3152.36  3190.14  3162.5  3176.91  3184.71  3047.24  3177.65  3150.35  3166.83  3188.31  3159.79  
