11663.5  11689.6  11682.2  11681.5  11692.4  11660.1  11575.9  11689.5  11679.2  11691.7  11686  11664.9  11661.7  11689.2  11166.7  9173.31  9996.01  7234.68  
11898  11957.7  11966.9  11935.4  11965.3  11952.8  11963.8  11867.2  11866.8  11953.8  11872.1  11947.9  11891.2  11955.1  10802.8  9420.87  8525.6  10015.7  
11943.1  11991.7  12004  11983  12002.7  11986.8  12000.4  11892.1  11901.7  11995.2  11897.8  11990.5  11926.7  11994.9  10758.3  9765.22  8582.92  10681  
12116.3  12115.8  12152.4  12140  12152.7  12113.7  12107.1  12057.7  12092  12152.6  11979.7  12152.1  12073.6  12150.7  10997.6  9552.69  9498.23  11820.9  
11623.2  11629.3  11602.6  11623.2  11613  11593.8  11456.3  11608.7  11604.3  11633.7  11603.1  11577.6  11612.9  11608.6  10626.3  9286.9  11359.6  7529.21  
11683.8  11716.4  11720.8  11706.5  11727.9  11697.7  11646.6  11724.6  11711.7  11721.7  11721  11719.5  11695  11724.1  11370.2  11659.4  9212.18  6834.29  
12279.8  12250  12299.8  12243.3  12309.9  12236.1  12182.6  12261.3  12091.1  12052.4  12089.2  12310.8  12235.5  12267  9797.9  11132.5  10609.9  11546.1  
11559.4  11553.7  11498.1  11553.7  11518.7  11504.7  11250.6  11511  11513.9  11498.4  11507.4  11383.9  11493.2  11510.7  10749  8735.67  10372.8  7985.09  
12309.2  12281.2  12331.7  12270.6  12341.2  12260.6  12216.8  12277.5  12128.4  12309.4  12125.4  12341.3  12261.8  12279.6  9641.85  11105.2  10875.6  12247.1  
12037  12062.7  12081.1  12081.9  12084.5  12057.5  12076.3  11940.9  11971.3  12081.4  11951.1  12078.9  12000.5  12077.5  10779.8  11300.9  8710.49  11872.6  
12373.8  12351.5  12397  12327.4  12410  12316.7  12305  12390.6  12200  12357.7  12211.8  12410.3  12316.8  12295.5  9451.11  11080.3  11081.4  10814.8  
12439.6  12423  12463.9  12385.4  12480  12373.7  12394.4  12502.5  12273.6  12429.8  12299.6  12480.5  12373  12312.3  9249.92  11053.3  11307.9  9486  
11727.4  11774.1  11802  11760.3  11801.9  11774.8  11797.1  11800  11781.5  11790.2  11796.5  11768.3  11765.6  11799.3  11736.4  8918.09  6993.29  6244.96  
12202.2  12168.8  12236.1  12173.7  12227.7  12172.3  12108.4  12236.1  12233  12196.7  11998  12231.3  12165  12229  10262.9  10845.1  10971.9  9393.27  
11472.3  11456.4  11363.4  11465.4  11400.2  11391.7  10969  11386.6  11398.9  11297.5  11387.1  11122.7  11318.2  11385.8  11256.5  7867.65  8823.59  8796.88  
11807.7  11889.7  11893  11840.3  11890.7  11885  11891.2  11817.6  11797.2  11871.3  11820.9  11863.1  11820.3  11875.8  10892.9  8730.62  8409.91  8683.46  
11471  11454.7  11360.8  11463.8  11397.8  11389.2  11108.2  11384.3  11396.7  11295.5  11384.7  11119.1  11316  11383.5  11242.9  7701.32  8876.04  8823.67  
12429.9  12412.5  12454.5  12486.6  12469.7  12365.4  12382.3  12489.6  12270.5  12427  12287  12470.2  12364.6  12309.2  9287.51  11046.3  11296  9554.87  
11803.8  11884.1  11888.7  11884.6  11886.4  11879.7  11886.7  11816.8  11796.5  11867.4  11819.7  11858.5  11817.7  11872.1  10933.2  8798.94  8342.17  8566.82  
11559.4  11553.7  11498.1  11553.7  11518.7  11504.7  11250.6  11511  11513.9  11498.4  11507.4  11383.9  11493.2  11510.7  10749  8735.67  10372.8  7985.09  
