316.029  357.648  351.181  348.49  362.171  326.147  270.14  368.838  376.755  365.394  367.899  374.883  350.542  179.182  352.501  115.947  
177.03  187.819  181.258  184.659  177.14  173.068  140.906  186.731  187.058  184.874  178.721  129.419  186.678  63.1044  166.381  33.848  
121.44  117.889  120.713  124.316  116.821  119.532  95.8403  124.297  119.72  121.914  120.852  78.9994  122.386  34.381  119.637  9.68434  
72.8953  58.5543  70.5564  72.9364  65.4032  73.2945  58.4108  70.3989  63.4585  61.34  67.034  41.9599  66.8725  7.59002  60.1421  1.46337  
39.65  24.1855  43.6463  42.7961  35.829  44.5636  38.0855  34.2606  32.5071  19.7577  25.1164  30.8609  35.2362  6.89006  25.2338  0.706162  
33.2048  21.0154  38.9481  37.8766  31.8683  39.1524  34.7296  29.208  29.0875  17.5727  18.9017  31.1682  31.9711  6.96371  17.4393  5.31249  
27.7908  18.3553  35.0046  33.7428  28.5393  34.6073  31.9131  24.9877  26.2185  15.6871  13.6841  31.4412  29.215  7.01845  10.8805  9.18662  
24.1195  15.773  31.4811  31.33  26.8734  31.4282  29.2838  15.4246  23.2916  28.5254  9.33778  27.4402  31.1495  9.05939  9.67899  10.4603  
19.0264  16.5452  26.4676  28.0555  23.7626  28.5718  26.1301  15.7512  21.82  25.0964  8.83962  23.7355  27.8456  9.89784  11.2447  12.9921  
15.786  17.5222  23.8841  25.9818  22.2968  25.0736  24.5371  16.5537  21.3069  23.2141  8.59847  21.4984  26.0592  10.7077  12.4779  14.7799  
12.5511  18.672  21.5057  23.9156  20.8158  21.0272  23.0953  17.5684  20.946  21.4415  8.28685  19.307  24.0067  11.6154  13.7957  16.645  
9.17196  19.7818  18.9163  21.7552  19.278  17.0901  21.5116  18.5167  20.4899  19.5342  7.99839  16.9959  22.0034  12.5117  15.1269  18.5513  
6.9675  20.3709  19.0904  20.2821  18.0772  11.1663  20.3187  19.0285  20.1371  18.2185  7.73791  15.4446  20.2197  12.9989  15.7253  19.79  
5.69243  16.645  18.6557  19.185  13.8211  5.07791  16.0486  14.4998  16.4161  14.9905  7.24051  13.5254  17.1774  10.9119  13.5358  11.1149  
5.32234  11.0564  11.8546  17.7761  8.59173  2.82681  10.1294  14.4413  10.9446  12.0515  6.40529  8.74903  11.4082  6.85793  8.84674  17.8639  
4.81099  0.937072  1.19349  17.0007  0.490124  0.127021  0.0502813  16.0558  0.484257  5.67458  5.48274  0.779151  0.324267  0.0220231  4.33343  17.0539  
40.9147  25.4641  45.2846  43.4321  36.1071  45.7072  39.3509  40.9048  34.0059  8.27809  27.0177  34.3318  32.6684  5.18528  24.0249  0.944008  
97.0562  88.2126  94.757  98.4711  91.014  96.6286  76.5645  93.6299  93.6235  96.0867  88.3055  56.0961  94.8233  31.0621  98.1662  6.57905  
94.2335  84.6355  92.6032  95.521  88.0045  93.619  74.8634  94.0903  88.189  87.9661  90.6903  58.2411  91.274  19.3663  86.2936  2.16099  
114.906  109.672  113.6  117.226  109.733  113.241  90.5463  116.959  111.809  114.506  114.046  73.0837  114.83  31.002  114.114  6.85536  
