12043.5  12037.4  12053.3  12053  12056.4  11885.2  12052.7  11987.3  12032.1  11893.6  11976.6  12011.9  12063.5  12027.6  11693.1  9635.29  10560.7  9297.68  
11839.2  11889.2  11886  11813  11864.7  11835.6  11884.9  11778.9  11684.6  11717  11839  11815  11862.8  11879.6  11700.7  9358.52  11285.8  8166.27  
11638.1  11740.9  11675.4  11650.8  11557.2  11756.7  11738.3  11669.3  11392.4  11604.6  11699.2  11623  11686.3  11629.2  11527.4  9764.53  11731.5  5555.81  
11948.3  11968.2  11953.5  11939.2  11969.8  11855.9  11971.8  11888.1  11977.8  11777.8  11913  11919.3  11964.8  11963.8  11701.9  9473.8  11290.7  7055.99  
12177  12138.8  12190  12187.8  12133.5  12024.8  12173.4  12190  12160.5  12093.7  12063.3  12165.5  12180.4  12185.5  11570.5  6792.25  9607.01  8948.44  
11575.5  11693.9  11605.3  11628.6  11510.8  11699.8  11690.6  11629  11326.6  11558.4  11655.2  11592.3  11634.4  11546.7  11507.3  9645.32  11687  5768.28  
10977  11082.6  11066.4  11170.7  10915.4  10948.4  11087.5  11116.4  11157.1  11155.3  11096.5  11181.9  11159.5  11072.3  11134  8642.49  11106.7  6809.02  
11270.6  11419.4  11340.5  11422.6  11238.2  11358.9  11413.2  11412.9  11036.8  11337.8  11398.6  11412.6  11393.5  11344.8  11389.9  9710.81  10087  5182.2  
12381.3  12293.6  12399.3  12395.5  12254.4  12232.9  12357.7  12393.4  12354.6  12396.9  12196.1  12399.3  12359.6  12072.6  11389.3  8149.82  8188.68  8199.65  
11160.3  11253.5  11124.4  11300.9  11072.7  11148.6  11245.8  11263.9  11178.8  11294.7  11243.4  11295.8  11266.8  11259.1  11259.8  9357.9  8329.4  7024.88  
11436.3  11559.5  11524.2  11524.4  11377.9  11536.1  11554.5  11527.9  11431.5  11451.3  11529.6  11497.6  11500.7  11414.7  11496.1  9982.73  10517.3  6076.37  
12291.9  12225.9  12307.7  12304.6  12201.5  12141.8  12277  12304.1  12269.7  12264.2  12138  12297  12281.2  12309.2  11468.6  7545.3  8809.55  9344.77  
10789  10879.8  10720.4  11020.2  10715.4  10719.5  10885.3  10941.1  11002.5  11041.7  10909.1  11047  11009.5  10952.5  10979.3  8185.52  10965.4  7245.27  
12474.1  12364  12494.4  12489.8  12433.5  12514.1  12441.3  12484.3  12442.8  12534.6  12256.5  12505.4  12440.9  12345.8  11307.1  8866.73  7545.21  6913.44  
12697.7  12511.7  12694.1  12688  12590.5  12715.6  12617.1  12677.1  12627.9  12720.4  12383.3  12728.5  12611.8  12483  11134.3  10253.5  5637.43  6689.45  
10561.5  10637.9  10317.1  10840.6  10478.7  10391  10646.2  10732.1  10844.6  10900.2  10687.4  10886.4  10833.6  10820.2  10794.6  7577.88  10748.5  7713.04  
12757.6  12546  12740.5  12734  12632.6  12768.5  12657.9  12721.3  12670.9  12735.1  12412.7  12780.2  12651.5  12720.6  11094.2  10599.1  5008.53  7275.3  
10513.3  10588.4  10252.2  10803.6  10430.9  10330  10597.9  10689.4  10817.7  10868.4  10642.6  10853.5  10798.8  10784.9  10757.2  9295.15  10805.5  7768.38  
12529  12394.1  12535.1  12530.2  12424  12508.7  12477.1  12523.8  12480.5  12538.8  12282.3  12550.9  12475.7  12356.7  11271.9  9132.12  7269.43  7651.98  
10789  10879.8  10720.4  11020.2  10715.4  10719.5  10885.3  10941.1  11002.5  11041.7  10909.1  11047  11009.5  10952.5  10979.3  8185.52  10965.4  7245.27  
