2977.65  2969.6  3001.67  3005.79  2989.26  2994.95  2973.8  2943.99  2902.05  2935.67  2931.28  2969.49  2926.61  2816.9  
3564.09  3562.5  3547.02  3488.75  3571.5  3538.27  3546.52  3520.5  3477.06  3487.1  3466.37  3299.55  3507.97  3245.31  
3510.71  3508.52  3496.08  3428.98  3500.36  3490.86  3496.27  3460.01  3424.64  3442.03  3420.35  3270.76  3455.05  3169.58  
4381.97  4390.01  4416.13  4335.1  4402.22  4328.06  4391.65  4389  4341.46  4414.94  4397.98  4320.97  4392.98  4357.25  
4282.27  4289.1  4316.27  4233.66  4293.39  4228.52  4291.49  4313.66  4235.12  4307.74  4283.11  4205.04  4261.36  4300.62  
3413.04  3409.81  3416.25  3310.35  3373.75  3395.59  3390.64  3376.29  3329.13  3366.75  3229.62  3214.28  3358.24  3229.47  
3750.01  3750.6  3763.47  3684.12  3594.28  3697.14  3688.84  3663.62  3660.24  3760.5  3461.49  3400.86  3692.34  3221.05  
4179.06  4184.78  4207.68  4121.74  4145.32  4125.49  4188.92  4208.28  4115.41  4118.63  4079.78  3999.82  4117.8  4123.21  
4485.65  4494.93  4520.02  4440.44  4519.33  4431.56  4495.85  4471.29  4456.76  4494  4524.12  4434  4423.17  4387.27  
2824.54  2814.76  2854.41  2824.33  2822.02  2856.26  2829.34  2794.19  2751.75  2788.51  2764.56  2884.79  2774.81  2769.31  
3726.09  3726.32  3718.7  3669.31  3675.76  3685.42  3686.71  3625.7  3636.2  3706.32  3535.56  3390.8  3668.59  3409  
4036.34  4040.49  4060.11  3968.3  4056.88  3983  4055.41  4061.33  3941.88  4042.83  3845.63  3724.33  3976.27  3882.7  
4076.74  4081.33  4102.19  4011.89  4095.73  4023.33  4094.19  4102.78  3990.05  4086.35  3917.5  3803.3  4023.11  3951.35  
3293.68  3289.07  3288.67  3181.84  3284.82  3292.42  3289.9  3265.25  3211.68  3228.23  3232.3  3149.8  3239.89  3255.64  
3896.86  3899.39  3906.24  3824.12  3803.68  3846.63  3895.91  3913.39  3805.55  3909.28  3712.76  3577.77  3837.95  3845.35  
3136.47  3130.14  3145.86  3095.41  3136.87  3144.46  3132.69  3105.31  3057.64  3082.67  3082.96  3060.11  3084.05  2978.55  
2864.64  2855.31  2886.81  2904.37  2897.23  2894.43  2872.65  2835.56  2791  2813.23  2897.95  2907.33  2814.57  2721.22  
4485.13  4494.41  4519.5  4439.92  4518.76  4431.05  4495.33  4470.89  4456.2  4493.53  4523.51  4433.42  4422.76  4387.06  
3896.86  3899.39  3906.24  3824.12  3803.68  3846.63  3895.91  3913.39  3805.55  3909.28  3712.76  3577.77  3837.95  3845.35  
3133.25  3126.87  3138.4  3078.08  3139.88  3143.6  3133.88  3104.57  3054.37  3073.04  3107.28  3059.13  3080.85  3055.8  
