6360.57  6320.78  6345.75  6336.99  6255.62  6312.6  6346.97  6301.63  4190.15  2467.37  954.45  5683.66  3443.71  5109.66  2864.07  5771.32  
6518.27  6398.23  6496.02  6501.95  6405.8  6461.63  6495.76  6336.08  4039.31  2967.03  755.288  6449.58  5282.59  5435.48  4549.17  5330.34  
6227.8  6196.68  6219.4  6198.15  6164.18  6187.29  6222.6  6221.71  4190.86  2565.61  588.954  4999.88  1709.12  4884.59  1474.81  5729.25  
6457.16  6411.15  6437.77  6438.02  6353.96  6403.86  6437.02  6311.55  4068.36  2878.7  840.099  6151.33  4673.91  5320.59  3918.68  5421.4  
6161.71  6147.58  6156.5  6129.04  6135.01  6124.9  6159.14  6155.12  4122.07  2874.14  307.77  4650.21  2454.31  4799.36  824.079  5507.87  
6584.29  6558.68  6562.07  6571.92  6485.01  6568.94  6531.1  6470.87  4185.64  3255.94  5729.83  128.135  3733.09  6301.05  1731.6  5112.03  
6724.47  6599.17  6700.11  6719.84  6609.35  6708.85  6690.86  6693.99  6384.37  3272.04  6064.33  0.586394  2778.34  6533.97  2184.97  4676.19  
6110.29  6109.28  6107.56  6075.27  6111.81  6076.36  6109.71  6103.33  4068.27  3114.66  89.1173  4383.85  3032.82  4733.16  318.562  5335.41  
6804.14  6803.61  6779.8  6804.26  6717.37  6761.32  6770.58  6762.47  3005.3  3259.77  2301.73  3807.87  2535.16  6072.21  1925.87  4203.41  
6854.04  6852.18  6829.15  6856.98  6767.17  6811.55  6828.5  6841.42  3882.26  3339.19  2404.88  4228.51  2140.66  6163.41  2054.91  4052.23  
6291.28  6273.69  6280.28  6264.62  6294.73  6247.65  6294.78  6281.36  4044.86  2830.67  837.147  4135.6  2471.63  4944.1  1943.89  5988.03  
6664.57  6664.01  6641.57  6656.76  6570.26  6652.99  6619.24  6587.04  5491.27  3455.09  6234.51  0.0077887  2985.12  6532.91  4486.5  4881.62  
5852.26  5759.96  5845.66  5801.39  5844.04  5816.95  5812.17  5851.73  4169.82  3681.33  1010.8  4272.16  1.04306  4221.66  406.651  5030.99  
7012.1  6991.29  6988.03  7024.74  6936.79  6958.73  6930.42  6652.49  4291.93  4330.6  1192.13  4246.36  2776.49  6013.32  4476.11  4107.61  
5900.43  5808.64  5895.34  5852.76  5892.21  5866.14  5850.23  5891.7  4135.46  3580.62  885.335  4276.36  2.78941  4350.62  381.635  5103.36  
6014.8  6021.64  6016.46  5975.38  6020.02  5986.02  6012.78  6009.18  3941.15  3608.69  15.8742  4752.57  5979.62  3318.5  104.529  4994.17  
7009.8  6992.75  6985.12  7022.12  6931.51  6959.4  6948.22  6759.05  4845.94  4141.24  1573.8  4556.94  2321.41  6119.3  3965.02  3980.48  
6903.15  6911.13  6878.31  6909.04  6820.94  6859.07  6868.88  6829.57  4284.72  3597.44  2228.09  4270.63  2100.76  6176.97  2865.23  3951.22  
6014.8  6021.64  6016.46  5975.38  6020.02  5986.02  6012.78  6009.18  3941.15  3608.69  15.8742  4752.57  5979.62  3318.5  104.529  4994.17  
5850.88  5799.73  5850.08  5801.38  5849.91  5821.22  5823.76  5849.34  4005.67  3968.69  601.405  4681.62  4053.58  2993.55  160.491  4800.77  
