5364.34  5209.24  5341.25  5353.38  5379.8  5278.98  5373.77  5205.49  5317  5387.15  5367.79  5388.9  5303.74  5361.4  5352.06  5371.83  5267.58  4907.28  5324.78  1387.59  3836.88  1010.76  2687.32  2229.43  
5467.26  5395.43  5494  5489.96  5506.59  5468.04  5511.98  5395.71  5466.9  5510.78  5495.92  5513.67  5447.23  5503.75  5493.76  5396.9  5471.4  4828.21  4989.57  3198.57  4910.51  901.551  1625.35  3831.65  
5428.11  5342.64  5450.91  5451.99  5471.14  5414.27  5471.61  5342.39  5424.87  5476.23  5459.78  5478.55  5406.93  5462.19  5454.33  5390.67  5413.79  4851.52  5078.02  2796.37  4596.61  942.24  1927.85  3374.09  
5563.77  5497.34  5549.99  5514.45  5562.35  5544.94  5563.93  5478.81  5529.76  5564.09  5549  5563.06  5455.51  5557.16  5525.43  5503.15  5545.69  4811.91  4666.89  2918.29  4996.43  1649.37  1616.15  2406.63  
5381.07  5276.06  5407.99  5425.15  5429.27  5353.2  5430.69  5279.5  5394.67  5435.94  5418.05  5440.27  5379.95  5432.21  5431.02  5383.5  5356.41  4878.67  5310.85  2641.82  4058.69  658.504  2639.99  2769.18  
5612.08  5646.69  5662.52  5609.18  5681.56  5655.27  5682.03  5645.53  5660.16  5682.1  5661.02  5657.33  5569.56  5678.04  5641.46  5664.53  5680.12  5057.7  4125.6  4602.41  3908.09  1762.33  1231.48  468.944  
5629.05  5713.89  5738.8  5704.76  5761.42  5704.3  5762.12  5752.53  5763.58  5762.47  5732.78  5763.25  5718.69  5732.19  5744.25  5741.89  5759.1  4820.57  3871.29  5565.29  4888.99  1077.5  2203.03  1669.31  
5152.79  4850.23  4918.65  4927.93  5127.96  4991.82  5129.09  4898.85  5033.42  5150.89  5114.14  5108.28  5045.96  4543.7  4831.54  4904.13  4726.42  4946.02  5024.79  3551.57  3816.02  4945.6  91.1828  3920.21  
5616.16  5665.39  5682.28  5633.66  5702.31  5668.96  5702.65  5673.51  5686.59  5702.72  5679.77  5687.46  5605.41  5693.02  5667.2  5685.82  5701.06  4858.33  4135.7  4908.22  4108.31  1598.31  1537.81  691.079  
5169.1  4948.98  4943.88  4950.28  5156.31  5022.75  5113.89  4909.13  5048.9  5168.93  4957.68  5131.74  5053.77  4621.14  4906.42  4933.75  4837.12  4925.24  5142.5  3750.75  3861.21  4964.32  139.112  3990.68  
5273.99  5214.57  5132.77  5068.78  5260.7  5114.8  5216.49  5040.65  5170.62  5269.56  5249.57  5252.16  5148.04  5250.68  5203.54  5003.33  5018.19  4928.06  4769.9  5097.79  3540.8  3004.92  1118.26  3804.48  
5220.42  4911.78  5038.51  5012.05  5219.07  5083.77  5168.19  4973.63  5112.58  5224.55  5213.52  5198.31  5111.69  4793.48  5002.89  4994.65  4862.81  4915.31  5058.14  3353.05  3880.05  4919.3  66.8695  3898.83  
5426.07  5611.51  5618.53  5561.63  5636.41  5630.39  5600.27  5586.51  5611.8  5635.46  5614.19  5625.57  5478.14  5602.26  5579.23  5632.35  5636.2  4810.46  4180.47  5465.39  3807.87  2623.81  1577.63  912.649  
5342.52  5141.65  5272.9  5275.36  5334.11  5211.13  5317.55  5136.87  5260.41  5341.59  5326.61  5339.4  5228.82  5245.52  5243.3  5098.31  5174.47  4924.3  5243.55  395.677  4022.99  1628.31  2071.72  2714.08  
5604  5600.58  5605.3  5539.68  5619.64  5622.23  5613.93  5563.94  5594.13  5618.88  5603.07  5613.35  5462.57  5615.93  5557  5614.63  5620.79  4798.8  4322.2  3302.43  3919.59  2450.66  1614.79  878.164  
5666.19  5745.9  5778.04  5744.2  5801.51  5727.66  5806.1  5806.01  5788.48  5802.94  5768.62  5744.78  5805.59  5756.39  5797.44  5779.31  5798.16  4917.83  3723.55  5579.11  3676.03  1921.89  2364.07  1417.15  
5665.62  5745.41  5777.45  5743.5  5800.91  5727.31  5805.43  5788.24  5788.1  5802.34  5768.08  5791.85  5804.28  5756.03  5796.63  5778.74  5797.58  4918.76  3725.73  5578.93  3694.51  1919.92  2361.65  1408.98  
5292.4  5205.18  5170.4  5122.3  5280.29  5140.19  5243.35  5066.95  5194.89  5288.95  5267.92  5275.53  5169.8  5271.89  5222.09  5091.45  5062.45  4927.26  4881.45  3983.27  3939.64  2555.95  1559.74  4070.11  
5563.77  5497.34  5549.99  5514.45  5562.35  5544.94  5563.93  5478.81  5529.76  5564.09  5549  5563.06  5455.51  5557.16  5525.43  5503.15  5545.69  4811.91  4666.89  2918.29  4996.43  1649.37  1616.15  2406.63  
5214.3  4949.47  5023.54  4989.27  5204.56  5063.51  5155.23  4963.03  5100.73  5213.25  5118.71  5184.97  5095.12  5208.9  4807.56  4974.83  4883.38  4923.16  4952.53  3210.64  3879.52  3094.67  366.811  4051.69  
