12347.4  12346  12305  12192.4  12271.3  12296.6  12323  12344.9  12140.5  12282.4  12347.9  12340  12304.8  12226.7  11883.8  9476.4  9694.4  1145.43  
11319.8  11424.5  11479.5  11413.3  11469.1  11356.8  11482  11412.1  11274.5  11323.1  11489.5  11484.9  11439.5  11489.4  10471.6  10387.1  11346  9741.78  
12640.2  12637.4  12614.3  12511.2  12638.5  12601  12580.3  12621.6  12630.5  12608.8  12644.5  12554.9  12380.2  12505.1  12295.8  12147.5  8910.96  2216.09  
11874.4  11902.2  11949.9  11942.6  11904.6  11925.2  11940.5  11967.9  11966.2  11964.6  11877.8  11959.4  11910.4  11869.5  11422.9  9612.07  9692.57  2419.11  
12239  12249.8  12202.6  12090.4  12180.9  12209.6  12242.7  12258.6  12250.4  12178.9  12256.3  12269.2  12230  12203.9  11763.2  10297.9  9817.15  1986.16  
11616  11744.1  11744.6  11741.6  11704.9  11680.6  11729.4  11714.3  11742.5  11682.5  11686.7  11739.1  11665.8  11723.4  11013.3  9878.64  10093.5  7823.47  
12129  12130.6  12096.3  11985.7  12093  12142.7  12141.1  12173.7  12173.1  12102.7  12146  12176.9  12048.2  11902.3  11672.3  9609.41  10813.3  894.891  
11980.4  11988.2  11996.9  11889.3  11970.5  11982.2  12016.6  12049.5  12014.7  11935.1  11974.7  12043.3  11892.4  11569.8  11725.3  8778.91  10258.5  1219.57  
12551  12550.8  12526.7  12412.4  12496.2  12521.7  12500.4  12542.4  12294.3  12509.5  12558.5  12489.7  12328.1  12386.2  12187  9405.43  8759.93  948.382  
12441.7  12435.2  12399.3  12286.1  12344.5  12369.7  12397.7  12435  12202.8  12377.5  12431.5  12405.7  12390.3  12087.5  11993.6  10443.9  9130.97  950.503  
11471.6  11558.6  11616.9  11546.9  11594.1  11527.8  11616  11562.3  11585.7  11491  11551.9  11618.1  11577.5  11610.6  10752.7  9164.27  10554.5  7742.7  
12876.1  12874.5  12877.8  12755.1  12811.5  12848.6  12770.1  12831.7  12539.3  12866.8  12866.4  12725.8  12561.3  12324.7  12634.8  7581.9  9948.11  1617.85  
12767.5  12766  12755.5  12646.6  12759.1  12739.6  12687.1  12736.9  12670.9  12750.8  12769.4  12648.2  12446.2  12515.3  12482.7  10657  9261.06  2201.86  
11750.6  11795.2  11857.8  11850.2  11809  11816.1  11840.6  11850.2  11853.1  11839.5  11774  11853.2  11746.2  11807  11249  9630.75  9908.37  4385.09  
11173.2  11298.3  11356  11294.7  11354.4  11353.6  11340.4  11265.6  11330.4  11152.8  11359.6  11359.6  11343.4  11338.3  10707.6  10392.1  9469.62  8256.93  
11500.7  11580.8  11643.4  11626  11613.6  11596.2  11627.9  11597.6  11635.5  11544.9  11602  11640.3  11581.6  11622.9  10808.3  10025.8  9920.82  8464.71  
11129.7  11260.3  11318  11258  11319.5  11328.3  11300.2  11222.4  11293.3  11103.5  11331.6  11322  11309.2  11298.6  10630.9  10572.3  6759.09  8621.64  
12888.3  12886.5  12885.9  12775  12883.7  12862.8  12788.6  12845  12784.4  12884.4  12885.5  12736.2  12523.3  12523.2  12650.6  10217.5  12434.3  2525.11  
11331  11432.9  11495  11479.5  11477.4  11494.3  11472  11428.4  11489  11351.4  11490.8  11493.4  11449.4  11468.8  10986.9  10670.1  9344.45  7863.75  
12763.5  12761.9  12751.2  12642.3  12755.5  12735.6  12683.8  12733.3  12668.5  12746.3  12765.7  12645.2  12656.4  12517.9  12477.2  10686  9242.06  2195.12  
