11616.2  11580  11630.5  11378.8  11605.3  11353.1  11550.8  11631.9  11581.7  11547.9  11610  11619.8  11574.8  11613  11057.3  9654.48  8456  6764.7  
11698.2  11666  11695.4  11446.7  11688.4  11452.2  11617.7  11704.4  11639.7  11627  11692.2  11700  11599.3  11697  11179  9297.78  8415.83  6070.14  
11898.1  11812.1  11870.4  11636.5  11890  11694.3  11779.3  11880.7  11781.6  11819  11892.5  11895  11753  11875.9  11870  8495.55  10040.1  6080.98  
11453.1  11475.6  11488.2  11242.1  11440.7  11155.4  11418.5  11488  11465.7  11391.2  11446.6  11460.8  11472.3  11441.6  10406.4  10656.5  7494.69  6322.83  
11737.9  11687.8  11730.9  11485.1  11728.4  11500.4  11649.8  11739.5  11668  11665.1  11732  11738.7  11633.4  11731.8  11304.7  9130.18  8804.63  5895.34  
11947.2  11745.7  11936.5  11695.4  11917.8  11765.2  11807  11924.9  11828.4  11866.6  11941.8  11942.4  11867  11736.2  10846.4  8465.86  10266.3  8304.41  
12513  12480.2  12509.5  12461.1  12503.4  12350.7  12196.2  12400.5  12400.6  12435.8  12508.5  12164  12350.7  12353  11450.2  11478.6  8065.43  5803.8  
11576.1  11544.6  11597.5  11343.8  11564.8  11304.7  11518.3  11596.6  11553.3  11509.4  11569.8  11580.7  11555.5  11573.9  10976  9826.92  8341.34  7050.62  
12025.9  11810.9  12004.6  11769.4  11997.2  11860.4  11870.7  11994.3  11884.2  11942.2  12020.6  12019.1  11923.6  11808.1  11135.2  8157.44  10840.8  8475.16  
11817.5  11753.2  11799.9  11560  11808.7  11596.7  11714.1  11809.7  11724.4  11741.6  11811.8  11816.4  11691  11803.8  11591.5  8818.86  9385.52  6076.61  
12413.6  12410.8  12412  12315.6  12387.3  12293.4  12284.2  12330.2  12303  12351.6  12408.9  12174.8  12230.6  12266.5  11939.1  11813.9  7604.43  6719.09  
11412.5  11446.6  11451.4  11208.1  11399.8  11106  11385.5  11452.2  11436.7  11352.2  11405.9  11421.1  11441.7  11402  10348.9  10910.4  7178.71  6628.28  
11302.4  11249.9  11347.2  11117.3  11289.1  10972.1  11296.4  11355.2  11357.9  11246.7  11295.6  11314  11341.7  11309  10935.2  11059.1  6095.48  8764.1  
12311.9  12318.4  12311.2  12167.5  12309.6  12226.9  12295.2  12253.3  12273  12257.8  12307.1  12170.5  12136.5  12230.6  10775.7  11862.2  8456  10372.3  
12124.1  12026.3  12112.7  12044.5  11907.2  12019.1  12098.1  12092.5  12126.2  12064.3  12119  12098.1  12114.2  12122.5  11005.9  10720.3  11042  9381.18  
12225.6  12207.5  12222.5  12177.3  12064.9  12146.1  12192  12182.6  12223.8  12172.5  12220.7  12147.9  12223.2  12199  10553.3  11595.4  9459.27  9214.78  
12119.5  12016.9  12107.7  12034  12040.9  12012.4  12090.1  12088.2  12117.8  12059  12114.5  12094.9  12085.5  12113.1  11022.9  10634.2  11076.6  9349.47  
12404.6  12419.6  12403.9  12358.3  12390  12371.4  12348  12399.5  12328.2  12346.9  12400  12189.6  12403.2  12345.2  11896  11899.3  9763.37  8020.63  
12222.4  12202.5  12219.2  12175.3  12058.1  12142.6  12188.6  12179.9  12221.3  12169.2  12217.5  12146.7  12222.8  12197.1  10557.2  11576.1  9503.13  10686.8  
12037.6  11880.2  12024.7  11807.2  11903.9  11893.8  11969  12010.6  11989.9  11967.6  12032.3  12024.8  12005.6  11950.7  11093.1  9617.89  11036  9159.77  
