12360.6  12266.1  12069.5  12391.8  12359.4  12211.7  12366.6  12401.6  12311.5  12271.5  12386.6  12273.3  12257.7  12183.1  11818.3  7084.76  10179.7  8802.67  
12117  11975  11847.3  12085.6  11946.1  11849.8  12072.3  12113.2  12096.2  12111.8  12123  11848.7  12043.2  11593.4  12068.1  7640.65  10781  8298.78  
12264.6  12172.9  11974  12244.6  12186.1  12040  12269.1  12275.4  12223.3  12260.5  12275.6  12096  12229.1  11910.4  10611.9  8635.9  9189.09  8383.95  
11744.7  11723.8  11774.6  11789.8  11634.5  11793.8  11786.6  11793  11780.9  11780.5  11766.4  11669  11740.2  11543.1  10793.6  9496.78  10809.1  10606.5  
11195.2  11132.2  11070.6  11171  11083.3  11153.7  11133  11177.5  11049.1  11078.5  11038.7  11186.5  11098.9  11175.1  11052.6  10035.8  10133.9  910.044  
12507.6  12449.2  12199.4  12578.9  12536.4  12403.5  12576.9  12576.6  12509.9  12430.8  12549.5  12517.7  12397  12510  11694.5  6899.69  9396.18  9194.58  
12443.4  12395.2  12147.6  12498.1  12443.2  12307.8  12497  12501.4  12397.2  12387.1  12480.4  12400.3  12364.5  12356.2  11805.2  6880.74  10529.6  3772.26  
11670.1  11651.7  11715.5  11711.4  11561.7  11717.8  11711.9  11719.7  11716.6  11702.9  11686.7  11604.7  11649.5  11478.5  11515  8989.08  10320.3  10670.3  
11508.7  11526  11570.8  11453.8  11433.7  11516.1  11606.7  11604.1  11592  11566.5  11533.1  11525.2  11414.5  11471.4  11259  9185.11  10038.2  7990.79  
11437.8  11388.9  11456.3  11449.4  11339.4  11429.2  11461.6  11422.5  11420.4  11385.5  11457.9  11446.2  11320.4  11384.2  11265  9466.17  11089.4  5831.66  
12570.7  12525.8  12255.9  12658.8  12625.3  12492  12660.4  12651.5  12584.5  12485.1  12618.6  12625.4  12453.5  12656.7  11634.3  6797.98  9054.61  5905.56  
11932.3  11818.5  11838.5  11961.5  11739.4  11852.7  11901.2  11954.9  11942.2  11934.5  11958.5  11703.4  11883.2  11497.9  11922.9  8543.16  11793.1  11872.5  
11059.6  11009.5  10809.9  11006.1  10933.7  11036.2  11061.4  11029.9  10849.9  11026.3  10793.1  11043.3  10978.6  11051.8  10915.1  10409.8  10453.8  591.336  
10941.2  10920.8  10571.5  10849.9  10799.3  10928.2  10809.1  10911.6  10677.4  10901.2  10574.3  10920.5  10876.1  10941.3  10793.4  10696.3  10574  737.557  
10864.5  10868.3  10414.7  10745  10711.3  10855.8  10595.1  10837.6  10566  10798.3  10431.4  10841.7  10810.4  10869.1  10714.9  10870.1  10722.4  261.222  
11322.1  11239.7  11318.9  11328  11224.9  11264.5  11295.3  11311  11235.3  11168.8  11269  11319.8  11210.5  11292.2  11182.5  9703.19  9908.94  1059.31  
11941.8  11866.5  11832.9  11954.9  11804.1  11852.2  11945.6  11966.6  11948.3  11961  11958.9  11776.7  11914  11594  11818.8  8904.31  11013.7  9561.38  
12074.4  12049.6  11894  12056.1  12019.5  11937.4  12128.7  12095.7  12058.5  12124  12080  11984.6  12095.7  11825.5  11762.1  9943.48  8932.72  5326.34  
11437.8  11388.9  11456.3  11449.4  11339.4  11429.2  11461.6  11422.5  11420.4  11385.5  11457.9  11446.2  11320.4  11384.2  11265  9466.17  11089.4  5831.66  
12243.4  12173.3  11982  12241.7  12209.1  12070.7  12265.9  12269.4  12206.6  12221.2  12257.1  12137.4  12196.4  11999.7  11831.4  8337.61  9501.55  6808.92  
