11722  11616.3  11493.8  11712.6  11660  11678  11663.9  11654.5  11713.3  11531.5  11682.5  11620.8  11553.2  11704.3  11097.2  11226.5  7329.58  10034.8  
12168.8  12288.9  12116.6  12208.6  12289.8  12342  12286.3  12327.3  12274.8  12332.4  12198.6  12241.2  12322.3  12277.5  11782.2  9036.44  7813.66  4782.66  
11805.7  11742.8  11598.8  11796.4  11768  11801.6  11741.9  11785.9  11810.5  11687.9  11779.2  11749.8  11600.1  11754.5  11280.2  8436.56  8165.39  8050.64  
12082.2  12162.2  12080.8  12086.4  12177.2  12211.1  12122.2  12203.4  12175  12196.2  12097.3  12115.6  12187.5  12142.5  11686  8933.45  8681.47  6305.22  
11869.9  11849.3  11668.3  11889.5  11852.9  11896.6  11800.8  11890.2  11887.6  11810.7  11853.1  11821.1  11627.5  11796.5  11425.2  8606.35  10703.2  8351.73  
12029.1  12084.8  12058.9  12009.2  12106.8  12130.7  12015.4  12127.8  12111.7  12113.8  12035.2  12035.9  12104.9  12059  11635.7  8851.39  10064.4  8092.08  
12228.8  12374.1  12196.9  12311  12429.4  12434.5  12436.5  12409.5  12428.2  12414.2  12269.7  12417.3  12420.3  12341.8  12011.5  9278.55  3236.91  11245  
12132.1  12236.5  12066.9  12150.4  12187.3  12285.5  12094.3  12277  12158.6  12282.1  12155.1  12112.8  12258.9  12226.3  11963.1  8881.21  9595.41  9500.14  
12297.6  12470.8  12286.6  12446.9  12518.2  12540.5  12308.4  12503.9  12511  12506.8  12351.2  12533.7  12518.8  12479.1  12368.7  9605.56  2726.78  10924.8  
12350.6  12545.4  12356.2  12548  12600.2  12622.2  12382.2  12576.6  12592.5  12578.3  12414  12639.7  12597.3  12567.5  12499.3  10198.7  1372.74  10844.7  
11949.4  11968.9  12016  11891.3  11999.4  12010  11848.7  12014.7  12014.1  11991.1  11941.9  11913.1  11981.1  11933.2  11570.4  8709.13  11077.1  10802.9  
12398.4  12613.2  12419.8  12632.9  12699.2  12696  12673.7  12642.2  12698.7  12643.3  12752.9  12765.4  12673  12639.3  12631.8  10333.6  1285  11652.5  
11569  11504  11518.3  11508.2  11513.7  11521  11523.4  11570.1  11569.5  11495.7  11560.5  11521.1  11483.8  11500.7  11347.2  9626.96  5937.25  11462.9  
11400.7  11399.4  11380.7  11336.3  11388.3  11330.8  11388.4  11405.4  11412.7  11296  11412.7  11404.1  11374.9  11392.9  11120.4  9992.36  5438.74  10892.8  
11141.7  11237.5  11240.7  11054  11185.5  11039.9  11179.6  11155.1  11171.3  10995.7  11194.5  11224.2  11228  11221.7  10794.1  10270.3  4794.53  10143.6  
10854.2  11058.8  10916.4  10779.6  10981.2  11059.3  10948.9  10874  10903.3  10655  11029.7  11024.3  11058.9  11037.2  10641.2  10791.2  4892.42  9327.15  
10854.2  11059  10914.6  10780  10985.7  11059.1  10949.1  10873.4  10903.2  10653.8  11029.6  11024.3  11056.9  11038.1  10637.3  10838.3  4824.52  9323.6  
11171.4  11255.6  11202  11098.8  11193.9  11227.4  11203  11185.1  11199  11033.3  11255.7  11244.9  11253  11238.8  10842.1  10076.8  5946.23  10209.1  
12395  12608.5  12415.4  12626.6  12693.4  12690.8  12671.9  12637.6  12732.1  12638.7  12748.9  12758  12667.9  12633.9  12618.4  10312  1291.19  11539.9  
11400.1  11399.9  11371.3  11337.9  11410.6  11329.3  11388.8  11402.4  11412.1  11289.6  11411.8  11403.5  11364.6  11396.9  11100.8  10227.7  5094.6  10876.1  
