3162.18  3086.37  3027.89  3164.03  3091.97  3032.85  3142.52  3167.11  3076.38  3108.25  3105.16  3062.28  3161.31  3103.15  
3033.27  2948.14  2795.54  2838.19  3000.2  2903.68  3032.86  3023.73  2921.52  2992.5  2983.85  2985.34  3024.73  2861.03  
3947.32  3812.1  3945.78  3842.35  3705.84  3835.04  3921.56  3856.5  3836.98  3876.77  3809.33  3783.18  3885.67  3646.86  
4325.24  4297.51  4304.19  4286.11  4213.18  4281.94  4304.07  4314.47  4180.21  4279.75  4318.85  4158.35  4297.9  4200.61  
3871.91  3718.55  3871.59  3764.47  3719.59  3757.45  3845.45  3799.51  3769.85  3801.16  3813.49  3710.04  3771.78  3767.51  
4373.87  4352.32  4349.19  4344.09  4278.29  4341.36  4353.4  4373.42  4224.69  4332.38  4349.36  4206.85  4346.27  4123.82  
4227.69  4165.89  4206.79  4179.25  4096.61  4118.11  4205.36  4201.6  4091.21  4178.45  4017.67  4062.6  4082.61  3721.06  
3372.1  3251.65  3318.52  3179.5  3273.42  3252.02  3347.61  3338.75  3284.6  3304.17  3328.41  3232.01  3355.55  3363.28  
3773.09  3630.91  3765.56  3623.3  3466.49  3654.68  3746.83  3653.64  3681.62  3692.87  3328.53  3609.81  3722.69  3546.32  
3392.25  3334.52  3450.98  3381.34  3348.97  3374.19  3465.07  3407.48  3411.18  3420.01  3389.19  3349.25  3398.68  3441.38  
3318.88  3209.72  3244.8  3175.55  3227.53  3196.46  3295.62  3295.24  3231.8  3254.5  3271.81  3189.01  3306.39  3297.32  
4521.79  4519.07  4486.05  4520.46  4476.36  4522.12  4503.43  4552.74  4360  4492.49  4442.15  4354.39  4493.41  3890.23  
4077.37  3971.61  4070.62  3993.7  3885.81  3965.56  4052.91  4009.59  3953.98  4013.68  3994.32  3911.81  4007.11  3677.9  
4519.93  4516.37  4484.43  4518.09  4473.72  4519.97  4501.54  4519.15  4358.29  4490.41  4510.12  4352.51  4492.75  3894.57  
3633.03  3441.28  3631.77  3492.17  3457.96  3522.04  3605.07  3509.31  3557.13  3555.64  3633.1  3475.46  3495.73  3582.15  
2950.05  2857.19  2642.77  2629.69  2949.34  2820.49  2937.32  2931.71  2820.82  2917.74  2904.9  2937.4  2943.08  2705.03  
3633.01  3441.33  3631.72  3492.14  3458  3522.01  3605.06  3509.36  3557.1  3555.63  3633.03  3475.45  3495.63  3582.13  
2931.56  2867.52  2654.06  2817.85  2908.85  2797.59  2918.5  2938.86  2819.97  2897.77  2876.59  2903.28  2926.72  2731.74  
3159.5  3085.39  3026.13  3155.2  3080.78  3029.94  3139.93  3163.53  3073.96  3105.9  3103.35  3058.77  3151.25  3097.78  
4091.5  4062.74  4085.8  4008.39  3911.64  3964.77  4066.94  4087.24  3965.75  4026.82  4020.09  4078.31  4012.2  3987.91  
