6262.65  6246.92  6263.03  6239.01  6213.88  6158.49  6241.01  6257.16  5586.88  4983.38  2311.43  1348.2  4918.02  4630.15  1324.06  148.45  
5823.93  5817.8  5860.52  5859.09  5859.17  5757.42  5857.79  5793.59  3489.66  5595.09  5434.25  3470.02  3846.12  4049.83  5159.97  4077.85  
5762.52  5724.86  5793.98  5603.6  5766.01  5703.49  5790.36  5713.45  3807.05  5351.08  5682.05  4648.37  4615.34  1798.49  3505.07  4311.54  
6167.26  6162.43  6178.23  6135.27  6145.99  6066.73  6165.22  6148.48  4702.33  5282.97  2823.4  1090.31  4568.38  3728.68  3535  2256.9  
5963.86  5996.62  6000.58  5915.77  6001.49  5873.45  6004.53  5919.41  2689.19  5973.44  3833.09  615.208  3745.75  1852.31  4804.76  3661.44  
5518.51  5592.16  5592.13  5623.76  5627.75  5522.71  5555.14  5633.95  5598.81  5501.89  4748.21  1455.31  3890.44  2893.36  4092.3  4437.28  
6103.01  6128.09  6128.09  6091.49  6126.47  5997.49  6129.37  6067.86  3292.03  5827.65  2972.44  432.661  3896.63  2581.81  4764.89  2573.57  
5119.42  5138.22  5185.41  5148.91  5023.93  5166.09  5142.96  5024.95  5110.42  5169.07  4734.76  1842.87  4292.22  4842.34  1589.62  1785.66  
5418.58  5468.04  5496.38  5494.83  5486.57  5438.36  5459.23  5362.7  5468.37  5448.84  4941.22  1150.15  2806.97  1697.69  2906.48  3081.18  
5351.42  5293.79  5420.95  5416.29  5370.87  5372.69  5382.11  5392.14  5246.38  5361.6  4730.7  1646.63  4435.08  4316.27  2990.75  3120.76  
4848.68  4881.05  4917.98  4861  4649.05  4871.7  4875.23  4803.01  4867.06  4917.21  4641.99  4842.6  4253.56  4550.04  22.9808  3471.32  
4936.48  5001.28  5003.89  4951.88  4767.34  4970.43  4965.7  4871.36  4846.74  5001.99  4955.53  2415.42  4159.63  4002.56  1087.28  2719.64  
5281.36  5172.02  5349.73  5339.23  5266.07  5310.23  5309.8  5293.06  5114.97  5306.68  4749.3  1743.84  4110.21  4068.87  2605.21  3008.61  
5116.29  5166.61  5182.37  5145.69  5019.81  5163.42  5139.82  5015.72  4832.69  5165.92  4732.72  1833.54  4299.4  4853.91  1570  1822.1  
5516.76  5593.58  5591  5624.56  5627.74  5521.67  5553.72  5630.39  5620.1  5504.8  4744.81  1410.67  3839.9  2866.34  4086.43  3539.97  
4767.7  4834.94  4837.14  4772.27  4533.52  4786.98  4798.64  4733.12  4540.2  4845.07  4625.9  4317.13  4138.85  3843.7  12.4823  3751.45  
5962.58  5995.5  5999.44  5914.38  6000.58  5872.23  6003.52  5917.96  2677.38  5977.44  3839.92  611.767  3741.08  4218.74  4834.26  3689.57  
4974.85  5023.12  5042.19  4993.93  4822.09  5010.58  5001.99  4904.48  5001.61  5036.17  4963.16  2664.4  4213.98  4337.25  1092.25  2007.55  
5232.29  5299.86  5300.59  5283.73  5195.34  5267.08  5259.62  5192.54  5055.63  5262.63  4736.55  1720.39  4182.78  4287.29  2297.4  2923.46  
5691.35  5719.98  5744.11  5763.64  5759.12  5655.58  5726.51  5755.6  4396.3  5556.48  5162.41  2627.58  3878.81  3514.09  4748.95  4227.99  
