3401.54  3300.24  3384.6  3335.91  3461.14  3493.55  3418.43  3456.73  3407.28  3254.75  3328.85  3494.48  3368.31  3498.74  
3413.56  3396.72  3273.13  3332.46  3370.29  3407.01  3410.77  3377.05  3323.96  3168.47  3306.55  3406.89  3295.3  3413.34  
3904.87  3632.17  3867.27  3860.07  3880.84  3728.07  3811.45  3833.35  3913.45  3876.41  3368.93  3923.68  3682.03  3821.53  
3876.36  3586.02  3879.37  3816.44  3844.63  3687.54  3776  3793.98  3875.86  3847.14  3284.99  3886.6  3627.79  3509.2  
3585.99  3499.87  3576.04  3610.09  3620.36  3598.96  3568.66  3596.61  3584.84  3453.07  3325.1  3653.99  3498.15  3259.13  
3624.69  3511.07  3691.87  3609.25  3668.2  3667.46  3620.47  3643.23  3609.77  3502.51  3411.34  3701.03  3605.95  3326.52  
4371.7  4428.27  4082.64  4550.37  4519.08  4329.95  4434.9  4531.46  4361.76  4538.81  4561.66  4561.22  4424.89  4412.54  
3318.53  3223.76  3155.05  3290.77  3279.22  3318.42  3319.71  3294.81  3240.72  3083.03  3260.22  3316.94  3212.9  3310.82  
4289.69  4279.52  3978.08  4431.85  4397.18  4232.1  4315.85  4397.85  4325.79  4403.48  4388.66  4442.43  4337.92  4246.56  
4416.87  4493.82  4109.43  4601.34  4575.21  4378.24  4490.98  4590.85  4352.36  4601.77  4541.77  4613.62  4432.65  4470.01  
3144.27  3135.73  2944.63  3188.58  3156.59  3195.12  3195.13  3182.12  3130.79  3184.84  3174.36  3194.37  3143.31  3145.33  
3971.56  3924.73  3921.78  4007.91  4002.97  4055.75  3927.66  3971.93  4055.16  3974.85  3895.14  4052.94  4046.05  3845.78  
2977.38  3021.89  2810.18  3027.75  3020.09  3054.52  3056.8  3055.1  3010.42  3056.66  3054.55  3056.82  2929.57  2933.28  
4073.88  4094.17  4035.07  4158.71  4137.2  4187.36  4058.51  4119.12  4185.69  4124.36  4177.4  4188.56  4126.69  4019.05  
4175.47  4178.25  4008.91  4286.18  4259.31  4203.35  4179.43  4249.96  4248.85  4256.87  4268.65  4307.55  4306.49  4084.84  
2787.71  2884.61  2723.79  2775.47  2840.65  2866.57  2846.48  2887.09  2854.26  2873.32  2878.86  2875.42  2526.73  2631.26  
2787.7  2884.61  2723.79  2775.46  2840.64  2866.56  2846.51  2887.09  2854.25  2873.32  2878.85  2875.41  2526.72  2631.25  
2977.38  3021.89  2810.18  3027.75  3020.09  3054.52  3056.8  3055.1  3010.42  3056.66  3054.55  3056.82  2929.57  2933.28  
3963.82  3911.43  3924.72  3995.88  3992.98  4043.77  3917.9  3961.05  4044.73  3966.78  4043.74  4042.69  4030.34  3763.98  
3144.27  3135.73  2944.63  3188.58  3156.59  3195.12  3195.13  3182.12  3130.79  3184.84  3174.36  3194.37  3143.31  3145.33  
