5465.5  5442.04  5454.09  5351.18  5436.41  5442.34  5445.92  5409.12  5436.15  5447.47  5386.54  5440.57  5443.93  5404.03  5464.73  5461.18  5403.79  5012.39  3156.16  3469.2  2957.42  819.862  4127.11  987.924  
5492.91  5468.96  5491.49  5414.81  5477.23  5481.66  5486.46  5436.3  5484.74  5487.39  5439.57  5475.96  5479.47  5447.97  5505.46  5500.87  5440.1  4913.28  3893.77  3522.79  2918.32  2108.08  3182.79  876.594  
5333.34  5303.71  5339.37  5317.84  5318.39  5327.3  5322.86  5304.74  5316.04  5332.23  5195.11  5323.03  5340.29  5269.97  5326.72  5345.24  5299.18  5232.74  3158.63  3766.47  4003.74  502.238  3788.53  925.113  
5431.83  5377.32  5425.53  5263.08  5408.06  5414.05  5413.87  5386.78  5382.87  5419.63  5347.26  5418.41  5421  5375.04  5430.69  5433.24  5378.43  4952.01  3882.45  3702.37  3078.38  1099.75  4589.6  2820.06  
5696.23  5687.64  5729.02  5756.23  5764.37  5749.93  5735.16  5618.03  5774.84  5767.43  5777.58  5678.51  5724.05  5737.87  5754.99  5777.02  5694.84  4822.4  3949.46  2828.91  1983.46  4463.41  4985.97  713.385  
5285.05  5195.69  5266.14  5283.85  5261.24  5265.54  5267.41  5245.38  5236.94  5275.7  5145.11  5271.33  5281.71  5213.36  5267.46  5287.4  5247.76  5223.39  3163.92  4044.14  4066.87  834.664  3947.27  404.132  
5758.98  5745.18  5751.48  5682.64  5793.88  5776.6  5751.14  5640.05  5787.07  5796.09  5804.62  5660.8  5752.29  5763.31  5766.23  5804.96  5720.87  4766.08  3755.74  2986.62  2109.97  4371.84  5055.42  542.738  
5198.14  5112.16  5158.55  5217.72  5193.41  5186.29  5196.59  5140.22  5159.35  5208.31  5047.08  5200.41  5203.57  5141.48  5183.95  5216.18  5186.65  5011.02  3144.94  4130.18  4416.73  776.408  2721.36  1.30066  
5500.48  5499.64  5615.12  5595.42  5615.99  5613.06  5620.99  5496.83  5545.76  5622.74  5615.98  5620.42  5620.18  5624.64  5635.76  5634.54  5563.01  4790.71  3495.8  4068.66  2419.14  2509.8  3162.72  1940.3  
5375.94  5355.16  5376.19  5347.11  5356.04  5364.15  5362.69  5337.4  5360.04  5369.03  5254.61  5359.11  5372.89  5311.98  5370.94  5382.24  5332.6  5188.82  2989.03  3634.02  3700.32  520.695  3770.02  877.977  
5139.6  5027.14  5002.32  5120.25  5152.6  5109.5  5158.78  4985.21  5088.17  5165.06  5043.26  5153.19  5114.41  5114.03  5133.16  5163.47  5147.49  4850.25  3953.79  4098.29  3923.35  1609.68  1954.19  1583.1  
5549.72  5561.96  5547.16  5481.94  5532.46  5536.47  5544.22  5481.96  5560.63  5541.52  5513.93  5523  5527.61  5506.79  5567.75  5555.26  5489.33  4886.05  4342.48  4243.92  2976.7  2349.99  8.07415  2183.36  
5883.43  5907.02  5857.71  5901.54  5940.29  5913.97  5884.68  5802.25  5917.51  5939.62  5801.66  5809.7  5887.37  5937.74  5910.65  5948.2  5852.47  4844.64  4666.5  3951.47  930.161  4070.46  1787.98  197.495  
5923.3  5872.96  5840.67  5889.18  5910.73  5887.8  5859.78  5779.28  5899.35  5910.81  5821.31  5775.94  5907.81  5916.61  5881.97  5919.86  5826.08  4835.58  4559.19  5162.54  111.799  3446.02  3242.88  221.38  
5826.28  5796.76  5795.39  5805.1  5844.35  5826.55  5800.82  5712.3  5815.82  5845.85  5838.94  5720.43  5838.06  5853.91  5816.81  5855.3  5766.53  4805.29  4471.61  4981.07  926.806  4173.25  2149.23  252.853  
5632.75  5595.37  5677.14  5698.5  5696.81  5688.07  5683.81  5573.66  5709.88  5701.65  5706.5  5645.95  5668.32  5675.43  5702.6  5712.49  5635  4593.83  3899.06  3188.52  2991.41  3903.59  3630.14  1309.34  
5091.74  4951.23  4928.18  5076.62  5107.32  5055.62  5113.77  4917.86  5027.4  5119.88  4998.13  5109  5060.88  5069.48  5082.13  5115.8  5106.46  4706.49  3927.17  4236.35  3968.74  1797.18  1736.26  1190.63  
5998.17  5978.05  5899.23  5977.24  6001.83  5970.59  5939.09  5863.31  5999.79  5999.82  5782.53  5866.02  6004.79  5993.15  5971.01  6007.99  5907.65  4871.83  4677.29  4690.75  7.76643  3093.33  5453.33  191.134  
5582.75  5582.47  5623.14  5649.8  5619.54  5619  5629.46  5528.14  5646.34  5626.56  5625.26  5603.33  5606.06  5605.22  5649.71  5639.29  5566.67  4686.96  3945.05  3718.46  3008.22  3175.67  959.32  1672.89  
5549.67  5561.95  5547.07  5481.8  5532.36  5536.37  5544.11  5481.9  5560.52  5541.42  5513.79  5522.91  5527.51  5506.68  5567.65  5555.15  5489.24  4886.46  4342.51  4243.78  2976.76  2349.18  8.76577  2182.67  
