3157.34  2699.38  3155.9  3110.44  2909.46  2950.08  2897.92  3155.81  3117.9  3148.46  3126.04  3159.38  3132.45  3023.35  
3692.35  3532.49  3502.43  3673.21  3589.34  3687.28  3650.47  3627.66  3681.1  3642.63  3696.98  3683.84  3616.93  3675.52  
2974.38  2972.8  2971.6  2972.47  2819.93  2970.65  2838.05  2947.45  2960.02  2845.88  2806.28  2976.14  2799.01  2908.01  
3512.31  3295.59  3356.27  3345.91  3343.31  3464.56  3219.23  3381.19  3466.64  3484.73  3495.56  3506.75  3506.18  3185.77  
3437.27  3320.42  3308.52  3296.47  3251.46  3415.4  3151.33  3334.24  3393.02  3413.66  3417.68  3433.33  3426.71  3151.9  
3655.74  3483.55  3474.59  3603.52  3537.35  3644.24  3557.49  3576.37  3636.94  3611.09  3654.49  3648.02  3595.9  3568.13  
4552.9  4451.35  4165.32  4455.96  4472.06  4385.1  4240.89  4462.78  4545.76  4551.93  4296.95  4576.76  4457.22  4006.83  
4528.39  4415.29  4464.21  4478.6  4425.03  4349.28  4208.73  4453.92  4510.24  4517.56  4280.51  4540.67  4366.72  4073.45  
3122.81  3080.54  3113.4  3085.7  2868.08  3102.85  2909.72  3115.68  3089.06  3116.04  3051.66  3113.22  3066.85  3003.05  
4261.67  4174.36  4237.12  4268.03  4087.07  4048  3929.74  4232.73  4274.37  4224.41  4095.61  4269.18  4177.87  4126.42  
3288.24  3072.3  3227.54  3195.2  3070.24  3271.24  3016.24  3236.72  3246.08  3272.34  3257.4  3287.29  3270.74  3080.53  
4377.01  4292.15  4390.8  4377.47  4205.41  4165.7  4402.25  4360.02  4401.13  4343.54  4199.83  4391.33  4296.85  4245.35  
3991.2  3870.2  3905.92  3967.91  3989.38  3768.7  3913.97  3944.44  3991.43  3948.25  3906.98  3990.81  3912.25  3945.17  
3836.96  3696.03  3697.31  3816.38  3782.97  3814.99  3779  3781.16  3831.38  3790.42  3798.88  3832.35  3759.58  3807.26  
4127.06  4026.04  4095.93  4107.63  4100.95  4036.64  4043.93  4088.23  4131.2  4086.63  3997.38  4129.43  4044.27  4032.25  
2845.44  2875.88  2848.48  2874.08  2540.41  2854.29  2775.55  2801.31  2847.91  2608.42  2593.25  2857.17  2566.35  2825.43  
2844.48  2875.12  2847.66  2873.34  2539.28  2852.6  2775.72  2800.18  2847.07  2607.51  2591.82  2855.93  2564.78  2824.8  
3972.21  3848.73  3880.39  3948.96  3966.38  3965.63  3954.3  3924.32  3971.73  3928.83  3893.72  3971.31  3893.5  3928.92  
4119.92  4017.98  4086.36  4100.51  4092.28  4123.31  4038.26  4080.67  4123.79  4079.33  3992.4  4122.11  4037.22  4026.11  
3830.11  3686.76  3684.33  3805.47  3819.75  3827.63  3769.17  3773.9  3825.01  3783.81  3797.1  3825.9  3754.35  3823.15  
