5042.26  5062.4  5074.1  5023.66  5075.54  5047.42  5073.44  5068.57  5050.65  5087.04  5032.2  4903.17  4976.12  5047.35  5061.78  4978.76  4893.07  4960.85  5033.1  1647.03  4674.96  3059.61  2822.6  374.638  
5085.18  5122.11  5112.14  5060.42  5111.65  5081.96  5106.09  5109.56  5114.11  5122.1  5056.56  4932.62  5018.22  5087.42  5102.46  4989.99  4985.67  4923.37  5121.78  1979.61  4984.49  2723.61  4825.5  26.0451  
5542.84  5502.44  5584.13  5575.3  5603.34  5576.78  5485.31  5506.02  5590.7  5559.05  5569.68  5490.68  5441.52  5373.21  5594.1  5604.71  5514.91  5352.1  4439.79  3510.53  4497.58  1149.42  173.064  3082.73  
5695.47  5756.59  5784.19  5795.96  5787.95  5797.48  5700.37  5687.59  5794.35  5709.01  5762.59  5664.55  5785  5719.49  5764.02  5794.65  5787.24  5351.67  4192.99  5040.42  4730.86  2102.08  237.398  3258.67  
5745.65  5804.02  5823.53  5835.21  5822.22  5833.28  5747.61  5736.8  5833.92  5736.69  5798.31  5703.76  5809.48  5770.03  5795.38  5835.3  5827.26  5454.98  3735.04  4657.79  4664.13  1584.77  364.097  2644.97  
5589.22  5613.07  5669.73  5633  5683.46  5681.86  5641.9  5576.42  5642.67  5623.86  5641.27  5572.43  5517.09  5670.28  5667.5  5676.9  5637.9  5437.6  3996.47  3274.71  4119.47  760.892  61.3519  3288.82  
5214.97  5235.37  5214.1  5184.45  5232.38  5191.27  5229.79  5221.18  5239.7  5237.58  5158.93  5093.87  5124.25  5189.65  5229.32  5143.95  5103.71  5093.36  5119.04  1309.15  4437.5  2265.86  2377.1  99.657  
5461.17  5389.98  5496.64  5484.3  5521.31  5484.89  5390.23  5453.12  5514.2  5491.96  5471.17  5406.49  5369.53  5347.12  5518.01  5513.66  5386.31  5262.46  4538.45  3521.16  4753.95  1380.94  724.386  2313.91  
5653.55  5697.66  5735.57  5704.16  5745.2  5749.71  5707.99  5614.63  5702.2  5674.42  5717.53  5635.84  5570.82  5666.62  5724.85  5746.87  5734.91  5505.24  3951.97  3286.05  3937.45  600.563  621.501  3914.24  
5207.68  5216.84  5196.4  5163.36  5211.91  5172.62  5207.95  5201.64  5220.29  5217.96  5141.03  5070.18  5107.05  5173.18  5207.06  5113.86  5100.44  5061.29  5121.06  1237.23  4312.54  2450.36  2505  6.75238  
6062.72  6092.97  6067.66  6096.04  6035.95  6058.5  5967.71  6036.01  6053.28  6073.86  6036.66  5956.71  6004  6075.04  5991.17  6087.07  6080.46  6040.76  2918.86  4035.29  4164.52  290.297  1232.82  592.964  
5963.49  6004.76  5992.01  6010.35  5969.42  5987.89  5918.31  5945.01  5991.22  5993.47  5946.37  5879.58  5932.81  5982.8  5930.17  6009.18  6000.66  5443.58  2936.92  4150.11  4214.63  272.793  920.65  844.475  
6133.1  6156.26  6121.78  6156.99  6083.52  6108.91  6005.92  6101.25  6100.57  6154.41  6095.45  6012.93  6053.16  6141.29  6034.78  6142.82  6137.39  6141.83  2880.24  3966.42  4078.37  231.865  1427.39  1036.75  
5363.95  5349.16  5394.25  5383.98  5427.52  5379.03  5422.88  5390.58  5422.63  5415.21  5353.59  5310.14  5283.35  5317.03  5430.99  5408.93  5248.34  5252.51  4859.25  2024.5  4982.91  1310.12  1064.39  1171.45  
5865.52  5917.17  5916.93  5924.98  5903.38  5917.79  5868.92  5854.79  5927.86  5925.65  5854.66  5803.86  5862.45  5891.3  5869.62  5931.86  5921.43  5734.64  2961.47  4390.45  4241.09  296.431  618.186  1094.07  
5253.19  5331.71  5306.7  5294.52  5339.1  5289.04  5343.77  5322.57  5340.91  5339.69  5252.42  5217.24  5214.17  5277.05  5345.13  5299.95  5122.62  5258.83  5066.28  481.221  5074.06  1314.63  1704.65  621.676  
5253.19  5331.71  5306.7  5294.52  5339.1  5289.04  5343.77  5322.57  5340.91  5339.69  5252.42  5217.24  5214.17  5277.05  5345.13  5299.95  5122.62  5258.83  5066.28  481.221  5074.06  1314.63  1704.65  621.676  
6133.1  6156.26  6121.78  6156.99  6083.52  6108.91  6005.92  6101.25  6100.57  6154.41  6095.45  6012.93  6053.16  6141.29  6034.78  6142.82  6137.39  6141.83  2880.24  3966.42  4078.37  231.865  1427.39  1036.75  
5368.5  5358.76  5414.66  5404.03  5444.87  5404.14  5444.92  5399.06  5438.15  5428.52  5372.13  5327.38  5302.7  5357.97  5446.02  5422.3  5275.74  5254.93  5127.29  2226.72  4878.36  57.0505  827.446  1977.53  
5865.52  5917.17  5916.93  5924.98  5903.38  5917.79  5868.92  5854.79  5927.86  5925.65  5854.66  5803.86  5862.45  5891.3  5869.62  5931.86  5921.43  5734.64  2961.47  4390.45  4241.09  296.431  618.186  1094.07  
