6387.59  6486.49  6499.57  6473.57  6520.97  6485.85  6471.57  6274.98  3664.7  3169.07  601.492  4483.34  6090.84  1609.44  3258.01  5984.05  
6210.46  6170.24  6171.61  6102.86  6202.33  6132.4  6173.67  5977.06  4312.42  3373.3  1689.78  5068.82  5790.17  5402.28  3374.42  4829.94  
6078.36  6081.75  6069.48  5975.01  6068.9  5999.14  6081.69  6080.38  4231.79  2175.48  1793.79  4339.84  5664.18  3050.88  5600.57  5422.5  
6665.02  6632.89  6625.49  6661.65  6665.77  6659.69  6651  6421.84  5652.07  3648.99  263.048  159.112  6226.21  495.197  4810.27  5756.46  
5934.92  5990.5  5985.38  5894.76  5985.46  5989.92  5938.01  5974.76  5768.61  2693.02  2959.36  4182.23  4488.93  1294.77  5352.1  2758.19  
5455.06  5439.78  5458.74  5395.2  5454.57  5341.53  5285.15  5254.98  5415.47  4865.14  3402.89  4263.51  5084.41  2674.77  4589.17  2996.59  
5326.45  5383.08  5351.57  5341.65  5395.52  5338.38  5232.93  5242.65  5339.64  4475.03  3572.61  4349.56  5028.62  2193.67  4950.02  3415.89  
5755.43  5814.88  5810.9  5732.45  5813.46  5761.27  5746.37  5746.99  5704.66  3362.13  2287.57  4258.54  5423.12  1724.48  5247.13  4445.43  
5571.43  5633.12  5618.64  5564.13  5633.98  5536.99  5584.88  5540.42  5631.7  3785.22  2840.79  4334.7  5253.71  2023.72  5253.82  4061.67  
6802.36  6766.78  6773.71  6776.93  6801.66  6804.13  6759.93  6545.83  5450.5  5146.66  839.146  663.458  6370.6  1060.2  6250.74  4063.79  
6348.54  6332.82  6328.39  6312.36  6364.89  6319.33  6346.44  6136.87  4881.63  3314.11  997.054  2928.3  5946.6  3.90053  5073.76  5347.44  
6844.08  6804.12  6801.2  6844.96  6838.11  6850.99  6814.15  6583.21  5876.53  4372.07  177.779  24.0873  6393.51  911.986  5274.67  5249.96  
5744.15  5804.56  5800.04  5722.92  5803.32  5793.78  5734.49  5803.8  5699.9  3393.67  830.918  4263.44  4105.79  1741.73  5245.31  2623.16  
5554.66  5618.58  5602.22  5550.81  5619.74  5522.85  5567.41  5620.19  5621.17  3814.71  166.512  4683.66  4567.29  2031.21  5255.68  4039.95  
6351.05  6331.28  6324.9  6319.32  6363.13  6319.13  6349.31  6136.92  4738.48  3600.11  872.169  1591.31  5938  43.5544  3638.79  6126.96  
6530  6501.93  6490.2  6525.51  6533.85  6514.1  6528.26  6299.12  5413.81  3233.91  268.995  112.917  6094.9  196.883  3780.13  6509.42  
6996.45  6948.6  6944.25  7013.13  6982.97  7014.86  6960.78  6720.41  6247.47  4533.3  57.6113  23.5114  6528.13  1148.52  5147.81  5446.88  
6214.06  6207.85  6199.51  6144.44  6217.56  6159.95  6214.66  6108.75  4732.42  2747.36  1393.63  3630.9  5806.03  1520.53  5335.98  5384.8  
6665.02  6632.89  6625.49  6661.65  6665.77  6659.69  6651  6421.84  5652.07  3648.99  263.048  159.112  6226.21  495.197  4810.27  5756.46  
5890.01  5946.63  5941.71  5854.26  5942.54  5940.19  5890.04  5928.92  5752.52  2860.32  2563.95  4202.07  4502.83  770.844  5324.47  2871.83  
