5192.39  5171.08  5152.79  5187.68  5202.47  5100.42  5199.97  5123.51  5215.14  5224.08  5185.84  5214.96  5221.06  5155.39  5021.76  5196.64  5180.52  4807.6  4141.28  3251.22  2992.43  247.566  3932.5  1958.63  
5610.34  5693.33  5588.85  5695.95  5660.47  5683.92  5642.27  5670.18  5632.67  5695.01  5645.26  5722.77  5697.7  5694.23  5717.65  5667.58  5723.17  5567.74  4913.14  2375.33  2946.99  2472.02  3064.54  5584.57  
5515.76  5560.99  5459.74  5503.86  5530  5525.5  5555.65  5495.02  5509.21  5559.78  5497.67  5564.59  5570.91  5526.18  5554  5570.68  5572.36  5287.34  4125.23  2075.47  4377.9  2156.43  5190.37  3014.4  
5297.34  5287.52  5250.71  5281.76  5303.39  5195.89  5309.71  5225.74  5307.34  5318.49  5263.3  5312.6  5317.63  5262.32  5144.01  5272.54  5299.89  4853.27  4873.98  3035.94  2521.14  539.083  4265.08  4463.89  
5615.3  5621.02  5662.28  5578.12  5448.67  5679.8  5665.61  5650.02  5622.48  5682.79  5648.59  5703.4  5623.07  5665.37  5695.11  5562.39  5702.75  4249.06  5077.02  3097.15  2106.43  1253.46  2665.89  1647.17  
5386.23  5356.91  5283.04  5402.9  5381  5280.08  5401.03  5311.51  5352.79  5399.02  5307.09  5394.6  5407.74  5351.52  5269.25  5334.33  5400.09  4894.97  3884.92  2762.85  4900.39  1075.42  4542.2  57.5472  
5586.35  5577.24  5634.34  5510.51  5421.86  5639.25  5648.47  5593.93  5583.87  5640.6  5604.17  5653.48  5579.68  5611.89  5645.12  5503.07  5655.1  4304.89  4483.33  2818.78  2612.81  900.712  3969.05  1437.72  
5244.47  5221.72  5156.59  5212.73  5248.7  5146.6  5256  5174.94  5228.86  5270.08  5228.76  5264  5255.93  5209.86  5054.22  5237.54  5240.49  4828.04  4549.63  3257.36  3676.85  254.923  4079.36  403.074  
5155.61  5130.75  5070.66  5156.23  5167.46  5066.94  5161.4  5087.63  5185.09  5191.03  5158.32  5180.69  5188.14  5117.83  4980.8  5169.84  5138.63  4791.83  3882.52  3318.99  3090.51  155.745  3818.03  1280.09  
5555.45  5551.43  5573.71  5470.64  5410.6  5586.31  5611.6  5543.89  5547.05  5600.72  5557.85  5608.03  5555.58  5565.3  5597.27  5466.52  5612.01  4418.8  4439.96  2707.53  3195.48  811.704  4351.95  1108.13  
5348.13  5331.5  5251.38  5330.42  5344.61  5242.85  5363.35  5275.39  5307.85  5363.72  5293.53  5359.99  5357.18  5314.58  5189.66  5310.79  5357.83  4875.05  4161.84  2979.23  4444.5  838.555  4406.54  170.472  
5458.42  5474.76  5339.33  5468.13  5372.55  5432.69  5474.59  5384.36  5430.96  5474.77  5412.15  5463.55  5479.32  5416.31  5454.38  5356.16  5475.44  4862.52  3673.19  2307.45  5236.39  1268.09  4108.17  1.11346  
5092.97  5026.12  5010.63  5109.02  5111.16  5010.26  5094.94  5026.25  5125.24  5135.27  5110.12  5122.12  5139.11  5053.2  4925.83  5122.55  5066.99  4765.51  4802.17  3397.16  2963.66  0.00283774  3637.08  679.36  
5404.04  5406.69  5296.03  5388.51  5348.59  5348.58  5420.23  5331.28  5369.5  5420.93  5362.02  5412.99  5414.1  5365.78  5323.35  5331.67  5417.01  4859.97  3907.3  2663.24  4928.14  719.45  4172.21  1832.77  
5109.17  5079.84  5027.11  5116.53  5123.27  5024.66  5112.69  5042.32  5147.15  5149.31  5123.57  5137.43  5146.58  5070.4  4929.08  5136.01  5141.28  4771.92  3555.83  3404.55  3214.34  39.8158  3673.51  423.381  
5493.76  5528.22  5413.41  5487.02  5466  5492.08  5524.59  5452.45  5478.92  5527.23  5466.7  5525.7  5534.27  5483.63  5515.72  5528.99  5534.87  5116.93  3947.68  2172.42  4728.25  1049.96  4749.46  2234.2  
4996.02  4887.48  4920.23  5030.07  5014.25  4922.35  4993.62  4931.73  5031.87  5047.81  5034.33  5031.84  5047.77  4954.49  4809.06  5052.91  4956.7  4724.32  4033.75  3583.69  3919.47  0.0012107  3321.64  67.0099  
5006.47  4941.14  4929.87  5033.34  5027.94  4931.43  5004.44  4941.94  5056.95  5057.42  5045.77  5041.6  5059.77  4965.04  4825.45  5059.99  4968.58  4728.27  3821.18  3566.72  3274.77  38.9318  3364.07  414.746  
5457.04  5473.49  5336.08  5459.14  5359.42  5436.12  5472.71  5381.37  5428.36  5472.88  5414.86  5460.77  5473.21  5412.63  5451.8  5469.64  5472.29  4832.96  3651.53  2333.7  5311.6  723.859  4015.28  902.219  
5297.34  5287.52  5250.71  5281.76  5303.39  5195.89  5309.71  5225.74  5307.34  5318.49  5263.3  5312.6  5317.63  5262.32  5144.01  5272.54  5299.89  4853.27  4873.98  3035.94  2521.14  539.083  4265.08  4463.89  
