3177.57  3396.92  3361.12  3034.25  3368.23  3393.44  3408.39  3240.84  3330.78  3261.44  3391.39  3406.33  3195.27  3162.67  
3892.26  3948.63  3867.34  3808.87  3656.84  3944.36  3939.55  3818.45  3958.77  3894.3  3916.89  3961.07  3845.49  3913.79  
3782.23  3861.49  3814.38  3638.34  3655.36  3856.35  3850.62  3682.74  3819.71  3809.37  3823.38  3870.17  3738.8  3820.89  
3506.52  3671.4  3657.04  3663.47  3647.23  3660.78  3655.54  3401.63  3317.04  3664.71  3622.28  3669.67  3503.84  3640.97  
3577.46  3719.99  3696.63  3649.25  3647.53  3710.88  3705.66  3475.59  3453.02  3701.48  3674.14  3721.12  3564.13  3685.48  
3061.69  3287.14  3255.11  2929.14  3301.26  3288.27  3309.16  3211.74  3230.39  3163.32  3297.3  3301.87  3073.41  2979.39  
3004.01  3237.72  3200.74  2955.18  3260.88  3237.54  3266.31  3152.62  3191.38  3109.36  3251.05  3255.92  3026.63  2958.28  
3972.34  4061.85  3871.04  4047.43  3671.03  4046.24  4046.16  4018.03  3916.16  4057.2  4042.89  4068.25  3969.93  4061.83  
4314.34  4427.87  4319.25  4361.24  4372.53  4410.92  4381.19  4319.86  4407.74  4409.11  4353.57  4407.33  4427.51  4242.52  
4429.56  4551.87  4551.66  4458.28  4531.55  4511.97  4505.14  4365.42  4511.38  4535.42  4470.68  4528.13  4355.09  4473.48  
4194.19  4295.6  4034.19  4273.74  4225.15  4259.73  4249.86  4270.53  4097.84  4285.6  4300.37  4278.38  4167.3  4090.83  
4080.77  4183.58  3941.93  4176.27  4173.79  4147.57  4145.68  4167.38  4049.78  4184.64  4173.9  4169.34  4066.3  4091.41  
2635.43  2862.21  2899.24  2932.83  2573.65  2931.44  2907.48  2943.73  2749.79  2938.29  2906.8  2892.36  2686.21  2403.71  
2688.04  2916.03  2944.34  2926.26  2676.55  2975.66  2959.17  2962.33  2795.06  2969.13  2956.2  2949.11  2734.71  2483.24  
2846.39  3078.04  3080.1  2906.49  2986.31  3108.76  3114.76  3018.32  2931.31  3061.95  3104.92  3119.94  2880.69  2722.65  
3331.27  3531.08  3492.57  3171.49  3515.68  3523.57  3529.23  3342.71  3452.24  3522.93  3505.65  3534.94  3346.41  3405.95  
4415.12  4534.63  4495.57  4443.95  4477.74  4514.33  4485.13  4377.83  4517.97  4511.6  4441.44  4510.91  4497.4  4359.36  
3025.06  3090.28  3090.7  3124.72  2999.7  3119.97  3125.66  3037.93  3049.48  3067.54  3116.23  3128.31  2892.28  2733.32  
3331.27  3531.08  3492.57  3171.49  3515.68  3523.57  3529.23  3342.71  3452.24  3522.93  3505.65  3534.94  3346.41  3405.95  
4213.48  4321.9  4156.45  4279.73  4285.05  4299.19  4279.5  4252.39  4285.38  4310.78  4273.85  4304.72  4285.08  4170.8  
