11251.9  11216.6  11344.9  11222.7  11231.2  11375.3  11224.4  11390.3  11332.1  11212.7  11344.3  11398.3  11393.6  11387.3  10548  9795.82  10755.6  9130.87  
12462.3  12483.7  12514.8  12400.3  12300.5  12361  12484.9  12495.6  12391.2  12408.7  12481.9  12507.8  12451.1  12395.5  12005.5  6262.79  12007  7369.51  
11589.5  11646.5  11664.1  11547  11562.6  11649.1  11572.3  11655.9  11574.4  11548  11654.7  11656.6  11633.9  11596.6  10621.2  8983.14  10683.1  10235  
11517.5  11563.1  11609.2  11491.7  11535.2  11599.7  11513  11605.7  11567.7  11491.1  11601.2  11609  11592.6  11596.5  10114.5  10199.1  10706.8  8240.77  
11719.8  11648.1  11797.6  11683.3  11756.3  11790.8  11716.4  11787.1  11735.2  11717.9  11782.8  11798.1  11733.3  11796  10563.7  8651.03  11512.8  8061.12  
11145.4  10928.4  11215  11090.2  11088.8  11246.4  11083  11279.4  11209.4  11066.3  11218.5  11268.1  11296.1  11136.5  10845.2  9636.56  10482.3  10408.5  
12602.3  12584.5  12626.5  12510.3  12457.8  12483.7  12602.4  12579.6  12551.4  12491  12590.8  12626.6  12595.7  12511.3  11694.3  6641.75  10790.7  6285.27  
12737.9  12682.2  12734.6  12616.8  12610.2  12602.6  12716.2  12661  12706.5  12570.7  12696.3  12741.8  12735.8  12623.5  11392.9  7008.85  9455.34  5235.01  
12073.6  12048  12085.3  11972.9  11864.9  12047.9  12026.2  12015.6  11823.1  12033.5  12062.3  12080.7  11949.1  11892.1  11393.3  6154.61  11912.2  9657.37  
11441.3  11167.7  11540.3  11421  11475.2  11491.2  11438.7  11538.9  11496.4  11393.7  11535.3  11527.7  11541.5  11464.5  10455.3  10193.9  9952.41  10640  
11877.4  11868.6  11918.4  11804.3  11807.1  11892  11846.3  11907.1  11739.5  11844.7  11900.5  11915.5  11824.1  11795.4  11332.3  6681.73  11525.2  9208.08  
12043.1  11973.3  12067.1  11955.1  12038.7  12037.7  12006.7  12002  11849.3  12020  12044.2  12065  11935.3  11925.8  12011.7  5004.56  12063.4  8966.36  
12196.3  12217.7  12244.5  12132.7  12062.7  12089.4  12198.8  12172.4  11926.8  12185.6  12218.4  12213.2  12069.4  12086.3  12214  5763.46  11294.2  9693.57  
10996  10845  11103.3  10976.8  10952.5  11133.9  10961.1  11193.2  11085.3  11029.3  11105.7  11174.6  11089.6  11013.7  10887.2  9471.16  10636.5  10443.4  
12760.1  12710.4  12772.3  12654  12656.3  12644.1  12755.9  12708.3  12780.9  12599.7  12733  12782.5  12726.2  12669  11398.1  6935.08  9385.65  6041.13  
12292.6  12362.7  12383.7  12271.2  12172.8  12218  12347  12376.4  12187.7  12311.7  12354  12368.1  12173.4  12260.2  12383.5  5784.01  10939.2  9012.55  
10977  10918.9  11061.9  10934.7  10897.5  11146.6  11095.2  11160.4  11065  10932.2  11068.4  11171.7  11161.8  11134.7  10919.7  9351.63  10975.4  9612.6  
12208.3  12236.5  12135.7  12147.9  12069  12098  12215.2  12190.3  11943  12199.6  12233.3  12227.8  12080.9  12102.3  12231.4  5801.67  11240.2  9696.26  
12305.9  12366.5  12379.2  12266.7  12105.6  12211.7  12342.3  12383.6  12184.2  12308.1  12349.7  12363  12306.3  12249.5  12302.9  5951.85  11097.8  8096.22  
11848.7  11748.6  11910.6  11797.6  11863.8  11898.5  11838.1  11899.1  11807.3  11849.8  11892.1  11912.9  11817.8  11881.9  11511.8  6385.51  11887.6  7863.8  
