6355.01  6351.7  6272.08  6344.41  6253.7  6328.01  6349.35  6335.61  5036.16  2845.2  1902.13  2499.35  5382.03  890.503  5644.85  4488  
6109.34  6079.61  6003.34  6058.47  5954.14  6095.9  6077.31  6070.7  4307.54  3108.98  1495.88  5149.94  3569.75  66.6566  5927.04  4897.28  
6242.45  6230.55  6122.04  6196.59  6076.03  6252.22  6196.48  6224.07  4772.73  2980.74  1592.78  6008.34  4911.33  50.68  6051.87  5305.76  
6560.65  6562.64  6461.21  6571  6505.75  6576.02  6581.42  6564.42  6283.48  1846.24  1889.3  410.723  2970.04  4.4203  6239.14  5074.68  
6487.71  6488.64  6382.49  6487.11  6400.11  6458.64  6484.24  6480.65  5335.92  2386.19  1863.61  1849.6  5321.63  1150.45  6160.27  4849.46  
7289.83  7148.8  7269.3  7290.15  7240.01  7289.55  6987.8  6701.2  6726.29  2319.31  1541.88  2972.53  1873.88  1690.39  4147.43  3308.12  
7013.26  6929.24  6965.59  7016.63  7029.44  7000.09  6917.31  6747.66  6754.81  949.457  1704.37  2072.86  1744.29  174.063  5452.01  3918.4  
7934.18  7918.35  7833.57  7895.82  7843.63  7925.4  7921.04  6361.9  6814.41  5001.28  2987.47  4921.05  1093.06  6439.04  4314.44  2772.62  
7828.36  7816.73  7712.29  7775.38  7771.11  7820.72  7832.38  7271.07  6904.28  5072.31  2003.6  4511.46  423.518  3950.27  4811.76  2376.7  
8153.52  8097.51  8086.46  8148.48  7989.2  8144.88  8100.83  6483.11  6288.69  4880.13  4187.2  5896.73  1619.4  4630.11  3272.37  3597.18  
7244.36  7106.54  7188.3  7247.63  7192  7192.22  7087.8  6675.1  7009.71  1316.72  1683.74  2832.03  1578.88  200.851  4858.86  3301.58  
7676.38  7578.99  7670.66  7486.19  7629.66  7580.08  7400.66  6317.57  7089.72  2513.63  3359.68  3328.35  910.944  315.095  3317.32  2559.43  
8210.44  8146.73  8152.09  8214.04  8026.98  8201.83  8147.48  6514.56  6235.77  4848.69  4498.53  6149.92  1755.99  1205.22  2996.65  3811.15  
7484.05  7487.83  7395.59  7425.68  7377.07  7468.58  7403.14  6530.49  6933.78  4007.82  3103.28  3205.85  99.9803  1619.73  3792.22  1722.35  
6798.23  6753.75  6728.43  6800.38  6791.76  6792.72  6774.73  6712.06  4364.38  2885.63  1888.65  2428.21  2510.94  46.8084  6317.97  5016.12  
5951.41  5935.23  5936.3  5910.42  5808.42  5930.72  5939.1  5894.52  4124.5  4241.18  2019.29  4475.44  5565.71  99.9192  4077.32  3388.7  
6798.23  6753.75  6728.43  6800.38  6791.76  6792.72  6774.73  6712.06  4364.38  2885.63  1888.65  2428.21  2510.94  46.8084  6317.97  5016.12  
5951.41  5935.23  5936.3  5910.42  5808.42  5930.72  5939.1  5894.52  4124.5  4241.18  2019.29  4475.44  5565.71  99.9192  4077.32  3388.7  
7008.99  6924.07  6962.55  7011.91  7016.37  6994.56  6912.7  6741.54  6739.61  1240.72  2627.36  2044.98  1760.79  172.768  6222.6  3942.1  
7469.45  7462.3  7386.14  7415.5  7464.86  7455.17  7371.72  6543.39  6917.86  3881.41  2933.17  1713.56  234.056  1626.46  3818.34  1678.35  
