6221.78  6231.01  6241.71  6233.99  6150.54  6060.11  6221.4  6242.05  2766.55  4786.59  3314.66  6140.82  4738.57  1483.1  4099.92  4390.61  
6699.31  6712.62  6626.15  6722.36  6659.79  6640.35  6701.37  6685.23  2772.42  5252.68  220.983  6396.16  3247.36  750.732  5962.35  6060.87  
6445.69  6457.08  6444.64  6465.26  6337.96  6293.98  6444.51  6440.49  3024.36  4891.21  2126.85  6354.3  2002.43  861.563  5479.85  4286.41  
6261.9  6271.64  6273.2  6276.52  6180.26  6102.5  6260.43  6274.05  2946.23  4792.97  3228.07  6177.42  3684.09  1291.52  4466.42  4358.16  
6577.31  6589.15  6550.69  6575.77  6467.55  6585.4  6581.99  6587.68  1957.88  5186.27  1404.64  6030.25  1462.93  4111.07  5949.08  5282.25  
6348.96  6359.2  6348.96  6356.72  6261.63  6249.8  6349.84  6363.69  4826.58  4923.8  2712.72  6095.92  3212.54  2405.78  4835.17  4710.73  
6124.15  6132.87  6136.98  6137.05  6055.15  5959.88  6120.79  6142.95  2910.4  4697.1  1884.01  6041.9  4051.77  1275.01  5210.62  4798.77  
6099.66  6108.51  6119.59  6114.98  6025.79  6119.35  6093.66  6111.42  4873.51  2176.08  1636.95  6016.8  5783.23  743.254  5314.09  5491.9  
5731.22  5737.93  5715.76  5747.06  5671.2  5747.01  5715.8  5743.8  5026.35  4337.84  1374.56  4994.12  5025.35  899.773  565.601  4439.47  
5826.2  5833.46  5819.7  5841.87  5762.71  5841.69  5813.24  5838.7  4305.74  4422.13  1282.94  5130.46  5439.57  867.31  1133.37  4514.37  
5918.65  5926.48  5922.4  5934.53  5850.83  5933.03  5907.76  5929.91  4116.19  4502.29  19.1164  5833.64  5594.62  778.892  4997.41  5526.11  
6009.52  6018.02  6026.94  6026.51  5935.25  6026.75  5999.91  6016.89  4323.39  4576.71  143.785  5925.36  5394.54  548.309  3992.61  2977.34  
5310.66  5314.8  5208.21  5327.06  5260.29  5308.86  5284.01  5322.83  5301.99  5120.66  1079.37  4899.37  1486.45  2404.21  1846.67  4773.23  
5339.32  5343.63  5239.86  5355.74  5287.72  5337.31  5313.35  5351.24  5352.11  5327.48  860.687  4999.68  1567.2  1289.69  1916.04  4983.52  
5583.06  5588.88  5552.4  5598.87  5529.2  5599.82  5564.05  5596.69  5001.82  4207.86  2337.74  4388.24  4569.08  995.566  117.529  3692.9  
5533.05  5538.56  5495.58  5548.94  5479.77  5547.29  5512.65  5546.46  5058.76  4395.76  2087.37  4495.49  4015.5  310.107  422.986  3910.4  
6691.07  6703.99  6619.96  6702  6642.41  6695.08  6695.47  6689.27  2782.2  5019.8  333.619  4022.09  5865.63  2895.28  5950.64  6256.93  
5469.68  5474.98  5432.54  5486.76  5417.38  5429.16  5446.84  5480.27  5477.36  4102.06  28.5084  5379.42  1842.82  933.207  3208.62  5400.22  
5682.6  5689.04  5662.56  5698.54  5624.36  5698.54  5665.92  5695.23  5395.21  4294.7  1421.46  4924.33  4813.33  916.39  274.976  4401.14  
6557.99  6569.7  6514.56  6560.93  6488.1  6558.95  6562.27  6568.84  4022.51  4089.58  4452.22  3537.76  6132.76  4960.39  5550.18  5771.46  
