6504.23  6471.65  6527.33  6459.9  6548.52  6537.56  6473.79  6539.26  6361.52  1888.97  2363.11  3314.17  121.391  583.203  4095.51  3097.77  
6810.08  6849.46  6842.73  6797.82  6849.86  6845.5  6783.85  6684.69  2813.56  6286.02  436.945  3447.19  2836.02  2996.93  2843.24  572.739  
6949.39  6765.48  6976.07  6827.41  6964.38  6979.03  6923.43  6753.57  5740.44  3879.31  358.875  2906.88  278.789  1614.78  3439.13  2503.56  
6589  6615.87  6615.2  6531.97  6615.72  6623.16  6559.4  6581.92  4493.96  2397.96  1621.43  2305.6  3691.53  641.211  162.977  3942.83  
6681.27  6689.16  6709.31  6602.83  6710.26  6715.32  6652.93  6667.47  3836.99  2843.8  1137.04  3739.04  3946.62  4802.8  648.507  3928.45  
6271.23  6263.16  6289.33  6272.77  6300.1  6301.34  6238.01  6298.07  5964.17  1910.43  360.88  5562.64  5293.58  2120.23  3901.32  3462.36  
6407.98  6414.95  6429.56  6384.31  6435.92  6439.83  6376.31  6420.22  5331.49  2120.23  903.336  4161.03  4604.17  1483.76  2292.59  3669.12  
5873.73  5804.68  5877.97  5890.38  5822.75  5878.27  5838.01  5675.86  3248.53  5189.4  223.893  1389.82  2171.49  1657.96  1834.43  4155.86  
5845.52  5887.76  5918.52  5797.56  5855.04  5906.1  5893.58  5899.62  5711.37  2631.68  854.587  4573.98  4793.56  1852.34  3571.08  1211.21  
6075.42  6090.43  6118.73  6054.27  6095.4  6119.52  6128.04  6114.12  5847.47  1997.38  586.605  5113.07  5063.25  2127.17  3675.5  946.774  
6086.34  6057.58  6087.96  6025.75  6065.24  6088.94  6048.48  6092.83  5800.79  2206.24  506.992  5382.37  5163.5  2093.85  3777.61  3327.55  
7124.71  7152.13  7149.25  7100.52  7140.46  7150.86  7100.39  6913.69  4429.44  4671.71  294.484  2928.79  6274.11  3419.98  1891.46  434.583  
7996.16  7963.32  7997.37  8014.96  7988.88  8007.93  7980.55  7256.68  2900.13  5158.71  65.1904  4188.86  386.193  6860.9  7651.41  968.002  
7737.45  7739.48  7745.46  7739  7736.74  7753.52  7719.26  7107.47  3015.29  6866.4  53.5275  3951.54  3661.98  5784.84  6032.51  769.444  
7727.39  7498.36  7734.88  7705.26  7725.53  7743.79  7709.12  6818.19  6472.17  6203.83  731.955  2375.13  3039.64  5453.53  6418.94  126.361  
7409.91  7339.58  7430.09  7409.08  7417.82  7431.02  7388.44  7035.99  5200.67  6503.69  193.916  3352.39  5247.25  4482.07  3799.47  348.553  
5240.05  5326.52  5372.08  5243.34  5233.49  5335.3  5361.2  5370.87  5201.45  4804.93  3485.49  4722.64  4804.46  599.271  3357.71  3425.15  
5262.42  5352.69  5396.06  5239.25  5254.2  5358.11  5368.3  5384.74  5250.39  4621.91  3252.7  4701.74  4642.55  134.113  3525.1  2202.35  
5551.9  5607.8  5648.08  5565.17  5556.75  5626.8  5586.99  5641.71  5419.87  2978.38  2452.7  5404.19  4955.93  405.527  3507.98  2819.98  
5545.6  5587.61  5634.13  5548  5538.31  5612.98  5592.92  5602.04  5018.26  3266.22  1822.8  4563.47  4444.91  1533.71  3565.78  2717.48  
