5449.34  5334.63  5388.79  5365.48  5421.24  5444.24  5405.07  5373.33  5355.13  5414.67  5444.14  5356.18  5444.33  5384.67  5433.96  5322.88  5267.3  4952.22  4462.15  3796.69  1057.85  5444.5  3724.16  242.052  
5026.76  5040.13  5066.09  5059.98  5065.4  5077.44  5074.16  5078.81  5048.5  4834.81  5041.88  5065.56  5047.34  4999.57  5046.83  5008.4  5021.09  4899.72  4193.75  4692.49  2170.43  4180.97  4379.66  492.373  
5484.88  5385.01  5419.72  5407.6  5486.04  5487.99  5444.67  5410.27  5405.09  5459.54  5463.98  5370.84  5486.89  5415.51  5471.04  5378.29  5317.45  4913.92  4444.34  3234.91  1648.25  5402.99  3748.95  139.248  
5313.73  5212.3  5312.98  5176.44  5160.56  5307.02  5105.46  5281.82  5255.29  5181.43  5301.2  5299.66  5314.09  5179.13  5315.53  5255.51  5049.71  4659.84  5132.29  3972.02  286.377  4120.49  3359.65  5011.92  
5328.87  5235.68  5315.43  5157.58  5194.68  5329.12  5142.65  5296.85  5261.35  5178.18  5294.44  5306.12  5321.36  5207.61  5333.98  5259.74  5042.38  4758.07  4912.6  3949.69  235.805  4264.16  4098.53  4879.07  
5415.52  5308.94  5372.73  5305.65  5371.06  5413.85  5338.52  5350.8  5328.8  5317.5  5407.54  5342.43  5412.74  5333.25  5407.39  5324.77  5197.08  4802.22  4698.12  4025.97  1484.44  5106.75  3840.63  2423.03  
5375.98  5263.36  5353.59  5193.72  5225.14  5365.37  5302.95  5323.1  5293.12  5224.18  5332.06  5323.38  5365.2  5267.79  5366.31  5282.01  5067.89  4822.32  4803.62  4471.85  351.415  5026.32  4345.96  4837.65  
5171.26  5156.32  5183.38  5114.75  5140.09  5198.37  5067.97  5190.37  5188.2  4992.67  5161.23  5195.51  5180.97  5193.42  5198  5149.48  5088.96  4836  4094.16  4493.94  669.363  2482.85  2502.54  1554.07  
5548.91  5480.84  5480.34  5438.62  5551.83  5564.92  5509.49  5487.46  5508.82  5554.75  5442.67  5394.97  5559.89  5451.88  5536.36  5467.84  5321.41  4943.98  4163  3440.95  1239.19  5224.44  4694.98  912.618  
5083.6  5057.2  5079.69  5064.32  5079.93  5087.26  5090.08  5089.26  5069.19  4840.46  5046.63  5076.31  5056.09  5050.19  5061.99  5023.12  5047.68  4879.46  4140.62  4755.07  1933.76  3955.89  4205.17  354.205  
5133.08  5166.4  5185.19  5129.76  5147.78  5217.98  5017.85  5206.88  5206.77  5027.76  5187.52  5220.33  5205.04  5061.97  5219.17  5168.6  5046.77  4834.05  4751.03  4412.78  1050.52  4243.26  2649.08  688.867  
5504.38  5413.67  5437.68  5421.58  5512.19  5511.61  5465.07  5432.7  5435.29  5487.13  5462.47  5378.42  5509.49  5428.54  5491.08  5406.57  5327.96  4913.21  4384.79  3176.38  1646.91  5359.23  3946.04  274.186  
4884.26  4979.82  5021.12  5044.77  5011.95  5045.35  5013.91  5043.81  4973.87  4820.34  5029.03  5030.21  5019.95  4763.6  4995.57  4958.33  4854.36  4972.07  3483.46  4515.32  2983.71  3794.24  4901.02  1067.72  
5227.48  5197.91  5226.28  5142.12  5162.03  5255.23  5229.27  5240.52  5239.3  5079.74  5226.34  5257.44  5247.5  5248.49  5264.24  5210.43  5123.16  4815.32  4646.25  4309.43  248.195  2745.55  2110.58  3978.6  
5569.24  5506.96  5495.31  5494.71  5555.88  5591.93  5536.41  5501.19  5528.15  5565.65  5553.29  5578.55  5587.5  5482.63  5559.1  5510.71  5370.99  4834.74  4270.2  2099.25  4556.5  5262.01  4048.58  587.268  
5141.88  5113.87  5136.34  5088.01  5117.59  5141.64  5097.95  5140.23  5136.17  4907.05  5097.2  5134.79  5114.93  5129.43  5131.64  5088.44  5049.57  4839.72  3492.75  4670.17  1170.47  2366.12  3329.87  385.248  
5141.88  5113.87  5136.34  5088.01  5117.59  5141.64  5097.95  5140.23  5136.17  4907.05  5097.2  5134.79  5114.93  5129.43  5131.64  5088.44  5049.57  4839.72  3492.75  4670.17  1170.47  2366.12  3329.87  385.248  
5231.27  5196.83  5225.99  5140.54  5161.22  5253.14  5234.36  5238.75  5237.35  5076  5223.54  5254.82  5244.93  5261.94  5261.98  5208.39  5127.5  4815.66  4578.28  4318.14  209.552  2564.33  2094.91  4064.23  
5030.36  4968.63  5012  5036.99  5003.97  5031.96  5020.55  5031.76  4958.07  4800.84  5014.28  5015.7  5004.64  4768.37  4979.47  4943.4  4853.68  4971.45  3314.86  4718.69  3080.55  3494.84  4992.12  1033.66  
5377.86  5280.34  5354.85  5239.01  5315.18  5380.02  5264.42  5325.71  5299.48  5209.28  5366.78  5327.11  5377.57  5275.99  5377.8  5326.88  5118.88  4635.17  4960.89  4281.31  1959.5  4730.63  3970.34  4851.81  
