6892  6844.13  6830.59  6782.18  6881.3  6852.54  6898.33  6228.25  4633.44  3006.09  2002.4  3298.49  4291.62  4187.33  1496.18  5893.7  
6937.45  6890.3  6874.69  6869.82  6921.9  6873.83  6944.85  6222.77  4663.26  2715.85  450.079  2654.13  3398.57  4250.02  2712.32  3074.3  
7817.35  7724.26  7777.88  7833.4  7772.58  7834.04  7832.91  6601.37  5631.48  3796.22  168.636  382.162  1701.08  4323.46  1873.81  305.867  
6395.16  6391.65  6302.56  6366.11  6397.57  6363.36  6394.45  6369.83  4989.41  2476.51  3389.92  2482.5  2368.38  4190.18  2614.36  877.912  
5699.95  5708.3  5616.09  5708.38  5697.77  5678.62  5709.94  5502.01  4605.58  2869.7  4302.26  1313.08  4352.08  3783.03  223.816  364.869  
6039.62  6049.34  5944.05  6042.97  6042.65  5935.28  6041.58  5950.91  4340.1  2471.53  3887.47  1150.17  3200.05  4034.55  1977.46  298.329  
5986.5  5983.07  5906.29  5973.53  5982.33  5953.76  5995.17  5869.72  4126.73  3188.35  4113.23  1839.88  4281.91  4060.2  1266.61  252.084  
6208.51  6201.75  6125  6197.4  6205.2  6166.87  6214.07  6192.05  3734.36  2599.7  3501.21  893.775  3772.48  4335.31  2309.46  151.259  
7203.89  7161.53  7127.83  7205.73  7192.89  7202.9  7205.34  6374.53  6227.63  1581.46  694.494  3021.69  2408.46  2628.19  1145.46  790.442  
5739.61  5737.79  5665.24  5734.82  5732.54  5751.72  5753.13  5652.07  5454.21  3649.72  4669.25  2324.77  4983.92  3959.94  1063.17  391.693  
6613.07  6605.23  6518.31  6568.32  6617.07  6614.04  6609.08  6571.91  4540.95  2308.1  3090.03  3305.25  1271.36  4273.42  6456.94  1227.12  
7155.94  7116.74  7077.87  7157.88  7146.91  7158.21  7156.73  6344.31  6207.52  1396.09  538.564  2789.44  2182.12  2581.78  1189.51  596.103  
6663.62  6651.71  6571.65  6615.27  6665.95  6661.63  6660.39  6558.2  4510.55  2330.41  2625.38  3321.25  1367.39  4279  6466.07  1431.88  
5487.7  5499.4  5454.96  5495.62  5484.39  5470.66  5500.71  5298.23  5334.95  4895.1  5164.52  2479.62  4873.06  2390.32  1697.44  595.232  
7409.01  7353.64  7340.94  7413.01  7389.8  7394.85  7413.07  6502.34  6343.44  2316.73  1330.27  3992.7  3347.11  2790.29  956.222  1570.36  
7611.94  7539.74  7556.04  7620.58  7581.47  7601.89  7620.7  6577.64  6116.48  3908.21  1008.3  3271.81  3217.61  4031.32  4136.66  3100.62  
7810.96  7718.27  7771.26  7826.81  7814.31  7827.38  7826.45  6597.92  5620.41  3777.78  167.001  412.083  2070.27  4644.58  1367.87  970.731  
5487.54  5499.23  5454.83  5495.44  5484.22  5470.61  5500.57  5298.18  5336.49  4896.62  5165.39  2481.37  4874.83  2331.51  1394.31  595.319  
7409  7353.63  7340.92  7413  7389.78  7394.83  7413.05  6502.34  6343.46  2986.47  1330.29  3992.75  3347.12  2790.25  956.002  1570.36  
7611.94  7539.74  7556.04  7620.58  7581.47  7601.89  7620.7  6577.64  6116.48  3908.21  1008.3  3271.81  3217.61  4031.32  4136.66  3100.62  
