5364.31  5480.8  5260.33  5418.82  5487.87  5489.77  5398.25  5468.09  5480.7  5357.23  5485.72  5453.46  5442.68  5386.96  5450.89  5459.53  5488.61  5356.89  3390.22  3500.85  4984.89  1596.24  1780.84  5101.27  
5157.93  5191.44  5195.01  5198.33  5155.69  5202.62  5199.36  5149.11  5095.7  5077.5  5115.27  5170.92  5137.14  5113.27  5169.7  5126.34  5141.97  5124.35  4110.54  5151.64  546.834  2990.81  828.643  3247.3  
5092.8  5084.31  5080.19  5073.37  5109.79  5109.02  5109.94  5026.76  4952.64  4978.99  5039.37  5111.05  5039.75  4955.93  5086.68  5048.38  4979.19  5062.84  3524.92  3643.02  2953.47  2963.72  1101.65  3216.53  
5216.1  5288.13  5272.77  5251.48  5210.29  5279.37  5272.93  5248.67  5216.34  5140.74  5169.7  5221.41  5250.41  5248.7  5237.49  5193.95  5271.29  5172.53  3383.01  5183.08  3752.71  2545.8  175.985  2718.49  
5323  5534.52  5350.4  5538.32  5488.92  5547.97  5427.16  5517.9  5528.2  5409.84  5378.31  5552.55  5477.18  5434.07  5510.61  5547.42  5554.22  5429.36  3151.11  3043.46  4143.49  1999.94  3658.92  5255.04  
5188.24  5242.16  5235.58  5225.98  5184.25  5242.75  5237.9  5201.17  5158.79  5110.32  5143.72  5197.28  5179.17  5184.12  5205.11  5161.7  5209.63  5149.53  3530.87  5156.01  2248.5  2762.56  482.679  2975.74  
5426.08  5516.9  5253.03  5492.45  5459.49  5531.09  5453.74  5502.64  5516.05  5397.31  5541.26  5517.62  5486.32  5412.4  5494.51  5520.09  5535.53  5407.03  3378.74  4487.35  5165.24  631.331  3426.65  5284.26  
5308.35  5430.8  5206.13  5296.87  5316.57  5437.46  5266.63  5423.3  5435.22  5300.59  5434.01  5307.25  5367.43  5296.77  5398.01  5376.96  5426.32  5292.91  4377.83  2009.81  3015.3  4630.44  5429.49  5307.2  
5310.85  5421.21  5220.95  5330.15  5422.92  5427.46  5266.09  5414.34  5425.66  5290.08  5405.18  5297.18  5358.01  5307.35  5388.04  5362.91  5414.9  5281.74  3898.32  2449.98  2816.85  4857.81  3892.29  4923.73  
5285.04  5329.31  5299.21  5189.77  5325.22  5326.73  5259.07  5303.77  5291.45  5195.79  5198.34  5268.43  5264.12  5300.78  5285.95  5246.88  5277.47  5200.21  3952.87  5025.36  3820.97  5282.16  483.205  2375.13  
5362.62  5366.04  5342.39  5070.66  5337.55  5368.97  5304.4  5353.62  5360.77  5345.79  5203.06  5313  5307.32  5369.12  5329.4  5293.98  5289.58  5223.07  3970.35  4166.83  2251.17  4566.3  854.344  1929.23  
5112.01  5165.44  5141.5  5149.25  5128.4  5162.44  5171.96  5098.09  5035  5006.46  5084.68  5138.57  5096.11  5047.97  5128.96  5091.32  5080.42  5098.23  4008.41  3317.08  2704.83  3890.64  459.296  4266.41  
5098.1  5084.34  5127.44  5087.08  5128.72  5128.3  5122.24  5052.41  4975.12  5016.27  5075.86  5125.74  5057.97  4966.02  5105.93  5058.77  5024.53  5080.07  3632.66  4464.08  2011.36  2315.38  650.434  4204.86  
5442.91  5607.14  5584  5646.48  5616.63  5652.95  5551.78  5604.66  5628.62  5493.97  5676.02  5588.78  5559.91  5458.61  5632.29  5679.1  5674.83  5546.55  2387.9  5082.75  3607.53  3480.4  5195.05  4968.47  
5466.12  5635.41  5706.31  5701.98  5665.22  5687.92  5597.81  5634.42  5659.41  5524.53  5701.79  5621.92  5590.1  5479.39  5670.45  5727.24  5714.59  5587.93  2062.66  5540.33  3629.77  3452.98  5380.93  4887.18  
5403.83  5577.96  5517.29  5597.86  5565.61  5612.97  5501.31  5571.18  5591.61  5462.48  5624.89  5570.33  5535.25  5445.87  5586.85  5627.51  5629.24  5500.91  2707.69  4528.13  4026.57  2878.8  4409.06  5079.86  
5686.95  5644.03  5720.68  5719.19  5680  5698.45  5593.75  5643.38  5668.65  5532.73  5684.45  5632.96  5593.08  5486.19  5681.88  5741.87  5726.57  5600.43  1963.23  4915.45  3328.67  2221.21  5476.57  4864.26  
5403.85  5577.92  5517.2  5597.74  5565.53  5612.93  5501.25  5571.14  5591.59  5462.44  5625.06  5570.23  5535.21  5445.81  5586.82  5627.45  5629.2  5500.86  2708.26  4528.2  4025.8  2880.49  4409.98  5079.91  
5364.31  5480.8  5260.33  5418.82  5487.87  5489.77  5398.25  5468.09  5480.7  5357.23  5485.72  5453.46  5442.68  5386.96  5450.89  5459.53  5488.61  5356.89  3390.22  3500.85  4984.89  1596.24  1780.84  5101.27  
5059.86  5059.54  5078.18  5062.17  5085.02  5090.19  5096.66  5004.02  4918.54  4961.58  5041.01  5094.27  5019.45  4910.84  5067.64  5026.08  4960.73  5054.53  4260.51  3765.31  2385.08  4924.05  839.546  4145.79  
