12155.3  12165.4  12055.4  12153.3  12141.2  12094.8  12071.6  12161.3  12160.7  12020.8  12080  12144.1  12168.3  11981.5  10662.5  11279.8  5216.48  8639.74  
11851.7  11862.6  11821.5  11818.5  11836.1  11714.6  11720.6  11839.1  11822.1  11798.4  11836.6  11866.6  11863.6  11759.9  10298.3  9920.16  5527.47  10606.3  
12084.2  12088.3  11953.9  12071.8  12084  12054  11977  12095.7  12089.5  11938.8  12039.4  12023.4  12093.8  11802.2  10815.8  11415.5  5538.6  7528.22  
12292.8  12334.2  12152.9  12316.1  12296  12320.5  12306.7  12311.3  12335.6  12194  12331.5  12326.6  12318.2  12223.2  9845.11  9689.35  12204  10461.6  
12274.5  12309.1  12092.4  12293.7  11913.5  12298.8  12265.2  12290.3  12278.2  12167.7  12097.3  12302.3  12297.4  12223.2  10993.3  11049.8  7530.33  10444.5  
12194.8  12211.3  11918.9  12203.8  12047.3  12209.3  12125.7  12204.5  12197.4  12067.1  12118.9  12204  12214.3  12205.5  10666.2  11425.2  6686.31  9930.67  
12024.2  12029.9  11907.2  12005.6  12029.8  11841.9  11908.4  12027.7  12023.2  11876  11988.6  11970.9  12033.7  11722.3  10700.1  11081.9  5854.8  7022.74  
11760.4  11767.9  11726.6  11718.9  11654.4  11615  11615.3  11745.2  11711.9  11584.3  11770.5  11775  11772.9  11716.7  10337.9  10550.7  6687.74  11019  
12459.9  12519.9  12465.6  12487.8  12512.5  12475.9  12528.6  12499.3  12463.3  12381.5  12060.6  12513.5  12477.2  12197.7  10139.8  10741.7  10379.4  11516.6  
11566.3  11587.7  11581.2  11496.6  11453.7  11533.8  11380.6  11567.4  11537.4  11496.7  11571.1  11556.1  11571.5  11563.3  10404.2  9242.4  9045.02  5353.3  
11920  11932.5  11869.3  11894.3  11927.9  11827  11802.3  11910.7  11897.9  11888  11886.7  11952.1  11932.7  11763.4  10291.6  10328.9  6284.74  8601.08  
12619.2  12639.9  12633.9  12602.1  12580.3  12545.5  12574.1  12540.6  12609.7  12496.9  12485.3  12635.3  12583.5  11863.9  10959.8  10411.6  8337.64  9387.99  
11666.9  11687.1  11664.7  11610.5  11643.9  11576.6  11502.4  11572.3  11639.4  11683.8  11663.3  11666.8  11658.3  11671.2  10259.5  9857.3  8194.24  6126.97  
12371.9  12421.9  12297.5  12397.3  12341.1  12389.5  12411.4  12399  12375.9  12282.6  12436.5  12415.1  12393.4  12212.8  10248.6  10826.1  9666.91  10964.8  
12669.2  12689.7  12717.5  12648.3  12673.2  12534  12623.7  12583.3  12658.2  12546.6  12613.3  12685.3  12626.4  12328.7  10918.5  10319.9  8779.02  9217.95  
11435.1  11464  11480.7  11347  11291.2  11477.1  11468.3  11421.8  11414.4  11377.5  11441.2  11409.1  11431  11435.6  10491.9  9118.81  10481.9  2620.81  
11429.8  11458.7  11476.3  11340.9  11281.6  11474.9  11461.8  11424.1  11409.2  11369.2  11436.2  11403.2  11426.9  11430.9  10498.5  9042.64  10531.3  2544.19  
12669.2  12689.7  12717.5  12648.3  12673.2  12534  12623.7  12583.3  12658.2  12546.6  12613.3  12685.3  12626.4  12328.7  10918.5  10319.9  8779.02  9217.95  
12511.3  12542.1  12481.8  12510.4  12475.5  12481.5  12495.2  12472.2  12507.2  12400.4  12541.7  12536.5  12498.4  12507.2  10652.4  10570  8964.47  10030.8  
11589.1  11610.6  11600.4  11522  11503.4  11544.8  11407.9  11606.6  11562.6  11563.4  11590  11580.8  11598.1  11603.4  10355.4  8745.04  8914.78  5008.09  
