11904.5  11906.1  11921.6  11895.9  11914  11930  11838.4  11873.7  11863.2  11811.6  11901.5  11921.8  11919  11922.5  11823.8  8576.28  11070.9  2708.88  
11489.1  11569.7  11578.4  11582.6  11554.4  11599.8  11582.9  11596.7  11527.7  11597.7  11577  11595.7  11435.1  11586.5  11536.9  9004.22  9962.74  3475.16  
11542.5  11607.4  11617.5  11610.6  11588.5  11637.2  11617.8  11623.3  11565.4  11635.9  11613.4  11633.6  11472.2  11616.3  11571  8703.28  11298.5  3229.9  
12179.9  12187.8  12187.1  12178.8  12188.4  12176  12061.5  12091.3  12143.9  12110.6  12175.3  12184.3  12158.3  11891.7  11360.7  9477.32  9759.1  5738.99  
12066.1  12074.7  12089.5  12061.1  12063.2  12092.6  12009.7  12014.6  12031.3  11911.1  12064.5  12075.6  12043.7  11823  11953.7  8520.98  11940.3  2791.34  
12193.8  12221.5  12216.4  12215  12033.6  12202.9  12110.2  12111.8  12177.3  12024.5  12209  12213.7  12195.4  11955.1  11374.7  8427.46  9614.92  6577.73  
11981.1  11983.7  11999.1  11971.8  11988.3  12005  11911.7  11937.7  11940.6  11843.3  11976.5  11992.9  11981.2  12003.9  11884.2  7943.15  10567.7  3092.48  
12280.6  12317  12297.5  12314.6  12103.9  12272.2  12152  12259.6  12270.9  12123.9  12307.8  12311.7  12295.9  12298.1  11661.8  8913.47  9398.75  9315.87  
12270.4  12298  12280.6  12294.3  12297.1  12256.5  12126.5  12245.6  12252.1  12157.9  12288.8  12295.4  12274.9  12261.4  11645.8  9381.25  9434.04  6336.08  
12431.1  12443.9  12428.5  12442.4  12384.8  12412.2  12305.7  12393.9  12396.2  12357.3  12425.7  12387.3  12437.9  12425.6  11965  9226.97  11512.5  10175.8  
12473.2  12476.9  12464.5  12475.4  12433.5  12452.9  12362.5  12421.7  12429.3  12444  12453  12399.8  12474.5  12415.5  11776.8  9048.04  11646.3  10094  
12392.7  12409  12393.1  12407  12363.8  12375  12262.9  12358.4  12361.8  12309.6  12393  12365.4  12398.9  12386.3  11888.7  9263.85  11015.6  9257.89  
11646.1  11680.7  11693.4  11679.2  11682.3  11710  11664.6  11683.9  11638.4  11709.5  11683.9  11707.6  11536.8  11701.1  11637.5  9800.25  11493.5  1697.67  
11375.9  11499.9  11506.3  11515.4  11507.5  11530.6  11519.9  11508.2  11458.2  11530.1  11509.9  11526.6  11417.8  11374  11473.1  9845.97  9790.83  4141.46  
11747.8  11752.4  11767.8  11746.2  11770.4  11781.2  11702.9  11742.8  11710  11771.8  11752.9  11780  11676.7  11783.1  11702.6  10615.7  11603.3  2630.76  
11834.7  11833.8  11849.6  11825.1  11846.7  11860.2  11768.9  11813.8  11791.1  11784.7  11831.5  11855.9  11727.7  11845.9  11768  9115.54  11573.2  2366.83  
12055  12060.9  12076.2  12047  12059.8  12079.6  11993.4  12008  12017.5  11903  12051.1  12063.5  12079.1  12002.3  11944.8  8606.66  11652.2  3233.04  
11375.9  11499.9  11506.3  11515.4  11507.5  11530.6  11519.9  11508.2  11458.2  11530.1  11509.9  11526.5  11417.9  11373.8  11473.1  9854.2  9790.43  4141.99  
11738.6  11745.7  11760.8  11739.8  11760.8  11774.5  11698.7  11737.8  11703.3  11764.5  11746.5  11773.2  11742.1  11777.5  11696.5  10379  11588.5  2571.35  
11979  11979.6  11995.3  11967.4  11981.1  12001.2  11999.4  11939.7  11936.5  11841.4  11972.5  11989.6  11956.7  11949.7  11882.2  7886.14  11582.9  2577.86  
