6445.74  6449.72  6429.53  6387.29  6372.58  6437.22  6389.69  6369.04  2530.2  5389.72  5176.29  6378.95  3726.7  3918.25  4743.32  4332.74  
6571.4  6580.43  6549.82  6566.48  6495.74  6577.24  6536.82  6468.91  2161.16  5804.83  5991.2  841.628  3978.62  2220.3  4788.22  3834.24  
6280.24  6277.58  6271.11  6151.3  6210.37  6252.81  6195.91  6237.5  3016.25  4843.01  4103.02  6224.19  3394.9  6154.51  4684.18  4989.29  
6690.15  6689.92  6662.84  6686.72  6564.41  6618.62  6594.55  6531.81  2174.95  6392.61  4087.4  3021.56  2984.02  2184.56  4978.6  3404.5  
5610.7  5644.81  5632.58  5592.74  5657.42  5640.8  5642.74  5607.16  5449.29  3838.46  5102.9  4381.41  4651.04  177.546  4486.6  4365.14  
5521.07  5498.46  5493.49  5455.91  5520.59  5474.84  5503.84  5526.8  5470.65  4201.54  4120.94  4279.79  4696.82  328.846  4185.42  4060.34  
6165.84  6179  6179.88  6069.99  6131.67  6159.36  6112.67  6162.26  2974.3  4404.07  4177.61  5227.89  3950.34  2791.94  4614.55  4894.44  
6785.44  6783.44  6758.13  6781.85  6650.37  6678.24  6687.03  6604.98  3472.66  6750.64  4089.16  2886.98  2539.88  464.543  5042.2  3213.52  
5395.31  5366.3  5369.91  5327.73  5391.24  5319.13  5371.76  5394.87  5348.94  4845.46  3272.67  4623.05  4579.76  2000.54  3706.57  3726.51  
6944.29  6939.12  6913.6  6948.73  6790.37  6800.47  6836.04  6724.28  2792.84  6825.95  4480.11  2450.5  1992.47  213.846  5149.49  2762.81  
7104.92  7096.78  7074.2  7109.2  6935.24  6901.26  6987.7  6847.61  2855.93  7047.29  4286.6  1613.32  1246.1  179.796  5256.72  2439.24  
7180.58  7185.11  7154.61  7200.73  7073.94  7059.39  7032.45  6956.76  4696.87  6412.19  4532.12  2228.04  2165.91  165.076  5087.31  2406.09  
7387.1  7412.68  7374.6  7422.07  7388.07  7346.73  7353.11  7208.43  4883.79  5154.91  3796.39  2780.84  3138.22  160.825  4840.77  4882.24  
5840.2  5839.65  5823.41  5769.31  5833.52  5840.49  5819.47  5806.21  4888.29  3730.8  5506.83  5096  3503.24  524.075  4759.44  1818.03  
5219.78  5167.75  5183.62  5136.89  5199.1  5086.5  5175.76  5215.27  5219.54  5215.72  1997.22  4983.18  4479.65  5141.33  4507.48  3245.37  
6016.99  6032.67  5997.54  5958.33  6024.48  6013.18  6014.07  6001.02  5392.74  2861.55  5796.3  5255.77  3736.85  16.0795  5194.42  5149.27  
7373.54  7401.87  7410.07  7410.43  7388.56  7355.19  7337.68  7207.27  4984.12  5016.73  3806.44  1650.79  3403.75  183.45  4792.99  2100.54  
3744.98  5170.41  5186.16  5139.39  5201.61  4497.03  5178.31  5217.65  5217.76  5210.35  2010.47  3189.05  4475.47  5123.14  4201.73  4250.51  
5839.17  5838.21  5822.59  5767.72  5831.91  5838.98  5817.65  5805.97  4855.52  3754.03  5472.9  5093.08  3509.89  560.193  4746.91  1807.66  
6016.38  6031.69  5996.6  5957.42  6023.57  6012.07  6013.14  6000.48  5392.88  2863.98  5789.72  5255.08  3737.15  17.0934  1606.65  5147.22  
