3105.22  3107.53  3043  3015.44  3121.06  3021.42  3082.49  3081.87  2977.35  3109.18  3020.25  3116.49  2917.42  3046.8  
3980.69  3953.7  3958.96  3993.4  4014.48  4012.75  3940.42  3784.2  3881.48  3893.64  3931.75  3946.49  3853.22  3915.39  
4079.78  4017.66  4028.42  4043.05  3825.73  4085.61  4008.52  3852.38  3951.11  3975.4  3996.84  4005.58  3918.19  3915.82  
3336.15  3413.13  3381.08  3336.81  3355.36  3391.4  3347.19  3310.27  3242.44  3387.25  3356.67  3423.01  3269.87  3310.52  
4438.17  4481.32  4541.42  4439.68  4407.14  4555.01  4449  4314.52  4367.27  4556.54  4420.43  4387.64  4335.57  4044.84  
3188.54  3218.78  3156.54  3161.17  3196.79  3113.09  3132.69  3134.24  2997.5  3225.59  3139.98  3225.47  3043.8  3213.86  
3503.81  3557.62  3524.5  3505.56  3520.8  3548.75  3497.49  3404.58  3410.92  3545.61  3508.12  3560.87  3426.77  3442.16  
4184.68  4135.16  4094.75  4102.47  3942.8  4181.71  4089.16  3944.69  4033.45  4157.63  4081.59  4081.79  4004.28  4039.38  
3249.14  3271.61  3219.4  3197.35  3227.88  3204.13  3192.01  3176.6  3058.99  3254.19  3195.19  3275.71  3098.4  3263.18  
4286.23  4267.28  4261.67  4286.09  4120.82  4349.33  4253.59  4098.32  4201.05  4175.7  4230.97  4217.9  4150.68  4161.15  
3657.4  3690.08  3655.84  3660.2  3672.32  3692.88  3635.17  3506.77  3565.36  3691.05  3646.93  3687.23  3570.63  3562.42  
3841.69  3828.07  3795.63  3828.99  3836.27  3849.56  3783.73  3617.28  3723.79  3804.59  3789.88  3817.3  3714.72  3732.05  
4334.34  4299.09  4331.02  4308.17  4157.35  4384.65  4287.28  4209.12  4319.87  4205.79  4261.53  4245.68  4180.12  4212.77  
2887.91  2971.6  2900.9  2907.14  2915.57  2793.72  2870.26  2944.98  2956.05  2980.16  2880.93  2989.62  2778.37  2978.17  
4500.44  4503.24  4576.65  4457.49  4426.36  4586.52  4479.59  4415.94  4487.98  4540.4  4445.74  4411.13  4359.52  4161.56  
2703.18  2816.35  2744.42  2733.26  2746.09  2760.81  2707.72  2843.44  2840.22  2819.04  2719.09  2842.32  2611.88  2831.19  
2702.19  2815.49  2743.4  2732.67  2745.58  2759.32  2706.75  2842.75  2839.22  2818.57  2718.19  2841.5  2610.99  2830.39  
3809.18  3814.72  3778.8  3807.2  3815.34  3829.36  3765.19  3826.01  3709.54  3819.03  3776.69  3805.33  3704.27  3685.6  
3377.46  3394.02  3353.79  3304.5  3399.28  3393.31  3326.19  3319.51  3336.99  3379.61  3330.96  3399.57  3240.26  3234.9  
2872.04  2958.3  2887.65  2891.87  2900.62  2778.89  2856.4  2936.4  2946.3  2965.93  2867.07  2977  2954.41  2965.57  
