3665.71  3567.88  3575.99  3637.87  3586.63  3708.3  3712.52  3661.4  3685.64  3713.76  3592.03  3651.51  3635.48  3436.83  
4240.81  4002.18  4203.58  4026.52  4186.74  4072.34  3931  4227.96  4056.45  4246.42  4046.6  4212.15  4173.17  4119.7  
4335.51  4090.64  4296.75  4119.04  4288.8  4169.85  4106.69  4321.33  4099.34  4338.53  4165.45  4306.42  4247.45  4211.79  
3906.16  3688.97  3860.37  3703.8  3825.15  3919.05  3818.97  3896.74  3859.14  3918.21  3919.77  3877.98  3806.17  3591.19  
3949.6  3729.37  3913.84  3764.49  3866  3962.12  3914.85  3939.18  3894.09  3960.73  3900.21  3920.98  3850.63  3687.7  
3722.74  3600.31  3643.92  3663.67  3642.72  3759.27  3753.7  3717.2  3727.49  3763.38  3653.28  3705.64  3678.77  3487.78  
4435.32  4182.9  4394.94  4216.85  4390.85  4377.06  4168.48  4418.32  4187.86  4435.34  4284.38  4404.57  4318.31  4304.57  
3074.21  2901.15  2994.55  3075.16  2988.03  2846.02  2766.52  3061.06  3046.91  3042.05  2832.58  3010.58  2966.7  2653  
3302.22  3122.77  3214.12  3316.89  3217.86  3194.93  2898.07  3298.48  3305.99  3310.09  3010.79  3265.38  3257.83  2982.12  
3191.31  3013.86  3108.77  3189.96  3105.66  3071.1  2879.17  3181.32  3183.43  3185.17  3192.08  3138.06  3106.41  2813.6  
2959.54  2785.5  2888.42  2886.81  2870.46  2879.82  2696.68  2935.28  2935.55  2935.88  2949.93  2869.57  2783.7  2453.85  
2911.18  2743.48  2836.75  2837.84  2824.09  2861.53  2682.99  2892.53  2857.91  2861.69  2848.08  2830.86  2765.55  2424.16  
3518.75  3531.5  3424.71  3533.28  3437.26  3551.61  3432.94  3508.39  3545.49  3562.97  3464.95  3499.51  3498.99  3269.31  
3395.54  3336.48  3305.88  3403.95  3312.47  3370.66  3224.34  3385.32  3409.16  3420.74  3362.33  3363.46  3351.17  3097.71  
4565.99  4306.75  4523.2  4342.05  4545.34  4561.44  4539.65  4550.29  4224.93  4562.15  4460.72  4537.18  4516.71  4447.69  
4095.53  3907.21  4093.11  3965.74  4003.47  4104.15  4097.58  4081.78  4011.47  4103.63  3838.7  4065.43  4000.06  4009.64  
4565.99  4306.75  4523.2  4342.05  4545.34  4561.44  4539.65  4550.29  4224.93  4562.15  4460.72  4537.18  4516.71  4447.69  
3514.41  3561.24  3418.74  3537.94  3432.76  3556.29  3420.18  3502.89  3544.85  3561.46  3460.96  3496.61  3501.16  3270.14  
4095.53  3907.21  4093.11  3965.74  4003.47  4104.15  4097.58  4081.78  4011.47  4103.63  3838.7  4065.43  4000.06  4009.64  
3181.64  3004.49  3099.41  3179.94  3095.92  3055.11  2872.43  3171.29  3172.35  3173.65  3177.58  3127.34  3172.56  2799.85  
