12270.8  12237.4  12270.7  12274.6  12293.1  12271.4  12193.1  12290.2  12291.3  12144.7  12292.7  12285.2  12251.1  12194.7  11633.6  10995  12017.2  266.631  
12365.5  12309.2  12397.5  12403.1  12410  12393.2  12324.1  12408.8  12384.3  12302.7  12348.8  12400.4  12383.1  12210.6  11440.9  11434.2  11261.9  352.592  
12397  12333.1  12439.7  12445.9  12448.9  12433.7  12367.7  12448.2  12415.2  12355.2  12367.4  12438.7  12427.1  12215.8  10860.6  11580.2  11009.8  381.165  
11523  11584  11565.3  11568.4  11521.5  11503.7  11518.9  11492.1  11487.3  11585.1  11537.5  11480.9  11475.3  11501.9  11379.7  10928.5  10266.5  5633.92  
12535.3  12437.1  12651.4  12649.1  12634.4  12565  12572.3  12542.4  12548.3  12602.6  12358.1  12592.4  12626.3  12194.2  10960.6  12244.4  8044.25  656.879  
12238.3  12213  12233.2  12233.2  12256.3  12235.7  12151.3  12240.5  12258.7  12094  12257.8  12249.5  12212.7  12178  11713.7  10818.7  11952.9  29.8245  
11575.6  11618.6  11600  11609.1  11555.6  11524.3  11545.1  11525.1  11528.4  11622.4  11575.4  11507.8  11528  11533  11411.8  10974.8  10494.4  5372.16  
12493.7  12405.9  12592  12594  12586.1  12545.3  12517.9  12466.7  12506.7  12535.7  12467.8  12524.2  12573.6  12174  11061.5  11665  9388.33  144.831  
11790.2  11891.6  11869.5  11811  11816.6  11765.6  11771.8  11823.1  11859.6  11828.6  11885.8  11837.6  11743.5  11790.3  10827  10216.7  10788.6  5592.79  
11283.3  11379  11366.1  11290.7  11335.4  11329.9  11340.6  11313  11235.3  11363.2  11361.4  11139.4  11259.2  11302.1  10856.5  10442.8  9327.81  7255.53  
12109.8  12118  12113.2  12084.1  12127.5  12112.3  12001.7  11991.4  12127.3  11911.1  12067.4  12116.9  12089.2  12060.2  12051.1  9972.61  9548.68  39.7269  
12609.6  12494.6  12745.8  12741.8  12730.6  12712.8  12679.5  12671.1  12613.8  12720.2  12705.1  12671.1  12737.6  12148.4  11156.5  11552.5  7358.82  1076.24  
11441  11482.6  11470.2  11412.7  11437.5  11391.5  11419.1  11412  11358.5  11474.8  11474.9  11220  11417.2  11395.1  10952.8  10581.7  10010.9  6470.9  
11946.1  12002.2  11992.2  11946.6  11970.2  11936.5  11886.9  11902.1  11990.2  11873.8  11970.1  11975.2  11915.2  11915.7  11410.9  10096.8  9972.82  3054.98  
11707.6  11772  11752.8  11734.3  11705.3  11650.2  11668  11697.5  11712.9  11736.4  11717.8  11718.9  11644.6  11674.5  10872.4  10395.6  10728  4846.38  
11246.6  11289.9  11286.5  11191.6  11269.9  11216.1  11242.5  11248  11117.5  11269.7  11287.7  10938.9  11242.8  11201.8  11007.4  10530.8  9250.85  6227.98  
11706.5  11765.2  11743.8  11761.8  11692.8  11653.9  11669.5  11674.6  11707.4  11748.9  11700.6  11752  11639.8  11673.3  11256.5  10852.1  10811.1  4630.26  
11246.6  11289.9  11286.5  11191.6  11269.9  11216.1  11242.5  11248  11117.5  11269.7  11287.7  10938.9  11242.8  11201.8  11007.4  10530.8  9250.85  6227.98  
12108.8  12117.2  12110.8  12082.2  12125.6  12110.5  11999.8  11992.2  12126.4  11908.8  12068.7  12115.5  12086.8  12061.9  12052.6  9973.72  9639.96  29.2676  
12606  12491.9  12740.7  12737  12738.1  12711.1  12674.8  12664.6  12610.2  12714.5  12714.5  12665.3  12733.1  12146.7  11165.1  11502.6  7474.5  1032.17  
