5569.77  5560.59  5493.28  5552.22  5447.16  5546.93  5425.29  5548  5436.18  5579.09  5554.24  5582.48  5580.9  5582.83  5563.6  5482.21  5562.07  5517.8  4348.89  3633.06  521.471  2323.24  4875.24  4225.53  
5075.32  5165.04  5112.58  5168.6  5169.08  4980.51  5062.5  5071.23  5070.78  5168.85  5134.86  5167.44  5100.34  5162.2  5086.8  4981.74  5126.16  4792.69  4915.2  3382.7  4098.6  3508.37  363.989  3355.18  
5382.38  5448.18  5384.37  5435.76  5377.85  5341.82  5377.77  5436.06  5404.22  5439.52  5449.94  5467.02  5464.81  5464.84  5463.95  5331.46  5414.71  5265.87  5108.41  4077.08  765.771  1296.44  3557.44  3505.33  
5479.85  5506.66  5441.16  5496.26  5413.93  5505.42  5493  5496.73  5526.65  5512.55  5504.22  5526.99  5525.04  5526.14  5515.43  5407.15  5490.99  5396.76  4702.4  3595.59  532.04  1834.07  4241.26  3885.45  
5735.61  5694.5  5592.01  5698.9  5596.59  5707.14  5732.09  5684.05  5623.47  5706.26  5704.89  5729.54  5735.32  5731.62  5689.4  5699.99  5692.67  5714.41  3994.3  4298.68  176.904  2316.91  4542.77  2681.74  
5164.41  5278.73  5225.27  5270.86  5268.32  5083.01  5232.79  5287.79  5266.15  5287.01  5293.16  5292.34  5260.41  5288.93  5284.16  5270.33  5235.81  4945.6  3217.8  4512.08  1478.53  1906.05  2393.16  2055.33  
5778.04  5730.84  5617.66  5739.21  5640.45  5746.53  5777.68  5729.42  5681.38  5740.31  5746.71  5770.03  5777.98  5772.55  5709.88  5745.12  5724.49  5754.68  3885.73  4559.54  149.459  2270.91  4319.2  2152.68  
5115.6  5235.98  5184.93  5223.95  5222.5  5048.93  5166.85  5026.51  5185.16  5239.64  5187.65  5240.93  5193.85  5237.68  5106.2  5135.5  5226.37  4839.35  4716.77  4030.14  4107.53  4522.5  384.43  2803.52  
5631.14  5605.1  5529.48  5600.56  5490.62  5607.72  5615.6  5575.2  5483.92  5623.14  5602.07  5630.78  5631.34  5631.79  5623.71  5585.98  5615.94  5617.64  4260.66  4452.74  239.641  1125.8  5027.04  3879.1  
5042.93  5108.61  5049.98  5125.17  5123  4930.22  4972.93  5099.75  4974.05  5124.13  5093.45  5109.03  5020.57  5102.9  5076.58  4894.62  5058.67  4775.12  5040.95  3110.71  4087.96  4197.63  433.166  3711.26  
5693.54  5658.47  5566.61  5658.96  5553.27  5667.95  5686.75  5639.18  5566.21  5672.52  5663.43  5689.42  5693.06  5691.08  5667.97  5655.14  5661.2  5674.55  4104.11  4811.42  204.334  1042.1  4764.72  3201.32  
5187.7  5300.74  5246.23  5291.67  5284.04  5111.55  5256.14  5273.15  5292.3  5304.6  5314.43  5315.42  5289.43  5312.02  5307.86  5292.01  5254.74  4975.91  3544.42  4474.09  1373.29  1697.21  2585  2136.74  
5108.62  5223.86  5171.7  5214.41  5212.77  5037.4  5148.77  5227.59  5164.53  5229.74  5178.56  5228.68  5176.72  5225.44  5102.43  5114.16  5218.41  4834.83  4748.64  4010.61  4105.82  4838.98  433.123  2875.78  
5589.36  5569.4  5504.98  5562  5449.75  5565.96  5565.31  5534.07  5430.59  5590.51  5561.08  5592.07  5590.63  5592.65  5585.65  5537.86  5586.59  5581.01  4361.25  3457.93  259.666  2513.09  5157.66  4270.47  
5031.23  5088.38  5027.66  5109.1  5106.65  4910.52  4943.19  5107.97  4939.43  5105.87  5078.12  5088.86  4991.98  5082.97  5069.6  4855.53  5053.32  4766.45  5093.72  2436.94  4085.49  4930.15  559.745  3838.18  
5274.34  5377.63  5317.86  5365.73  5336.92  5216.61  5331.28  5386.05  5375.6  5364.87  5386.78  5396.06  5389.04  5392.73  5390.35  5352.38  5325.1  5090.04  5038.91  4264.44  1117.37  257.203  3288.94  2595.43  
5273.83  5377.19  5317.49  5365.36  5336.74  5217.3  5332.98  5386.33  5378.01  5364.66  5386.45  5395.65  5388.53  5392.33  5389.66  5355  5324.55  5088.45  5029.19  4257.32  1124.08  1325.71  3299.67  2579.43  
5390.67  5450.53  5387.57  5439.55  5380.5  5381.64  5425.09  5449.23  5464.1  5448.64  5453.19  5470.07  5465.8  5468.15  5460.72  5386.33  5418.86  5262.8  4835.21  3876.24  856.135  1620.81  3841.87  3311.98  
5778.04  5730.84  5617.66  5739.21  5640.45  5746.53  5777.68  5729.42  5681.38  5740.31  5746.71  5770.03  5777.98  5772.55  5709.88  5745.12  5724.49  5754.68  3885.73  4559.54  149.459  2270.91  4319.2  2152.68  
5479.85  5506.66  5441.16  5496.26  5413.93  5505.42  5493  5496.73  5526.65  5512.55  5504.22  5526.99  5525.04  5526.14  5515.43  5407.15  5490.99  5396.76  4702.4  3595.59  532.04  1834.07  4241.26  3885.45  
