5456.64  5400.46  5461.82  5450.59  5485.99  5388.19  5384.31  5429.2  5481.73  5491  5455.57  5417.5  5471.58  5454.02  5302.88  5355.95  5487.38  5014.45  3433.06  4469.85  4458.62  1883.62  2200.78  4844.16  
5351.24  5204.72  5316.85  5348.94  5384.08  5303.92  5347.09  5367.11  5369.9  5378.93  5337.82  5382.33  5374.25  5332.02  5286.45  5214.54  5374.06  5015.06  4050.8  3823.26  4327.67  98.7456  3798.08  3873.33  
5174.55  5083.74  5067.73  5187.05  5185.89  5126.13  5154.35  5073.68  5174.81  5155.67  5116.21  5166.06  5083.12  5157.48  5084.63  5130.98  5177.45  5072.26  4087.05  4682.34  2724.56  197.671  544.576  2532.47  
5297.42  5175.1  5222.22  5282.43  5321.53  5264.95  5323.75  5313.87  5297.34  5311.37  5266.97  5289.69  5317.05  5255.58  5302.4  5119.82  5299.99  5027.08  4260.15  2238.13  4188.3  200.678  4794.47  3711.92  
5320.43  5183.41  5251.57  5304.67  5342.14  5275.22  5337.16  5339.43  5323.45  5332.31  5290.31  5307.41  5337.21  5279.88  5298.81  5146.13  5325.67  5014.77  4141.61  3518.4  4441.11  49.0763  4484.37  3487.42  
5376.14  5217.01  5343.78  5367.87  5404.97  5307.18  5354.63  5401.57  5390.81  5401.94  5361.46  5398.62  5394.79  5355.55  5299.73  5243.33  5395.73  5013.75  4005.33  4051.61  4365.59  170.516  4055.65  3947.86  
5379.8  5237.41  5424.1  5424.92  5457.01  5414.77  5381.99  5380.08  5459.06  5463.14  5422.59  5398.76  5453.88  5421.78  5248.77  5308.25  5465.58  5050.99  4067.05  4149.42  4397.16  1410.71  1912.94  5354.18  
5272.84  5165.09  5205.83  5267.55  5302.04  5250.65  5303.01  5271.96  5274.75  5290.16  5244.15  5271.32  5289.46  5236.87  5279.83  5111  5278.09  5024.29  4283.67  3314.58  3792.07  414.215  4341.43  3730.37  
5222.64  5144.88  5225.93  5255.69  5263.76  5233.68  5262.24  5154.82  5229.22  5248.45  5195.14  5233.02  5235.62  5199.07  5200.7  5094.91  5234.81  4951.03  4256.5  4026.75  2183.47  924.728  2239.88  4629.03  
5520.64  5526.36  5511  5484.27  5522.3  5366.68  5388.54  5485.33  5512.37  5527.42  5498.67  5442.18  5495.66  5495.46  5340  5413.35  5515.98  4973.86  2922.37  4786.14  1508.68  2613.7  2920.45  4351.58  
5212.53  5128.68  5177.6  5236.4  5244.22  5203.52  5234.03  5141.14  5217.2  5224.86  5176.26  5216.69  5195.52  5190.16  5173.5  5107  5221.75  4992.96  4255.17  4147.08  2423.61  680.713  1923.74  3939.44  
5196.32  5118.52  5171.15  5228.38  5227.95  5190.79  5214.92  5103.62  5200.86  5206.43  5156.95  5201.26  5169.26  5176.81  5143.17  5105.32  5205.72  4982.71  4120.94  4406.68  2178.44  731.728  1228.17  4021.91  
5154.6  5061.87  4998.24  5157.75  5158.96  5084.07  5114.08  5052.68  5157.33  5123.94  5090.58  5143.46  5028.35  5145.15  5048.84  5148.66  5159.14  5128.68  4909.42  4840.55  2515.01  117.207  135.269  1593.3  
5425.35  5227.78  5375.86  5390.09  5426.96  5322.74  5362.47  5415.61  5415.63  5426.49  5385.81  5371.59  5416.48  5382.09  5325.1  5276.13  5422.03  5018.58  4036.45  4232.92  4369.46  221.093  4460.92  4172.04  
5450.89  5239.96  5401.44  5407.96  5446.97  5321.65  5369.02  5452.48  5435.01  5448.34  5408.35  5386.92  5435.55  5404.44  5340.1  5304.49  5442.15  5015.31  3982.79  4469.34  4400.82  204.912  4791.07  4190.11  
5486.99  5300.07  5470.83  5456.53  5491.44  5387.45  5386.29  5437.05  5488.97  5498.05  5460.63  5421.98  5478.52  5460.86  5324.14  5366.5  5496.33  5023.18  3637.93  4581.72  4419.09  1406.48  1531.92  4911.53  
5143.11  5053.9  4993.34  5151.37  5147.19  5074.37  5100.83  5028.7  5146.57  5110.44  5076.94  5132.55  5009.17  5135.94  5026.55  5147.61  5148.39  5123.09  4847.59  4983.93  1807.91  333.122  425.714  1639.17  
5520.64  5526.36  5511  5484.27  5522.3  5366.68  5388.54  5485.33  5512.37  5527.42  5498.67  5442.18  5495.66  5495.46  5340  5413.35  5515.98  4973.86  2922.37  4786.14  1508.68  2613.7  2920.45  4351.58  
5186.85  5098.25  5103.22  5203  5204.73  5151.12  5180.09  5095.46  5188.5  5178.01  5135.6  5182.41  5119.41  5168.03  5113.32  5123.23  5191.76  5046.66  4136.63  4509.78  2633.39  351.203  989.968  2986.62  
5338  5195.06  5281.59  5326.08  5364.54  5295.03  5347.52  5360.99  5348.41  5357.66  5316.09  5325.97  5361.26  5305.95  5301.52  5174.37  5351.32  5020.73  4125.66  3691.88  4493.03  67.8509  4370.05  3771.78  
