5671.09  5529.24  5684.27  5695.69  5554.11  5666.3  5690.09  5656.63  4922.26  4953.2  4137.63  5011.2  4293.25  4990.93  5040.71  2.27267  
5757.12  5589.44  5785.32  5787.37  5654.77  5751.55  5776.22  5769.21  3814.29  4799.35  4153.09  2057.69  4584.03  4935.75  5307.7  2834.62  
5854  5642.54  5885.4  5890.22  5734.5  5865.51  5861.87  5868.85  3676.38  4691.88  4634.64  4349.56  4684.72  4970.1  5531.66  2825.99  
5389.74  5303.43  5392.59  5381.22  5365.41  5366.04  5393.57  5363.32  5309.41  5077.84  4265.48  2818.24  4671.22  368.524  4229.23  130.489  
5251.18  5182.26  5252.61  5251.83  5249.26  5243.22  5240.37  5224.7  5146.3  5080.04  4409.18  2739.2  3709.84  639.61  3352.42  280.893  
5484.05  5403.7  5486.75  5506.08  5479.06  5467.23  5513.6  5460.56  5401.69  5149.09  4180.57  3221.69  269.171  31.454  3833.85  0.0223761  
5952.77  5998.71  5990.23  5997.9  5971.85  5942.82  5952.48  5974.51  3544.05  1566.03  4923.95  5552.9  4417.72  4968.72  5791.02  2790.04  
6076.96  6111.58  6114.09  6123.73  6098.57  6098.95  6069.41  6087.87  3368.6  2138.87  4692.88  4237.17  4249.33  5164.93  6061.66  2576.64  
6118.53  6164.84  6156.43  6166.97  6148.78  6145.86  6108.81  6128.29  3280.74  2208.48  4728.62  4354.84  4158.95  5221.14  6099.73  2860.24  
5596.06  5471.91  5604.38  5621.28  5528.84  5604.07  5612.94  5574.65  5232.83  5011.48  4156.77  4853.37  1114.15  2454.3  5307.73  4.0526  
6460.77  6542.07  6500.53  6517.24  6531.59  6558.22  6431.38  6448.27  2714.05  2785.01  4293.75  2075.95  3101.96  5738.64  4515.08  5951.98  
6376.67  6456.8  6416.14  6431.37  6441.34  6455.69  6352.04  6370.02  2837.7  2474.91  4517.23  2626.61  3236.73  5492.01  5042.05  4598.49  
6503.17  6596.01  6543.43  6560.97  6582.69  6607.56  6471.35  6488.62  2645.29  2941.75  4360.11  1961.33  3024.2  5741.85  4428.68  6089.94  
6289.85  6400.31  6329.95  6343.85  6364.27  6343.23  6269.98  6291.67  2996.16  2951.75  4306.45  3860.17  3847.05  4777.27  6402.95  2808.55  
6243.77  6321.32  6282.85  6295.75  6298.3  6293.21  6226.73  6246.63  3114.82  2732.38  4281.37  3810.68  3941.85  5393.47  5582.9  2852.96  
6210.78  6245.71  6248.27  6260.24  6241.42  6262.88  6195.62  6212.03  3156.01  2657.56  4535.17  3269.9  4040.41  5368.72  5679.77  5236.54  
5230.99  5178.95  5231.52  5231.33  5222.89  5227.7  5229.86  5206.19  5117.19  5133.85  4353.06  2183.17  821.805  5.83364  3087.61  1739.59  
6592.73  6709.98  6634.07  6653.36  6690.62  6711.65  6555.8  6573.93  2473.43  2843.13  4350.42  1614  2590.28  5808.42  4084.37  5745.45  
5390.48  5302.95  5393.4  5381.8  5363.86  5365.64  5393.38  5363.88  5311.45  5073.21  4263.95  2889.04  5006.93  416.188  4254.37  132.912  
5941.59  5986.57  5979.11  5986.59  5959.5  5929.26  5941.76  5964.32  4093.34  1525.62  4937.03  1824.11  3781.14  4947.33  5778.58  3089.89  
