5629.69  5760.17  5896.94  5884.03  5823.39  5897.71  5902.81  5727.89  4655.77  5843.45  5355.86  2495.79  147.384  5745.52  3141.1  4646.04  
6259.92  6295.61  6297.21  6296.84  6275.88  6270.77  6280.75  6215.29  3078.24  6156.96  5788.87  2285.5  1658.28  3162.75  5125.76  195.817  
6156.62  6155.35  6158.99  6156.57  6157.84  6143.94  6156.32  5978.51  3373.22  4680.36  5871.94  2679.43  1636.97  596.51  3632.57  2740.71  
6399.71  6413.5  6441.51  6439.35  6412  6402.89  6408.52  6373.66  3029.98  6125.83  3469.95  3664.15  249.441  4907.47  265.934  6289.97  
5668.69  5919.28  5935.79  5918.07  5848.77  5931.12  5913.09  5776.46  4906.45  5675.36  5513.61  2542.44  413.244  5770.5  3133.82  4214.56  
6312.48  6340.9  6343.97  6341.74  6299.3  6312.74  6320.66  6324.34  3258.07  6034.56  5891.39  2155.01  59.6637  4753.4  2157.55  2733.49  
6006.38  6165.33  6237.45  6236.28  6243.68  6219.49  6235.08  6212.57  2869.71  5201.83  5833.72  2922.6  1023.89  5840.54  3823.38  3538.63  
5760.29  5995.74  6017.13  6000.77  5970.66  6009.33  6017.56  5914.83  4934.02  3818.51  5553.6  2442.81  383.081  5748.76  3354.69  5147.3  
5855.81  6046.7  6104.85  6093.92  6075.77  6090.97  6101.43  6049.66  5140.42  2388.13  5668.26  2412.54  559.914  5752.79  3512.18  4243.8  
5605.75  5792.2  5816.32  5811.78  5768.81  5821.18  5816.93  5742.88  5138.81  1085.74  5188.45  2220.07  2682.48  5741.41  3462.89  4688.78  
6458.15  6431.75  6453.82  6459.94  6222.19  6423.01  6438.93  6419.38  5899.66  4779.87  5770.36  1975.28  2157.97  3813.79  6228.43  2078.51  
5743.16  5796.99  5800.72  5753.83  5752.94  5800.12  5815.67  5768.94  5520.8  3305.4  3517.5  86.4252  1287.4  1096.93  4110.32  4544.15  
6562.56  6508.7  6553.67  6560.95  6292.37  6516.78  6532.09  6482.79  6279.12  4589.03  5630.93  3338.27  1996.34  3980.77  4569.41  2846.4  
5755.25  5969.62  6012.59  5993.74  6009.21  6005.03  6013.09  5908.49  4921.88  2561.58  5525.18  2297.89  1604.29  5747.3  3345.37  2342.99  
6328.93  6352.92  6348.36  6344.37  6252.69  6316.63  6323.75  6325.44  3836.37  3715.88  5629.45  1629.87  1651.94  4236.69  6278.86  2561.75  
6182.08  6197.16  6206.29  6208.01  6206.21  6189.48  6203.69  6036.72  2997.23  5174.89  5931.32  2885.62  1731  912.26  3741.45  200.064  
6498.7  6467.54  6497.92  6498.02  7188.36  6459.64  7499.3  6430.88  5156.28  3319.07  6040.67  3240.67  1347.79  4214.8  5826.04  5584.51  
6648.32  6580.91  6651.14  6658.38  6399.47  6606.98  6620.04  6532.6  6118.63  4441.84  3355.05  4801.12  2340.92  4117.59  2796.75  6427.13  
6526.52  6503.17  6547.37  6546.15  6410.61  6503.56  6509.57  6445.87  4383.8  3651.07  3590.32  4538.59  1031.03  4629.02  1740.43  6289.97  
6076.84  6050.98  6059.01  6046.06  6079.56  6043.59  6047.26  6026.87  3160.03  4952.7  5751.16  2613.27  922.671  4364.14  3372.46  3341.27  
