5584.66  5528.85  5528.21  5583.42  5451.08  5533.8  5520.48  5567.1  5492.12  5575.98  5544.84  5517.99  5455.9  5526.01  5585.89  5539.47  5478.32  4647.04  5129.21  2602.8  2257.5  3790.19  2416.99  4602.43  
5093.03  5141  5135.91  5105.8  5152.44  5136.67  5119.82  5048.17  5100.41  4950.59  5049.8  5112.98  5104.21  5004.09  5124.11  5148.86  5020.17  4908.59  4109.18  3493.18  3827.18  2596.81  4136.6  2374.46  
5395.39  5474.5  5453.96  5517.68  5408.17  5450.41  5462.93  5505.28  5424.22  5497.83  5466.72  5405.81  5399.77  5483.2  5500.15  5476.89  5373.39  4458.18  4997.57  2363.88  3468.96  2086.46  2981.59  4941.73  
5215.52  5262.5  5257.32  5229.06  5255.34  5249.46  5204.89  5219.77  5235.27  5161.52  5225.66  5238.85  5242.1  5203.5  5275.52  5264.6  5205.25  4830.86  4354.94  3049.56  4093.39  2853.5  3762.05  3822.44  
5174.85  5209.35  5204.59  5161.76  5210.78  5200.21  5161.83  5139.91  5179.97  5067.73  5157.35  5207.15  5196.17  5116  5214.11  5208.89  5140.59  4881.28  4239.83  3417.07  3983.47  2979.75  3959.12  3189.67  
5353.52  5431.84  5426.55  5466.94  5385.36  5415.6  5383.43  5453.57  5395.84  5440.14  5421.4  5349.5  5362.6  5443.07  5463.94  5444.87  5370.65  4674.15  4784.26  2195.14  3472.06  2291.24  2860.24  5171.98  
5599.07  5576.53  5583.35  5641.1  5488.06  5593.74  5598.65  5648.94  5549.49  5647.86  5611.15  5609.49  5504.66  5562.88  5651.86  5592.55  5642.76  4911.26  5198.39  2671.15  2446.85  3048.76  2641.42  3896.72  
5186.82  5320.41  5315.46  5332.47  5319.84  5313.61  5297.18  5318.19  5303.06  5295.45  5286.4  5167.13  5261.33  5344.33  5326.22  5346.48  5190.52  4668.08  4560.87  1332.88  4486.58  2869.05  3456.37  4480.2  
5627.62  5609.6  5620.78  5681.06  5512.96  5639.58  5650.58  5695.35  5587.67  5696.96  5656.24  5671.44  5538.03  5588.98  5696.59  5628.32  5680.15  4922.27  5288.64  2747.55  2386.67  1784.2  632.696  4308.34  
5275.5  5376.6  5369.77  5401.16  5350.32  5355.14  5309.91  5401.09  5346.62  5366.42  5354.6  5257.82  5310.99  5392.56  5397.3  5394.84  5309.62  4687.62  4618.72  1888.25  4320.3  2100.59  3270.19  5178.86  
5677.95  5635.68  5658.49  5712.79  5741.7  5687.5  5683.05  5724.88  5624.43  5736.83  5695.95  5728.45  5566.21  5607.79  5739.81  5661.06  5669.62  4893.42  5324.63  2816.35  2282.37  1715.66  450.008  4209.49  
5064.66  5086.73  5081.59  5037.22  5101.8  5083.14  5066.16  4966.48  5039.11  4846.25  4978.22  5096.6  5056.67  4901.15  5062.97  5089.08  4968.63  4981.36  3972.53  4146.74  3627.69  2514.45  4342.39  1968.37  
4829.69  4824.2  4809.14  4557.64  4831.79  4810.41  4549.15  4731.97  4658.5  4574.71  4743.68  4833.75  4579.76  4350.36  4679.99  4618.14  4510.39  4695.52  3959.72  4811.47  2980.17  455.09  3667.41  1442.39  
4841.26  4868.34  4819.8  4581.34  4842.15  4821.07  4582.1  4744.23  4672.98  4571.33  4812.36  4844.18  4598.85  4372.38  4694.75  4639.26  4528.14  4700.73  3661.03  4830.94  2976.51  436.598  3791.2  2381.62  
5037.07  5033.61  5012.46  4967.6  5029.72  5012.66  5021.24  4952.94  4934.97  4716.25  4890.53  5030.79  4941.84  4757.56  4961.2  5003.03  4847.3  5009.63  3827.1  4902.63  3215.32  204.249  4657.29  2945.08  
4996.89  4996.92  4968.98  4882.24  4986.78  4969.38  4991.21  4910.04  4874.91  4635.78  4832.55  4990.74  4863.14  4672.33  4900.79  4921.34  4776.02  4930.17  3734.81  4950.69  3002.75  150.18  4766.62  3101.48  
4931.95  4947.21  4911.78  4758.45  4931.78  4912.33  4759.47  4841.19  4798.14  4684.49  4753.64  4932.94  4762.14  4553.53  4821.93  4809  4680.21  4870.25  4071.87  4805.38  3152.88  1259.15  3995.8  2824.87  
5680.83  5645.2  5669.49  5724.3  5749.08  5699.46  5698.64  5741.21  5635.88  5751.17  5709.18  5746.7  5575.94  5615.15  5752.98  5671.65  5702.43  4946.15  5338.43  2829.99  2320.16  1567.71  494.792  4068.67  
5584.66  5528.85  5528.21  5583.42  5451.08  5533.8  5520.48  5567.1  5492.12  5575.98  5544.84  5517.99  5455.9  5526.01  5585.89  5539.47  5478.32  4647.04  5129.21  2602.8  2257.5  3790.19  2416.99  4602.43  
5215.52  5262.5  5257.32  5229.06  5255.34  5249.46  5204.89  5219.77  5235.27  5161.52  5225.66  5238.85  5242.1  5203.5  5275.52  5264.6  5205.25  4830.86  4354.94  3049.56  4093.39  2853.5  3762.05  3822.44  
