3034.86  3052.28  3018.61  3039.02  2964.15  3001.84  2891.51  2955.76  3008.96  3053.58  3021.75  2986.03  3050.55  2982.85  
3096.5  3109.69  3075.45  2909.77  3092.99  3068.53  2951.12  3016.25  3078.27  3110.17  3080.18  3040.99  3114.73  3046.37  
4191.99  4175.53  4209.89  4090.29  4165.19  4202.41  4207.12  4212.71  4213.78  4181.95  4175.07  4173.93  4203.41  3895.01  
3671.94  3658.26  3693.57  3598.42  3515.77  3703.16  3549.25  3649.43  3701.98  3652.74  3638.77  3612.51  3654.56  3659.58  
4126.29  3998.99  4138.57  4011.12  4065.81  4106.75  4072.96  4094.36  4135.35  4100.23  4092.79  4081.59  4111.6  3787.19  
3406  3425.42  3371.96  3172.91  3212.42  3400.2  3248.21  3323.04  3430.77  3393.91  3373.4  3419.38  3377.56  3292.27  
3234.29  3236.53  3201.82  3028.96  2988.64  3218.3  3084.51  3151.3  3232.96  3236.68  3210.79  3116.03  3058.47  3134.37  
3625.19  3618.97  3643.49  3541.58  3461.12  3654.94  3495.07  3595.81  3656.03  3605.63  3590.86  3569.64  3609.18  3581.54  
3278.21  3281.26  3244.05  3066.17  3042.53  3264.67  3126.65  3194.86  3283.02  3276.94  3252.39  3162.62  3137.61  3173.78  
4355.52  4351.58  4366.87  4231.1  4356.15  4358.4  4297.65  4323.51  4371.04  4347.91  4343.42  4359.78  4371.77  4119.43  
4501.03  4526.73  4504.16  4385.84  4521.61  4456.51  4457.12  4433.33  4505.03  4487.72  4456.22  4517.18  4525.31  4299.77  
3496.27  3512.8  3467.7  3257.43  3330.89  3493.58  3335.91  3410.75  3530.97  3476.88  3459.01  3514.43  3526.14  3366.24  
2898.13  2925.87  2892.97  2911.6  2669.15  2853.64  2759.18  2821.7  2855.37  2928.04  2892.14  2865.91  2916.29  2840.53  
2845.55  2876.69  2844.39  2884.76  2619.88  2796.78  2708.35  2770.08  2796.21  2879.78  2842.31  2825.08  2886.54  2794.77  
3811.82  3793.19  3848.26  3782.43  3683.44  3850.34  3713.77  3817.6  3840  3794.8  3783.27  3738.94  3788.35  3721.17  
3959.52  3989.87  3991.21  3909.37  3872.19  3985.63  3878.38  3962.69  3984.59  3943.87  3934.36  3906.45  3950.08  3597.07  
4492.81  4517.78  4496.26  4378.71  4512.01  4448.71  4508.59  4427.7  4497.12  4479.38  4447.8  4507.84  4516.83  4288.51  
4326.1  4322.29  4339.14  4340.9  4323.02  4334.61  4333.7  4305.66  4343.79  4319.22  4316.43  4327.63  4342.16  4081.15  
3959.52  3989.87  3991.21  3909.37  3872.19  3985.63  3878.38  3962.69  3984.59  3943.87  3934.36  3906.45  3950.08  3597.07  
3810.2  3786.83  3845.77  3778.95  3680.01  3848.37  3711.75  3814.71  3838.07  3793.06  3781.49  3736.96  3785.66  3765.95  
