3668.7  3657.96  3663.93  3671.21  3671  3615.81  3638.55  3601.64  3606.56  3535.71  3675.29  3664.9  3647.35  3589.48  
4004  4005.22  3999.87  3977.84  3993.77  3955.33  3898.64  3996.77  3976.39  3955.49  3987.9  4005.15  3990.1  3965.42  
2994.19  3002.36  2998.73  2824.93  3002.82  3014.54  2997.27  2975.12  2853.69  2959.88  2981.39  3016  2995.73  2980.8  
4315.83  4229.92  4320.2  4312.24  4286.55  4293.65  4105.87  4320.59  4289.12  4239.22  4230.32  4324.37  4304.32  4295.71  
3382.68  3108.37  3382.97  3205.93  3389.04  3369.49  3357.67  3026.09  3286.07  3300.71  3374.62  3393.45  3269.61  3348.03  
4417.06  4358.09  4423.52  4430.15  4380.71  4384.76  4195.15  4425.69  4382.48  4403.62  4318.35  4417.97  4412.77  4389.61  
3909.22  3896.34  3904.07  3879.01  3903.1  3855.45  3831.76  3879.14  3874.2  3856.68  3904.96  3907.78  3899.48  3858.36  
3314.16  3325.76  3313.83  3160.35  3328.13  3297.8  3294.78  2962.49  3212.02  3168.98  3310.85  3322.85  3265.99  3251.25  
3717.91  3699.24  3712.4  3691.39  3718.31  3658.99  3691.26  3623.98  3661.38  3640.71  3726.73  3711.98  3721.77  3635.8  
3528.99  3479.35  3526.36  3436.84  3535.36  3493.58  3494.01  3224.52  3450.75  3307.76  3529.17  3531.43  3447.8  3459.37  
3862.03  3842.76  3856.42  3830.13  3857.91  3805.87  3798.31  3820.08  3823.14  3807.03  3863.37  3859.33  3854.51  3804.88  
4526.29  4483.18  4535.84  4536.01  4481.86  4468.87  4291.63  4508.71  4468.94  4529.32  4415.67  4509.69  4454.82  4491.07  
3182.64  3111.79  3182.44  3008.17  3194.03  3172.11  3173.64  2812.58  3069.3  3058.19  3178.44  3192.49  3099.61  3038.32  
3138.93  3161.65  3141.94  2962.75  3153.14  3146.08  3131.41  2998.07  3014.06  3065.5  3129.36  3156.34  3140.25  3144.47  
2831.76  2760.66  2834.9  2742.44  2817.81  2851.48  2848.7  2843.12  2850.43  2789.19  2820  2851.52  2812.46  2605.39  
4156.83  4089.66  4156.73  4153.77  4137.52  4123.54  3998.82  4161.69  4132  4091.72  4106.51  4163.17  4143.5  4129.01  
2831.66  2760.4  2834.8  2742.54  2817.67  2851.36  2848.62  2842.84  2851.21  2788.99  2819.92  2851.41  2812.31  2604.79  
4156.83  4089.66  4156.73  4153.77  4137.52  4123.54  3998.82  4161.69  4132  4091.72  4106.51  4163.17  4143.5  4129.01  
3529.8  3525.41  3527.13  3454.42  3537.1  3494.18  3490.49  3455.49  3451.73  3467.87  3529.96  3532.14  3441.32  3459.59  
2971.07  2960.78  2974.75  2837.2  2971.59  2988.06  2976.54  2948.01  2991.02  2923.52  2959.37  2991.11  2974.36  2884.67  
