5501.38  5535.17  5579.76  5576.87  5590.24  5547.58  5511.78  5518.58  5481.75  5556.62  5573.59  5585.76  5522.72  5543.63  5482.97  5453.55  5469.41  5530.25  3144.58  2855.01  4140.69  129.695  3815.68  168.585  
5715.67  5774.03  5777.49  5758.48  5770.22  5777  5748.23  5702.59  5767.66  5770.02  5758.71  5774.52  5772.87  5769.94  5677.74  5740.61  5674.42  5232.7  4809.94  4797.48  4260.67  60.9454  3501.87  1976.98  
5292.31  5361.31  5363.58  5366.1  5360.02  5306.64  5254.41  5362.87  5318.76  5332.9  5360.39  5367.35  5362.04  5340.05  5348.07  5269.22  5278.53  4884.1  4619.01  2518.13  3404.82  177.823  3801.44  816.733  
5593.5  5637.65  5663.75  5654.7  5667.35  5659.37  5612.81  5597.66  5604.69  5648  5652.84  5666.5  5646.36  5641.26  5566.47  5660.84  5557.94  5393.17  3228.56  1893.48  4194.01  103.145  3607.02  838.905  
5542.93  5580.96  5617.46  5612.13  5623.7  5607.69  5555.91  5554.18  5537.09  5597.04  5608.29  5620.78  5559.98  5587.68  5519.98  5472.77  5509.78  5406.69  3364.9  2475.09  4202.76  111.181  3749.08  313.957  
5231.92  5290.98  5305.64  5309.26  5291.55  5247.86  5180.13  5302.28  5274.02  5267.56  5297.54  5305.7  5297.88  5279.49  5292.52  5213.5  5223.23  4715.68  4733.33  3129.74  3213.43  1505.13  4349.27  1162.97  
5454.03  5535.46  5529.74  5528.06  5538.91  5491.57  5453.33  5483.25  5476.33  5506.26  5525.83  5536.83  5497.3  5497.92  5436.78  5412.95  5426.17  5353.8  3680.51  1583.18  4064.73  119.682  3676.34  1645.01  
5733.71  5794.11  5793.94  5773.72  5785.34  5798.71  5768.03  5718.07  5791.74  5787.93  5774.24  5790.35  5797.25  5789.06  5694.11  5781.75  5691.75  5206.94  4837.77  4639.81  4270.62  55.8127  3461.86  2110.74  
5310.99  5376.56  5381.71  5383.85  5381.33  5325.15  5277.39  5382.05  5325.35  5353.15  5379.91  5386.72  5386.28  5358.69  5371.08  5286.68  5295.59  4930.92  4587.49  2529.6  3947.29  41.2617  3634.57  691.016  
5812.03  5881.41  5866.19  5840.1  5851.11  5882.86  5854.44  5785.32  5896.23  5865.92  5841.9  5859.33  5889.18  5871.78  5765.29  5889.2  5766.69  5066.81  4308.35  1708.3  4314.34  31.0644  3276.5  2769.59  
5800.4  5868.56  5856.04  5830.38  5841.49  5862.89  5841.96  5775.35  5849.53  5854.54  5832.04  5849.32  5866.24  5859.3  5754.85  5824.96  5755.33  5087.8  3773.57  2627.63  4307.03  31.9441  3335.76  2732.27  
5154.42  5207.09  5231.08  5236.15  5203.56  5172.11  5084.79  5224.09  5223.72  5183.65  5216.81  5226.28  5211.24  5201.86  5215.52  5141.77  5152.3  4504.71  4876.27  3717.99  2494.13  2724.83  5049.8  1625.7  
5383.69  5402.09  5456.36  5456.02  5465.44  5405.57  5366.45  5409.25  5314.11  5432.46  5456.69  5468.11  5462.54  5429.37  5369.16  5357.06  5361.36  5139.69  4290.08  3432.28  3748.47  0.993197  3508.05  27.3037  
5652.79  5703.81  5718.81  5705.03  5717.24  5718.29  5678.45  5648.58  5683.78  5707.17  5704.18  5718.87  5710.16  5703.76  5620.45  5711.97  5614.52  5314.42  3909.02  3054.77  4226.4  83.13  3545.64  1376.71  
5125.4  5136  5212.9  5215.2  5168.34  5158.65  5047.17  5176.55  5214.62  5151.43  5185.17  5197.12  5089.59  5168.67  5109.28  5113.56  5124.78  4613.93  4978.16  3596.25  3504.82  1449.01  5204.59  1098.74  
5873.33  5949.83  5923.18  5892.15  5902.72  5942.84  5922.35  5837.97  5945.65  5927.13  5895.01  5913.51  5954  5936.37  5821.11  5936.06  5825.16  4988.83  5144.48  3659.97  4347.71  10.0889  3146.96  3333.36  
5374.37  5455.02  5445.68  5445.76  5453.24  5393.46  5354.94  5417.84  5385.35  5421.77  5445.93  5455.62  5456.69  5420.9  5359.32  5345.81  5353.25  5179.32  4438.65  1452.95  3875.65  69.326  3439.46  241.888  
5873.33  5949.83  5923.18  5892.15  5902.72  5942.84  5922.35  5837.97  5945.65  5927.13  5895.01  5913.51  5954  5936.37  5821.11  5936.06  5825.16  4988.83  5144.48  3659.97  4347.71  10.0889  3146.96  3333.36  
5231.92  5290.98  5305.64  5309.26  5291.55  5247.86  5180.13  5302.28  5274.02  5267.56  5297.54  5305.7  5297.88  5279.49  5292.52  5213.5  5223.23  4715.68  4733.33  3129.74  3213.43  1505.13  4349.27  1162.97  
5454.03  5535.46  5529.74  5528.06  5538.91  5491.57  5453.33  5483.25  5476.33  5506.26  5525.83  5536.83  5497.3  5497.92  5436.78  5412.95  5426.17  5353.8  3680.51  1583.18  4064.73  119.682  3676.34  1645.01  
