12256.4  12206.4  12263.2  12151.1  12248.8  12234.3  12219.5  12234.4  12255.6  12235.7  12252.1  12095.5  12183.4  12254.5  11610  10833.3  10442.8  10849.3  
11891.3  11938.7  11922.2  11832.2  11857.6  11845  11833.8  11945.4  11948.6  11887.4  11858.7  11880.7  11922  11953.6  10634.7  9571.87  8840.07  9057.32  
11862.1  11901.5  11867.1  11785.1  11795.9  11833.8  11791.9  11889.8  11900.8  11858.7  11865.9  11847.6  11876.6  11904.9  10786.6  9652.7  8849.1  8543.61  
11837  11867.1  11826.7  11751.1  11754.1  11814.8  11763.8  11843.1  11866.1  11834.9  11772.4  11822.9  11843.4  11868.4  10873.1  9818.55  8947.6  7900.78  
12218.3  12188.5  12227.8  12117.9  12208.5  12193.9  12116.7  12205.8  12223.7  12195.9  12221.4  12077.9  12156.1  12223.2  11599.2  10499.6  9604.02  10731  
11928.4  12012.4  12008.2  11910.6  11965  11937.2  11909.1  12028.7  12024.2  11967  11917.8  11927.1  11984.3  12027.9  10479.4  10130  9509.2  9226.6  
11793.3  11757  11755.1  11688.7  11679.8  11734.2  11712.9  11751.2  11804.3  11731.2  11711  11780.6  11790.3  11807  10977.7  9550.15  8266.19  5487.6  
11705.2  11718.4  11676.9  11604.4  11613.2  11685.8  11626.7  11655  11712.4  11717.5  11635  11695.7  11663.1  11716.8  10978.5  10685.7  9783.7  6332.69  
12040.2  12139.9  12172.3  12060.3  12152.3  12115.2  12054.4  12157  12168.5  12128.3  12160.9  11958.7  12103.8  12169.4  9876.51  11420  7384.13  10659  
11975.2  12094.9  12088  11982.1  12055.6  12020.8  11977.6  12088.9  12093.2  12039.5  12091.6  11927.6  12040.2  12095.6  10171.1  10491.7  6967.81  10349.9  
12389.5  12356.6  12430.5  12310.3  12435.3  12433.1  12310.2  12376  12408.7  12371.3  12366.6  12227.5  12316.5  12404.4  11591.5  11399.7  12196.9  11400.4  
11571.2  11570.4  11571  11464.2  11537.9  11473.8  11474.7  11512.5  11567.5  11495.8  11532.4  11568  11468.5  11570  10820.7  10153.4  8637.24  6371.83  
12343.3  12259.3  12349.5  12232.4  12346.2  12334.3  12230.5  12305.3  12333.8  12325.1  12336  12147.7  12250.5  12331.1  11616.4  11423.1  11387.5  11223.1  
12457  12417.2  12503.7  12380.6  12515.4  12521.9  12381.8  12439.6  12476.3  12434.1  12506.2  12296.5  12375.8  12470.5  11524.3  11225.8  11503.5  12196.4  
11638  11644  11623.6  11533.4  11574.1  11579.4  11550  11583  11639.4  11612.4  11583.3  11631.9  11565.8  11644  10897  11600.3  9909.4  5978.77  
11498.6  11509.5  11510.6  11390.7  11491.4  11389.1  11396.9  11434.3  11490  11419.3  11473.9  11498.4  11363.2  11492.3  10770  10350.3  8757.46  7272.94  
12479.9  12373.5  12498.8  12374.2  12512.7  12510.9  12366.2  12431.1  12470.2  12461.5  12503.7  12397.1  12368.9  12464.7  11580  11909.3  10918.1  12075.6  
11495.3  11506  11508.1  11387.3  11489.5  11384  11393.2  11430.8  11486.5  11414.3  11471.4  11495.4  11498.3  11488.8  10766.1  10394  8763.47  7256  
12330.3  12263.3  12341.9  12225.7  12336.8  12326.9  12323.3  12300.3  12327.3  12310.2  12337.3  12151.8  12245.4  12324.8  11597.5  11165.3  10531.2  11269.4  
11706  11714.6  11677.6  11605.5  11612.8  11686.9  11627.4  11655.6  11713.2  11716.2  11635.8  11696.2  11664  11710.1  10977.8  11703.7  9703.28  6332.43  
