3788.77  3753.82  3868.95  3872.32  3854.46  3816.07  3835.14  3873.83  3757.6  3830.61  3864.95  3852.91  3868.31  3845.59  
4075.8  4114.49  4122.06  4151.77  4107.11  4098.43  4157.86  4159.39  4089.59  4153.43  4149.8  4122.74  4143.88  4094.29  
3210.07  3249.76  3184.87  3244.68  3239.86  3181.78  3079.46  3246.62  3051.76  3252.93  3205.72  3195.9  3252.01  3226.73  
2959.21  2940.56  2895.8  2987.09  2990.82  2921.56  2825.2  2963.59  2762.29  2894.61  2964.37  2743.29  2977.11  2959.53  
4176.01  4235.85  4204.58  4245.64  4191.86  4193.28  4263.04  4254.32  4170.77  4259.76  4242.26  4209.05  4236.43  4178.08  
3290.69  3263.27  3252.21  3332.58  3316.34  3270.62  3170.01  3337.99  3118.65  3232.78  3278.5  3061.24  3334  3305.55  
4357.73  4414.52  4340.75  4415.45  4341.52  4364.86  4428.17  4426.51  4247.69  4429.08  4380.04  4345.74  4403.76  4331.93  
4020.22  4054.62  4079.2  4099.96  4061.09  4046.09  4104.98  4106.93  4060.23  4099.44  4104.83  4078.94  4092.84  4047.55  
4231.37  4288.55  4288.9  4301.77  4241.26  4250  4318.25  4311.66  4246.75  4316.67  4288.35  4259.85  4291.29  4229.58  
3655.36  3628.46  3729.09  3731.02  3725.3  3673.3  3671.79  3722.65  3585.84  3650.39  3709.74  3720.05  3725.67  3709.39  
3092.45  3064.44  3062.52  3121.29  3124.97  3057.1  2955.71  3113.69  2929.5  3025.82  3095.04  3082.67  3126.39  3105.1  
3887.73  3845.35  3953.75  3975.19  3944.05  3920.01  3934.9  3981.27  3867.04  3930.41  3946.43  3940.97  3969.7  3938.91  
3397.45  3376.84  3417.33  3459.61  3459.99  3399.05  3295.11  3440.01  3294.35  3360.65  3386.16  3455.97  3448.91  3434.48  
3515.7  3497.72  3590.73  3583.91  3592.65  3524.66  3478.52  3566.51  3414.49  3524.13  3562.42  3585.9  3578.22  3570.09  
2832.96  2869.6  2780.29  2851.47  2869.66  2784.5  2686.89  2820.67  2647.24  2848.53  2848.52  2835.22  2846.22  2833.31  
4484.97  4530.22  4436.11  4536.52  4447.97  4487.18  4541.72  4548.14  4350.08  4548.4  4474.08  4446.92  4522.09  4443.36  
2832.96  2869.6  2780.29  2851.47  2869.66  2784.5  2686.89  2820.67  2647.24  2848.53  2848.52  2835.22  2846.22  2833.31  
4476.38  4521.08  4429.45  4528.49  4440.83  4479.07  4533.49  4540  4345.27  4540  4467.07  4440.13  4514.18  4436.12  
3647.14  3621.11  3725.23  3722.8  3718.9  3665  3666.93  3714.52  3579.77  3723.62  3708.63  3714.5  3717.99  3702.94  
3508.54  3491.44  3589.09  3576.93  3587.65  3517.61  3475.97  3559.86  3410.85  3587.93  3564.52  3582.03  3571.93  3565.16  
