6308.88  6408.7  6403.43  6405.35  6315.01  6360.93  6379.8  6408.3  4923.48  6349.67  2481.22  736.813  3590.1  699.395  1238.77  4115.31  
5903.87  5924.43  5865.99  5896.35  5741.87  5872.34  5889.71  5860.41  2868.64  3099.73  4934.15  738.736  2738.97  301.858  2157.8  2085.64  
6224.12  6307.46  6303.85  6304.29  6262.13  6258.78  6274.29  6310.96  2147.69  5292.56  3778.43  458.414  3287.85  776.752  0.203055  2404.09  
6433.85  6548.99  6553.89  6536.16  6432.97  6502.48  6532.97  6462.95  4976.7  4956.93  4122.07  1374.59  4892.24  6260.67  5151.97  5809.26  
5615.52  5678.99  5655.84  5662  5547.98  5641.79  5637.31  5618.47  4929.38  4829.86  4880.9  3152.06  1150.65  5186.61  2669.25  4116.6  
6637.35  6775.93  6775.32  6752.71  6684.15  6731.44  6772.1  6634.45  5322.84  6307.74  3709.06  1083.07  5642.07  2328.36  5676.53  4340.8  
6003.51  6043.89  5981.35  6025.26  5995.29  5992.86  6000.27  6020.06  2529.62  4838.79  4419.38  312.275  3435.75  183.113  2928.95  2409.1  
6112.83  6177  6133.41  6164.54  6135.14  6127.17  6139.76  6172.67  3479.43  6176.33  2506.19  124.7  2291.27  97.1702  249.73  2481.48  
5428.97  5430.1  5430.44  5417.02  5318.76  5402.14  5384.2  5359.59  5017.66  4951.66  4949.48  4723.49  2601  3878.05  2571.31  3636.43  
5549.47  5559.64  5546.73  5545.38  5461.15  5526.81  5514.25  5498.92  4493.68  4907.72  4577.29  3795.8  3642.78  3119.62  2647.49  3403.68  
5777.95  5807.49  5770.32  5792.34  5749.41  5766.07  5761.87  5769.55  3508.86  5045.34  3680.14  2079.36  5026.51  1754.98  2885.94  3045.54  
5289.89  5286.92  5300.93  5275.93  5183.69  5264.02  5238.81  5210.7  5206.91  5022.79  5003.21  4392.98  4234.02  613.776  2513.29  3433  
6806.08  6956.77  6954.41  6925.2  6884.44  6913.87  6957.96  6909.53  4497.38  3921.76  3956.1  699.691  5544.52  1420.35  4267.3  2571.25  
7488.27  7683.3  7675.63  7618.13  7689.19  7646.77  7701.56  7669.87  2078.5  4959.36  5327.03  0.232202  4897.1  162.35  2944.11  6.25854  
7014.32  7179.74  7175.3  7137.87  7131.39  7138.8  7186.99  7117.03  3519.2  7025.79  4277.4  222.618  5466.7  352.857  3850.44  372.002  
7257.61  7431.06  7427.72  7377.48  7409.92  7392.3  7438.97  7389  2345.11  6107.96  5393.93  0.544588  6156.55  163.57  3486.74  2.05746  
7525.73  7724.53  7716.06  7744.27  7734.84  7688.37  7744.68  7716.48  2058.2  6377.47  5294.04  57.7111  4649.14  314.913  2852.01  77.1228  
7264.6  7429.73  7429.71  7376.13  7408.63  7390.93  7431.73  7380.93  3487.13  6443.32  6113.6  0.0838242  7364.85  63.3421  3597.44  1.42895  
5246.28  5228.74  5248.25  5218.68  5130.12  5208.01  5179.65  5150.19  5227.54  5051.26  5019.23  4760.27  4573.01  307.931  2490.4  3320.77  
7017.3  7179.18  7176.15  7137.29  7130.84  7138.22  7183.89  7113.58  3274.85  7169  4584.72  88.5292  5982.69  90.1474  3897.71  184.293  
