3308.98  3541.65  3559.86  3564.71  3499.75  3492.74  3399.76  3409.29  3555.33  3548.78  3530.5  3451.29  3563.59  3465.03  
3288.45  3364.63  3331.35  3351.5  3369.69  3339.39  3395.99  3315.39  3372.09  3261.06  3384.11  3355.7  3371.54  3347.91  
3873.59  4050.8  3928.58  4143.06  4081.56  4166.5  4165  3947.33  3996.38  4040.43  4157.8  4089.57  3915.79  3659.67  
4270.76  4127.21  4222.22  4245.06  4185.27  4271.08  4268.74  4056.37  4083.43  4183.55  4269.95  4261.93  4037.38  3788.94  
3218.5  3288.68  3271.34  3256.54  3295.61  3269.8  3315.81  3250.28  3286.48  3213.18  3306.99  3291.72  3287.93  3286.75  
3788.95  4016.62  3852.55  4056.71  3993.96  4077.93  4077.32  3856.32  3928.22  3923.93  4064.4  3991.91  3814.3  3615.35  
3440.35  3545.47  3464.65  3603.19  3533.04  3497.97  3618.38  3439.5  3564.72  3379.1  3560.25  3497.8  3353.09  3436.85  
3147.11  3205.17  3209.87  3169.61  3219.89  3198.67  3230.21  3181.58  3198.16  3165  3227.78  3226.26  3217.88  3224.77  
3848.82  3992.86  3799.7  3996.69  3933.06  4016.36  4016.38  3793.06  3880.84  3842.95  3999.48  3924.01  3743.75  3584.55  
3095.2  3164.11  3167.05  3128.93  3166.09  3149.18  3159.62  3130.62  3140.76  3128.96  3174.85  3180.25  3168.09  3168.2  
3523.12  3729.58  3583.2  3744.34  3678.66  3708.93  3761.32  3567.71  3693.68  3511.67  3723.96  3643.58  3498.58  3530.06  
3596.45  3891.27  3687.74  3869.26  3807.39  3893.82  3887.8  3681.31  3808.14  3791.56  3868.07  3771.45  3741.42  3612.25  
4396.45  4207.23  4403.12  4375.78  4315.41  4403.43  4400.15  4224.52  4218.47  4312.8  4395.07  4346.25  4225.8  4107.59  
2943.47  3035.84  3040.73  3038.85  3008.04  3003.04  3040.7  2984.73  2968.9  3023.75  3017.23  3044.76  2911.66  3010.68  
4538.56  4517.98  4550.29  4521.09  4459.16  4549.98  4545.72  4420.8  4376.57  4439.02  4528.15  4426.68  4445.99  4365.59  
2792.92  2900.68  2914.8  2886.26  2850.83  2857.33  2837.99  2839.33  2796.21  2910.43  2859.36  2909.82  2809.84  2858.02  
4525.83  4535.76  4536.39  4508.63  4446.81  4537.4  4533.23  4404.17  4367.82  4427.79  4516.6  4419.36  4427.35  4344.03  
2792.91  2900.67  2914.8  2886.25  2850.82  2857.32  2837.97  2839.32  2882.13  2910.42  2859.35  2909.81  2809.83  2858.01  
3529.69  3758.93  3705.72  3764.41  3699.63  3743.11  3631.78  3585.92  3712.48  3740.64  3748.51  3665.05  3715.19  3546.45  
4369.72  4384.25  4373.23  4356.57  4296.24  4383.95  4380.81  4200.26  4290.55  4292.95  4376.39  4331.32  4198.62  4075.67  
