5763.52  5786.16  5768.88  5700.39  5777.32  5661.65  5671.46  5710.81  5081.9  4729.25  4367.75  4420.5  3351.22  2946.16  2602.4  3897.35  
5984.2  5970.05  5950.19  5837.06  5958.28  5871.08  5843.92  5906.81  5091.29  4876.92  4710.8  5199.71  4911.96  3313.04  5435.12  5269.59  
6080.59  6044.92  6055.93  5897.81  6051.42  5962.62  5934.32  6048.23  5224.82  4891.25  1324.49  2193.66  5468.11  4511.63  4842.21  5619.78  
6035.96  6002.2  6017.55  5878.17  6022.53  5919.73  5891.67  5878.95  5553.23  4687.05  4324.11  5367.14  4581.72  3987.68  4349.22  4586.55  
5804.48  5797.38  5815.21  5711.36  5802.42  5740.18  5792.9  5685.22  5247.97  4748.37  3896.69  4742.49  1086.38  3772.4  1148.41  4102.21  
5914.72  5910.01  5911.13  5863.57  5903.09  5805.16  5778.89  5855.25  5153.46  4806.13  4256.64  5080  4322.15  3400.57  4180.03  2716.58  
6107.92  6066.88  6092.03  6050.65  6092.52  5987.99  5958.96  6074.36  5391.34  4473.59  3957.99  5870.87  5405.08  3807.98  5746.68  1543.46  
5854.48  5834.03  5867.07  5745.72  5842.78  5790.63  5860.77  5771.53  5347.29  4743.36  3857.64  3868.88  281.509  4484.3  733.598  5734.77  
5296.27  5336.25  5337.58  5314.47  5349.67  5322.5  5334.21  5307.31  5272.04  4741.79  3030.1  3463.86  3627.29  523.879  1607.25  3361.59  
5327.37  5323.54  5304.78  5231.2  5288.71  5259.78  5274.09  5245.33  5289.24  5115.11  3992.9  4743.75  2098.04  2804.5  3039.64  4822.7  
6431.36  6501.32  6456.93  6458.83  6459.39  6308.9  6366.21  6433.75  4920.4  5514.86  3673.98  6069.64  601.038  4854.14  5999.41  3376.72  
6398.94  6447.57  6417.71  6436.77  6419.95  6275.76  6318.42  6415.53  4148.31  6105  3841.29  6407.89  2667.78  4605.77  5841.42  2174.49  
5102.86  5125.71  5106.34  5079.66  5102.88  5086.12  5089.72  5079.33  5091.12  4771.63  3766.5  3958.86  3644.4  1232.03  3187.09  3732.34  
5544.87  5569.01  5529.95  5477.67  5577.25  5570.26  5573.22  5572.7  5483.67  5430.4  2180.93  4463.4  973.437  377.181  1259.25  5225.34  
5522.76  5538.22  5552.42  5489.45  5549.75  5512.44  5547.85  5495.66  5302.57  2980.32  3365.87  3628.19  2269.78  2130.78  1252.77  3246.87  
5107.38  5132.5  5136.33  5108.9  5126.12  5108.06  5105.96  5123.67  5021.88  4948.72  3586.11  3371.12  4298.23  429.024  1318.56  3698.35  
6303.5  6322.73  6310.91  6310.14  6312.57  6181.38  6200.54  6303.64  4555.96  5569.98  3826.88  6231.77  3565.47  4344.14  5810.35  1967.55  
6259.84  6274.28  6265.28  6263.17  6265.45  6138.93  6151.66  6260.85  5117.85  5498.48  3849.39  6063.55  2685.88  4221.53  5673.86  1888.26  
5688.31  5697.18  5697.63  5617.17  5703.32  5652.97  5703.43  5620.04  5066.98  4887.26  3639.41  4466.1  1464.36  2532.09  858.298  4221.54  
6450.28  6517.47  6475.17  6490.25  6477.79  6326.82  6470.53  6467.29  3056.07  6171.01  3662.72  6224.72  196.438  4833.12  5866.48  2850.61  
