3512.36  3630.12  3631.08  3632.01  3624.68  3353.56  3518.22  3625.77  3533.09  3391.34  3632.52  3629.25  3473.99  3351.71  
2992.43  2918.26  2993.84  2986.97  2967.64  2949.45  2981.29  2958.72  2899.06  2991.67  2983.63  2990.93  2937.97  2762.64  
3467.99  3577.68  3586.89  3588.51  3580.86  3304.47  3454.52  3494.37  3489.99  3351.96  3583.85  3577.76  3419.4  3332.41  
3150.66  3247.5  3270.15  3265.74  3261.99  3261.94  3084.57  3249.88  3178.07  3052  3262.47  3247.51  3175.32  3014.14  
3204.73  3313.66  3325.1  3322.53  3318.12  3300  3143.48  3299.92  3232.73  3106.25  3315.14  3298.43  3161.34  3064.75  
4222.21  4272.34  4249.08  4274.7  4256.04  4251.36  4204.88  4146.04  4150.23  4224.89  4263.91  4269.42  4057.03  4270.51  
4267.37  4321.91  4302.18  4327.03  4308.05  4286.04  4228.86  4212.74  4201.3  4278.92  4316.65  4318.35  4104.06  4298.51  
4099.83  4175.43  4153.04  4174.32  4157.19  4166.68  4135.22  4028.43  4053.24  4142.04  4165.38  4175.33  3970.49  4175.12  
4369.52  4485.8  4490.8  4503.47  4484.82  4352.15  4267.98  4451  4375.13  4491.04  4498.71  4482.53  4268.33  4454.46  
3023.51  3097.21  3139.75  3131.66  3139.81  2900.12  2985.45  3143.11  3046.71  2921.56  3136.63  3133.34  3039.35  2890.48  
3325.9  3429.71  3446.11  3444.96  3439.93  3167.1  3261.68  3375.89  3352.56  3220.53  3440.31  3424.57  3276.32  3192.91  
3636.51  3759.44  3754.05  3757.38  3747.76  3760.02  3686.64  3737.41  3653.11  3662.53  3758.02  3763.34  3599.5  3471.33  
4418.13  4532.94  4539.26  4553.01  4533.79  4422.94  4289.54  4536.23  4423.25  4533.2  4547.91  4528.42  4311.57  4521.21  
3760.16  3887.97  3876.74  3882.71  3870.86  3878.19  3855.34  3784.73  3773.11  3895.56  3882.4  3895.11  3720.68  3608.14  
3900.65  4031.96  4014.75  4026.64  4012.23  4031.28  4022.06  3857.92  3911.05  4032.17  4021.77  4036.87  3845.15  3972.81  
2802.43  2760.54  2858.77  2847.75  2838.09  2656.87  2862.78  2845.4  2763.56  2851.49  2853.81  2830.58  2853.04  2635.54  
2797.44  2754.64  2853.65  2842.49  2833.29  2642.67  2858.88  2841.21  2758.4  2846.37  2848.88  2826.1  2847.7  2837.41  
3926.94  4028.03  4011.43  4024.95  4010.51  4025.74  3989.02  3910.71  3909.76  4011.91  4020.35  4031.48  3842.16  4024.23  
3040.99  3112.3  3156.35  3151.82  3139.08  3119.72  3067.02  3124.67  3062.63  3131.13  3145.8  3142.69  3038.65  2910.98  
3747.37  3874.83  3864.24  3869.69  3858.04  3879.8  3836.68  3789.08  3760.62  3876.27  3869.61  3881.95  3708.75  3881.92  
