6196.08  6199.31  6202.79  6185.38  6155.63  6211.37  6160.97  6199.39  5449.77  5864.2  316.907  4448.18  2843.95  584.661  3954.04  5930.2  
6675.52  6703.39  6709.53  6711.57  6645.2  6702.6  6599.24  6712.53  4367.37  2782.26  3048.61  566.464  1104.11  3113.76  5463.47  2454.71  
6482.76  6504.55  6513.69  6498.13  6412.67  6502.62  6369.79  6292.4  3709.04  3798.76  3134.76  233.038  1316.03  4365.51  5511.66  2404.72  
6615.66  6645.53  6648.4  6647.24  6642.41  6626.02  6651.43  6635.93  4156.61  6156.54  2078.87  282.016  1540.12  4369.74  4850.07  2433.91  
6075.01  6066.05  6070.24  6047.84  6042.46  6053.97  6005.51  6069.79  5766.77  4242.2  16.4885  4523.49  3478.53  3179.02  5541.76  6025.58  
5393.96  5489.38  5493.04  5434.01  5487.49  5462.36  5478.88  5294.41  5493.08  4108.26  890.88  4552.85  3370.62  2462.42  4553.75  3565.35  
5876.72  5894.06  5901.05  5866.26  5901.39  5844  5851.43  5779.73  5089.1  5878.67  573.481  5359.92  4074.02  3080.63  5899.88  3320.56  
6086.64  6099.29  6111.67  6070.26  6049.34  6069.51  6109.52  5599.42  3598.02  4147.58  5316.17  4420.78  1644.65  5132.49  5386.34  6019.1  
4959.37  5184.66  5172.1  5132.63  5174.74  5042.1  5160.36  5176.59  5122.92  5028.29  3919.78  3323.47  1807.72  2493.17  2786.26  1760.28  
4982.15  5200.61  5188.92  5148.52  5191.13  5064.1  5177.19  5183.01  5143.62  4981.94  3772.29  3386.31  1889.33  2492.12  2878.83  1853.42  
5360.88  5426.41  5461.38  5401.92  5449.95  5446.57  5423.31  5281.46  5467.94  4857.55  85.3152  5398.53  3135.28  1664.35  4523.59  2591.81  
5671  5707.69  5713.73  5666.23  5708.79  5667.04  5685.28  5501.83  5362.44  4395.76  1241.69  4976.45  3610.58  2936.9  5260.84  3606.83  
6339.14  6347.79  6352.63  6339.65  6284.55  6356.02  6247.57  6333.18  4967.77  5823.21  841.061  2332.14  2747.73  2518.28  5342.71  3692.61  
5199.17  5330  5345.05  5293.72  5339.44  5283.26  5318.22  5239.42  5329.46  4910.66  1659.61  4539.34  2603.27  2017.8  3821.3  2276.52  
6500.82  6521.88  6525.56  6519.5  6493.79  6513.89  6483.71  6510.2  4493.48  6018.11  243.193  1133.43  2041.64  3600.82  5054.67  2956.65  
5189.03  5310.7  5335.35  5283.89  5327.93  5278.42  5301.19  5235.45  5321.75  5140.23  1412.8  4798.44  2531.17  1773.28  3812.06  1796.49  
5670.69  5707.45  5713.49  5665.97  5708.54  5666.81  5685.04  5501.6  5362.59  5117.11  1017.18  5596.42  3610.33  2936.37  5260.07  3605.52  
5876.72  5894.06  5901.05  5866.26  5901.39  5844  5851.43  5779.73  5089.1  5878.67  573.481  5359.92  4074.02  3080.63  5899.88  3320.56  
6337.26  6345.84  6350.66  6337.63  6282.86  6354.12  6246.43  6331.43  4974.09  5823.75  516.376  2359.91  2748.99  2502.97  5339.68  5678.88  
6704.63  6735.34  6738.93  6738.32  6723.53  6720.05  6739.11  6721.98  4830.02  5768.46  1864.57  979.782  1152.96  3442.12  5125.11  2589.51  
