3164.7  3200.48  3228.44  3311.58  3304.45  3140.97  3048.99  3194.85  3295.89  3293.95  3056.29  3290.56  3199.1  3106.54  
3659.83  3664.39  3658.26  3672.61  3659.47  3629.83  3606.24  3636.66  3641.65  3667.91  3614.48  3639.84  3582.97  3609.6  
3095.81  3173.93  3205.07  3239.3  3227.78  3095.88  3011.89  3206.53  3131.41  3238.68  3007.31  3245.13  3156.05  3077.62  
3006.4  2948.69  2957.24  2861.38  2994.07  2859.75  2810.66  3004.92  2773.69  2957.34  2746.85  3010.15  2932.57  2828.18  
3562.03  3550.75  3549.45  3589.26  3573.69  3515  3506.48  3519.08  3567.63  3590.52  3484.75  3553.71  3484.79  3518.23  
4210.47  4176.45  4209.28  4195.5  4218  4196.41  4211.5  4180.11  4166.51  4000.24  4218.56  4160.4  4211.35  3961.83  
3059.38  3083.07  3095.62  3070.76  3139.73  3001.45  2919.19  3089.31  3063.16  3125.78  2903.92  3144.48  3059.64  2938.94  
4107.47  4089.63  4110.6  4094.34  4112.21  4096.42  4095.91  4086.64  4062.4  3951.64  4114.16  4061.49  4090.98  3905.06  
4384.28  4306.56  4366.93  4364.83  4269.8  4343.83  4373.36  4382.56  4299.05  4131.37  4389.51  4298.85  4308.95  4131.73  
3804.98  3833.05  3819.75  3796.31  3786.77  3800.24  3754.3  3811.16  3751.52  3782.76  3807.01  3767.65  3728.68  3745.21  
3371.77  3356.48  3367.48  3450.05  3437.78  3314.76  3287.8  3323.23  3454.24  3445.31  3255.91  3412.09  3327.05  3320.27  
3956.9  3962.27  3966.03  3946.18  3953.29  3949.48  3925.47  3950.36  3908.66  3878.89  3961.36  3915.85  3911.34  3824.32  
4317.46  4266.57  4311.93  4300.7  4328.58  4300.46  4329.23  4276.99  4275.1  4052.17  4327.02  4263.28  4335.02  4020.58  
3737.75  3783.36  3760.12  3734.19  3784.68  3746.73  3697.44  3744.44  3707.79  3779.34  3741.81  3719.25  3707.24  3672.68  
4530.59  4431.13  4507.89  4509.21  4431.26  4487.74  4538.88  4516.48  4450.77  4358.58  4538.2  4441.83  4485.72  4207.34  
2864.87  2848.31  2847.59  2627.59  2808.03  2723.63  2683.62  2862.81  2634.58  2793.33  2598.72  2867.51  2796.35  2648.98  
2863.4  2844.6  2843.51  2621.37  2804.18  2719.74  2680.31  2859.49  2628.7  2788.7  2594.43  2863.65  2792.67  2819  
4529.56  4430.34  4506.95  4508.21  4430.76  4486.84  4537.87  4515.33  4449.92  4357.1  4537.19  4440.97  4485  4206.44  
3953.78  3959.87  3963.2  3943.24  3952.32  3946.85  3922.73  3947.32  3906.32  3878.31  3958.29  3913.39  3909.62  3821.41  
3406.65  3385.41  3393.28  3470.48  3456.66  3345.34  3332.67  3350.63  3468.74  3470.25  3291.35  3431.95  3348.45  3360.89  
