3950.18  4059.69  3822.19  4002.65  4019.34  4013.08  4058.87  3824.6  4058.09  3955.85  3858.47  3738.42  3870.85  3871.32  
4116.96  4316.86  4302.05  4277.02  4287.88  4272.56  4314.38  4212.01  4226.35  4210.51  4100.03  4165.14  4246.35  4249.04  
3055.43  3124.41  3020.82  2777.12  3080.47  3041.01  3128.47  3136.19  3020.87  3116.79  2991.66  3118.8  3056.17  3121.18  
3423.59  3419.99  3219.92  3281.29  3382.65  3415.09  3434.55  3364.02  3411.97  3429.42  3234.89  3384.6  3297.15  2987.89  
2769.67  2953.87  2913.04  2605.03  2901.85  2801.05  2937.61  2952.13  2775.7  2918.1  2839.47  2910.66  2952.34  2763.07  
4253  4248.41  4223.52  4205.97  4212.64  4201.7  4247.06  4113.55  4170.05  4152.77  4036.24  4093.14  4216.06  4153.42  
3847.11  3884.58  3905.1  3848.2  3887.91  3896.06  3913.99  3652.7  3916.44  3844.5  3708.12  3828.81  3682.71  3876.37  
3809.37  3827.64  3850.85  3791.32  3840.59  3849.02  3861.4  3596.94  3863.77  3802.36  3655.16  3804.7  3623.24  3842.25  
3931.96  4109.16  3867.2  4055.71  4059.13  4062.69  4107.19  3907.4  4107.78  3996.76  3904.25  3762.1  3913.47  3948.36  
2592.56  2858.54  2861.64  2525.56  2785.07  2677.96  2841.02  2851.93  2651.17  2816.64  2762.6  2903.01  2903.01  2505.26  
3065.41  3102.28  2982.47  2709.94  3104.36  2978.98  3075.58  3104.03  2954.16  3064.2  2949.12  3110.05  3018.98  2767.54  
3283.09  3261.82  3108.83  2918.42  3222.32  3235.65  3283.48  3284.52  3219.9  3278.02  3115.3  3284.9  3141.06  3233.52  
4424.54  4445  4437.13  4406.27  4435.16  4409.69  4438.7  4388.31  4325.06  4316.21  4218.25  4319.85  4283.75  4417.85  
3498.93  3542.3  3321.97  3547.08  3545.62  3567.67  3569.21  3394.16  3574.68  3560.53  3353.3  3485.02  3403.14  3562.79  
4502.95  4529.53  4533.79  4491.5  4532.46  4500.2  4520.7  4504.51  4388.81  4387.43  4525.72  4423.34  4307.99  4529.07  
3653.89  3684.73  3585.97  3668.99  3692.86  3708.11  3715.07  3495.38  3718.98  3681.24  3503.98  3644.59  3513.01  3702.29  
3277.77  3256.08  3104.91  2905.14  3275.49  3229.06  3277.97  3281.43  3212.84  3272.47  3111  3281.27  3135.3  3223.22  
3676.92  3671.67  3695.93  3683.97  3672.79  3691  3702.53  3468.2  3610.44  3669.11  3488.4  3702.34  3538.71  3682.21  
3448.09  3447.45  3237.15  3351.35  3454.15  3446.41  3460.68  3376.85  3445.77  3455.85  3254.99  3454.67  3326.56  3351.41  
4506.75  4527.39  4531.33  4489.27  4530.09  4497.98  4518.59  4501.43  4387.05  4385.62  4523.29  4421.05  4307.06  4526.09  
