5222.41  5125.71  5187.96  5213.44  5226.17  5233  5237.69  5145.05  5214.11  5112.06  5210.24  5149.19  5196.41  5117.36  5148.2  5209.55  5119.41  4724.71  4539.06  3022.25  3042.55  4927.72  747.823  913.739  
5595.2  5486  5582.23  5591.83  5554.03  5541.87  5597.26  5536.46  5560.22  5588.06  5464.65  5544.35  5573.94  5551.06  5588.05  5455  5586.02  4430.69  3935.58  2898.05  3156.04  964.41  3574.98  1958.42  
5651.54  5625.26  5670.69  5683.52  5592.69  5662.14  5690.62  5642.76  5668.21  5658.35  5490.26  5609.04  5649.15  5678.92  5682.48  5565.55  5458.54  4716.55  3990.4  3813.23  1328.54  1687.43  4214.63  2592.43  
5624.77  5563.02  5699.42  5720.22  5606.83  5697.53  5718.36  5673.38  5719.28  5697.81  5515.42  5683.04  5673.43  5549.55  5722.6  5631.7  5572.9  5036.87  3961.52  4586.22  846.072  1590.7  4253.54  81.6979  
5688.06  5690.73  5792.88  5814.07  5651.11  5812.66  5808.51  5775.28  5829.49  5793.72  5597.38  5590.51  5758.52  5667.43  5820.06  5731.52  5511.01  5193.94  3955.34  5008.72  484.589  1058.47  4367.48  1094.44  
5628.19  5526.61  5626.95  5633.65  5578.98  5584.27  5631.24  5573.94  5609  5633.34  5492.24  5606.24  5620.96  5588.24  5632.99  5484.8  5623.41  4347.33  3875.37  2657.68  3734.6  384.498  3351.17  2121.37  
5653.1  5621.21  5741.59  5762.68  5626.89  5749.66  5759.03  5719.35  5768.74  5738.46  5552.4  5735.29  5712.04  5603.94  5768.08  5676.5  5567.23  5105.66  3922.96  4772.86  739.831  1349.89  4304.74  1428.06  
5384.55  5264.48  5260.82  5346  5382.16  5361.83  5386.48  5302.27  5309.25  5281.71  5305.25  5223.25  5301.86  5309.86  5314.07  5313.67  5267.66  4783.45  4416.78  3558.56  4539.69  4182.91  3897.07  1713.62  
5308.91  5196.01  5269.98  5307.71  5310.03  5311  5313.83  5224.07  5264.41  5194.92  5269.15  5196.29  5249.2  5214.19  5233.77  5267.23  5197.17  4714.47  4494.25  3268.23  4519.01  5292.52  2982.94  1473.36  
5753.57  5818.21  5928.29  5954.08  5715.55  5979.89  5988.15  5922.57  5997.02  6001.02  5716.1  5758.17  5881.24  5748.49  5973.79  5894.87  5672.28  5568.88  3674.33  5964.45  148.341  342.137  4534.54  5988.01  
5909.32  5831.45  5903.12  5926.81  5704.34  5950.51  5914.85  5895.33  5961.23  5953.76  5694.06  5726.04  5861.2  5804.42  5965.64  5849.53  5502.24  5382.06  3959.95  5483.53  43.3645  497.484  4503.5  471.053  
5720.16  5755.29  5841.75  5863.04  5674.27  5873.14  5855.66  5828.58  5886.26  5884.96  5640.23  5733.76  5803.3  5728.18  5875.65  5783.59  5595.87  5277.52  3784.1  5229.93  547.024  792.618  4427  4840.04  
5995.82  5902.43  5957.65  5982.22  5730.49  6018.32  5967.46  5954.74  6026.22  6026.44  5741.88  5722.92  5911.56  5872.11  6032.34  5907.94  5480.3  5475.37  3972.44  5723.47  35.7552  209.705  4570.6  147.959  
5529.47  5405.1  5493.13  5508.52  5504.32  5457.41  5529.58  5461.8  5463.05  5497.85  5409.7  5421.06  5480.27  5477.01  5498.53  5395.65  5511.53  4596.75  4055.52  3376.84  2003.65  2119.59  4020.98  1633.8  
5449.43  5317.89  5409.05  5436.33  5435.67  5379.67  5448.31  5372.92  5380.15  5393.36  5357.69  5367.71  5395.74  5378.9  5400.81  5333.53  5432.29  4637.68  4168.32  3299.61  2257.42  2564.18  5440.7  1251.88  
5326.4  5208.24  5287.67  5324.32  5326.07  5313.07  5329.8  5241.96  5276.3  5221.28  5280.07  5225.74  5267.63  5233.89  5254.27  5271.37  5236.11  4702.9  4440.47  3258.64  4051.98  4767.58  2975.46  1358.14  
5231.7  5127.19  5245.12  5246.9  5234.97  5237.83  5242.9  5150.14  5220.73  5122.2  5224.58  5182.49  5206.04  5121.46  5157.39  5210.56  5149.53  4668.59  4511.89  2945.41  3177.6  5202.58  1136.19  890.978  
5529.46  5405.09  5493.12  5508.51  5504.31  5457.41  5529.57  5461.79  5463.04  5497.84  5409.69  5456.48  5480.26  5477  5498.52  5395.64  5511.52  4596.75  4055.54  3376.83  2003.67  2119.63  4021.11  1633.76  
5449.43  5317.88  5409.04  5436.32  5435.66  5379.67  5448.3  5372.91  5380.15  5393.35  5357.68  5405.22  5395.73  5378.89  5400.8  5333.53  5432.29  4637.68  4168.34  3299.6  2257.44  2564.22  5440.83  1251.84  
5719.96  5755.2  5841.68  5862.97  5674.23  5873.05  5855.59  5828.5  5886.17  5884.88  5640.17  5733.67  5803.23  5728.09  5875.55  5783.51  5595.97  5277.39  3783.92  5229.62  547.583  792.984  4426.91  4844.4  
