12092.5  12053  12063  12093.3  12030.3  11977.8  11997.5  12023.4  12045.1  12047.3  12041.6  12035.5  12069.5  11846.1  11753.9  7419.95  8368.24  11190.5  
11898.5  11876.3  11680.6  11883.6  11821.7  11818.9  11817.1  11834.4  11872  11893.2  11818.9  11728.4  11821.1  11606.3  11756  8063.55  9825.59  4111.03  
11857.5  11896.5  11693.3  11908  11860  11853.8  11899.6  11853.4  11905.1  11900.7  11865.5  11753.4  11868  11830.4  11787.6  8008.61  9790.1  4808.85  
11729.5  11745.1  11590.8  11727.3  11731.4  11744.2  11748.5  11693.6  11731.4  11721.4  11744.9  11569.1  11747.5  11678.8  11717.8  8093.11  10281.5  5868.11  
11786.5  11819.8  11641.1  11817  11797  11806.1  11821.1  11772.2  11817.7  11807.6  11811.4  11661.5  11814.4  11791.6  11758.9  8071.76  10116.1  5601.77  
12238.9  12184.8  11896.7  12180.3  12197.5  12221  12115.3  12164.3  12198.4  12150.4  12210.1  12102.3  12096  12026.9  10932.8  8220.6  10023.8  7710.54  
11571.6  11574.4  11478.1  11520.7  11574.8  11569.9  11524.8  11519.3  11505  11564.9  11533.7  11352.7  11555.2  11482.5  11561.7  8185.73  10372  5520.46  
12126.9  12084.6  11825  12126  12057.7  12063.2  12026.9  12059.4  12062.6  12059.9  12081  12034.1  11954  11888.7  11782.1  8271.76  11816.9  9782.77  
12222.3  12169.7  12094.1  12168  12181.4  12181.4  12101.7  12147.6  12185.5  12160.7  12191.1  12123  12077.8  12006.4  11696.2  7630.41  10689  9420.45  
12008.1  11976.1  11749.8  12002.9  11938.9  11947.5  11919.1  11941.3  11968.5  11970  11944.7  11869.6  11943.2  11741.7  11763.6  8523.73  10779.5  5783.96  
11535.8  11541  11456.4  11480.1  11523.3  11529.1  11493.7  11486  11516.7  11526.6  11449.4  11310.1  11513.4  11467.8  11523.6  8105.3  10683.3  4389.05  
12390.4  12319.8  12365.7  12243.5  12396.5  12391.3  12233.4  12303.8  12398.4  12333  12384.8  12281.1  12307.9  12213.6  10596.3  7602.91  9143.78  8990.02  
11609.5  11609.7  11501.2  11563.5  11606.4  11609.3  11557.8  11554.8  11542.5  11597  11590.5  11397.8  11598.1  11496.6  11600.3  10555.5  10298.4  6078.53  
12317.8  12255  12316.6  12211  12304.1  12303.5  12176.7  12236.1  12306.6  12256.1  12301.1  12204.4  12200.8  12141  11454.3  7121.33  10429.2  8718.42  
11681.5  11674.7  11543.6  11642.2  11666.7  11677.7  11679.1  11620.1  11647.9  11644.4  11673.1  11480.5  11675.9  11520.5  11670.6  8100.87  10364.3  5845.01  
11647.2  11761.1  11602.8  11745.6  11761.6  11753.6  11704.7  11713  11731.5  11761.2  11738.5  11585.8  11761.9  11568.5  11694.5  8107.93  10067.9  6042.58  
12523  12438.7  12477.8  12553  12559.7  12559.6  12337.1  12429.1  12560.7  12496.4  12537.6  12417.4  12538.9  12377.3  11308.3  10028.4  9450.33  9847  
12490.4  12409.6  12292.9  12515.6  12514.9  12525.2  12311.6  12399.6  12515.6  12457.1  12499.9  12377.6  12501.8  12337  11124.9  10707.5  10185.2  10376.5  
12385  12315  12391.1  12240.4  12390.4  12381.7  12229.1  12298.6  12392.8  12331.6  12378.6  12281.5  12301.1  12249.1  10732.1  7512.57  9272.99  9841.03  
11930.8  11963.3  11739.7  11987.8  11938.4  11939.8  11967.9  11925  11969.7  11952.1  11949.6  11848  11949.7  11921.1  11792.7  8316.5  10428.3  5928.13  
