5664.44  5602.11  5659  5605.33  5521.58  5622.79  5657.25  5593.12  5670.92  5655.82  5520.55  5656.92  5632.93  5584.44  5608.58  5569.02  5549.6  5562.94  5669.96  3523.5  2472.83  1763.08  1881.39  1081.67  
5426.29  5463.79  5480.41  5479.52  5474.43  5420.25  5457.6  5294.99  5456.39  5443.54  5419.65  5476.73  5423.41  5329.11  5412.2  5308.37  5106.81  5342.34  4612.33  2526.93  159.308  4951.48  1303.46  188.002  
5520.12  5557.23  5550.79  5549.61  5498.57  5498.42  5535.39  5411.54  5541.87  5524.97  5435.91  5542.99  5504.26  5423.49  5415.27  5506.67  5273.07  5404.19  4732.57  2799.57  3148.24  4081.25  1584.48  2706.79  
5340.79  5324.66  5387.3  5362.04  5347.36  5337.3  5369.33  5168.85  5368.07  5351.39  5333.02  5336.6  5338.13  5219.23  5287.58  5179.22  5212.85  5194.82  4660.68  2586.15  173.149  5115.64  282.163  274.491  
5852.95  5858.27  5812.34  5803.89  5617.06  5849.27  5862.26  5841.94  5872.18  5827.69  5871.24  5865.41  5805.6  5862.15  5849.54  5814.94  5852.44  5559.04  3980.29  4794.12  899.846  4214.18  4582.86  4942.5  
5496.09  5537.55  5532.75  5537.36  5493.31  5477.94  5515.11  5381.27  5519.96  5503.31  5432.06  5516.37  5483.08  5399.72  5384.85  5500.24  5229  5390.58  4741.92  2712.88  3740.94  4361.05  1635  2714.02  
5373.63  5296.93  5406.92  5377.97  5333.54  5358.35  5384.76  5196.35  5380.17  5366.47  5347.61  5295.29  5359.83  5253.3  5237.1  5193.66  5037.75  5227.04  4565.3  3335.87  363.017  4924.94  49.5127  345.658  
5821.57  5765.74  5786.28  5758.32  5594.29  5807.14  5826.42  5799.85  5836.12  5799.3  5831.41  5832.85  5777.34  5821.49  5810.67  5770.92  5809.7  4171.17  3935.23  4679.59  2535.5  3476.8  2513.11  4662.48  
5684.91  5679.44  5673.74  5598.4  5514.11  5641.5  5672.94  5617.96  5685.7  5674.93  5467.64  5435.4  5652.28  5587.52  5638.71  5587.02  5597.2  5489.98  4859.25  3751.82  1.12523  1983.19  2419.7  2542.98  
5395.77  5405.62  5457.49  5415.64  5456.98  5398.13  5434.18  5259.42  5427.43  5422.17  5413.62  5416.37  5400.56  5296.3  5259.72  5276.3  5066.14  5307.5  4492.7  2611.44  351.788  4859.31  425.741  284.771  
5730.07  5685.41  5710.53  5665.3  5549.26  5679.48  5721.22  5678.11  5737.32  5715.31  5538.66  5691.66  5691.58  5650.74  5694.38  5650.12  5655.82  5527.62  3090.79  3780.97  1597.83  2373.18  2244.64  3144.23  
5729.66  5604.46  5710.09  5648.52  5540.28  5680.45  5721.04  5677.16  5734.27  5715.43  5609.5  5676.38  5692.58  5671.3  5695.08  5646.48  5667.15  5613.45  3995.63  4004.99  4679.85  1735.58  2282.38  3425.72  
5776.79  5633.63  5749.1  5694.06  5562.2  5723.37  5775.28  5739.82  5784.79  5758.78  5770.77  5761.67  5736.96  5762.35  5755.17  5708.25  5748.18  5574.9  3993.16  4501.81  4758.84  2381.83  2452.18  4249.88  
5294.79  5240.31  5323.31  5313.39  5236.65  5282.88  5309.63  5086.88  5312.98  5285.85  5257.62  5248.53  5282.32  5151.97  5304.63  5087.7  5319.89  5092.09  4611.38  2735.56  38.7121  5322.99  1765.01  287.951  
5603.15  5623.54  5613.05  5587.47  5514.24  5569.53  5605.32  5516.02  5616.8  5600.01  5449.84  5541.57  5577.84  5505.77  5525.14  5502.66  5428.11  5450.23  4784.43  3143.2  293.671  3090.44  1385.99  2180.22  
5463.54  5505.88  5507.69  5501.08  5472.28  5451.58  5486.09  5338.94  5485.61  5474.19  5431  5427.45  5455.79  5368.54  5339.01  5341.99  5183.41  5368.89  4725.72  2835.59  256.666  4668.21  1497.17  561.473  
5299.73  5243.87  5136.08  5317.44  5242.73  5287.61  5314.35  5093.75  5317.2  5290.91  5263.27  5251.47  5287.18  5158.32  5300.4  5094.35  5302.21  5100.56  4793.29  2773.12  59.0399  5298.03  95.4344  291.563  
5598.41  5605.66  5609.64  5589.07  5515.97  5565.21  5601.7  5510.28  5613.39  5595.59  5462.07  5592.78  5573.37  5505.06  5518.18  5498.51  5570.15  5467.1  4971.84  3090.41  865.06  3039.56  1261.55  1842.41  
5852.95  5858.27  5812.34  5803.89  5617.06  5849.27  5862.26  5841.94  5872.18  5827.69  5871.24  5865.41  5805.6  5862.15  5849.54  5814.94  5852.44  5559.04  3980.29  4794.12  899.846  4214.18  4582.86  4942.5  
5776.75  5624.84  5749.05  5692.24  5561.22  5723.47  5775.26  5739.71  5784.46  5758.79  5778.46  5760.01  5737.07  5764.58  5755.24  5707.86  5749.4  5584.21  4091.36  4526.12  5093.3  2312.64  2456.27  2169.81  
