3649.12  3663.17  3609  3610.81  3747.25  3741.52  3685.08  3630.39  3745.41  3703.46  3742.81  3675.29  3735.73  3682.29  
4137.64  4165.72  4197.41  4113.59  4194.27  4205.14  4170.26  4130.17  4205.53  4192.03  4197.25  4169.14  4188.05  4119.56  
4012.11  4034.26  3902.1  3985.2  4066.92  4071.27  4032.91  3966.92  4082.04  4065.74  4069.43  4042.94  4064.87  3981.37  
3200.96  3177.61  2875.08  3165.02  3100.17  3149.61  3228.8  3217.11  3191.15  3240.68  3105.16  3225.04  3173.7  3037.93  
4187.46  4216.02  4246.09  4164.88  4240.43  4252  4217.25  4178.85  4251.28  4241.86  4243.16  4218.75  4234.13  4161.22  
3127.89  3107.17  2982.33  3082.88  3069.59  3054.44  3134.91  3157.98  3157.37  3166.18  3131.95  3165.31  3117.55  2915.43  
3743.81  3761.32  3785.3  3708.35  3832.43  3830.1  3781.67  3742.86  3833.29  3797.9  3828.52  3771.59  3821.86  3764.11  
4344.81  4382.12  4390.91  4327.92  4393.33  4399.22  4375.06  4324.68  4400.53  4398.03  4376.2  4384.79  4386.68  4287.8  
3559.97  3570.72  3526.65  3520.87  3637  3625.14  3585.79  3547.75  3646.28  3611.83  3629.67  3589.01  3634.01  3543.64  
3321.19  3320.97  3013.35  3279.59  3325.59  3322.06  3326.97  3333.6  3376.27  3365.39  3321.4  3358.66  3344.71  3160.08  
3427.58  3432.59  3423.51  3387.37  3488.08  3453.51  3440.13  3425.41  3498.82  3475.71  3460.96  3460.69  3482.75  3349.19  
3021.82  2975.06  2942.57  3010.5  2933.25  2916.01  3022.85  3010.28  2899.83  3057.15  2784.61  3036.1  2931.01  2847.48  
3004.98  2960.36  2952.89  2980.7  2910.49  2888.71  3007.28  3013.1  2931.63  3039.66  2879.99  3028.31  2932.53  2801.96  
4453.95  4488.72  4485.78  4439.78  4490.24  4501.62  4472.77  4431.1  4498.58  4507.78  4482.45  4489.02  4483.99  4381.02  
2884.25  2817.05  2907.46  2892.71  2830.68  2715.62  2843.96  2864.26  2725.77  2915.51  2716.81  2892.71  2721.36  2701  
3890.8  3912.18  3919.33  3859.29  3972.36  3975.39  3927.74  3882.1  3974.93  3945.46  3971.48  3919.22  3961.93  3906.75  
4453.95  4488.72  4485.78  4439.78  4490.24  4501.62  4472.77  4431.1  4498.58  4507.78  4482.45  4489.02  4483.99  4381.02  
2876.23  2805.09  2895.4  2886.2  2829.12  2698.67  2828.6  2857.51  2725.95  2907.07  2706.97  2885.61  2703.29  2692.21  
3422.69  3426.94  3432.4  3382.5  3492.4  3448  3435.95  3421.16  3493.22  3470.67  3454.29  3455.84  3477.05  3349.61  
3885.65  3907.83  3970.94  3853.65  3958.04  3969.11  3928.61  3891.71  3971.68  3940.59  3971.04  3913.54  3951.77  3911.75  
