5093.2  5159.49  5109.96  5081.32  5070.97  5165.11  5167.09  5006.29  5134.35  5145.95  5121.65  4975.01  5153.1  5159.92  5048.12  5078.56  5148.55  4547.25  4313.8  4588.2  239.08  4462.81  414.082  4407.18  
5119.11  5180.18  5131.23  5160.5  5100.55  5185.22  5184.84  5038.49  5154.84  5168.33  5160.29  5031.82  5161.15  5166.3  5057  5120.03  5157.78  4565.71  4552.15  4249.82  642.398  4227.68  222.888  3748.74  
5382.82  5440  5428.45  5394.42  5337.02  5416.53  5449.84  5432.57  5389.14  5440.02  5450.73  5413.91  5425.55  5370.6  5443.5  5441.54  5301.2  4466.19  4997.86  3613.18  1899.1  4248.28  507.605  1532.86  
5300.69  5409.98  5392.17  5369.71  5312.46  5367.25  5413.6  5377.39  5361.28  5405.14  5396.16  5368.15  5372.06  5363.09  5409.69  5395.76  5276.65  4554.66  5033.33  3602.24  2072.8  4963.88  4067.42  1456.54  
5681.3  5570.76  5668.74  5660.51  5649.47  5630.88  5707.97  5710.85  5534.97  5648.78  5544.86  5667.83  5581.15  5709.58  5544.94  5681.01  5565.64  5164.63  4542.06  3593.05  1895.12  1652.53  4930.38  1666.52  
5345.84  5517.72  5553.92  5502.72  5496.8  5588.43  5584.08  5594.38  5477.69  5559.49  5567.03  5563.68  5543.5  5505.3  5561.73  5595.31  5434.65  4420.86  4710.59  4160.79  84.5013  3956.15  4515.74  2277.2  
5399.86  5529.68  5577.41  5536.93  5529.66  5607.01  5610.72  5620.4  5491.56  5579.48  5575.38  5589.36  5557.54  5543.09  5572.08  5617.46  5464.61  4529.83  4690.56  4080.26  242.69  3441.42  4744.68  2256.31  
5499.58  5558.3  5630.68  5615.39  5604.64  5657.67  5669.94  5681.16  5524.76  5626.4  5605.14  5650.87  5593.21  5624.16  5609.15  5671.15  5530.25  4719.87  4728.33  3923.71  407.652  3110.02  4677.81  2353.48  
5012.29  5000.34  5001.79  4927.93  4937.26  5041.45  5044.92  4906.89  4969  5043.94  5037.07  4908.45  5041.07  5010.59  4972.08  5002.25  5043.69  4693.97  4465.86  4468.47  264.805  3336.21  1444.96  4367.98  
5000.27  4976.58  4985.62  4907.01  4917.4  5023.24  5026.93  4891.17  4944.32  5028.53  5007.79  4897.05  5022.16  4995.1  4961.53  4988.55  5028.32  4716.05  4480.54  4462.09  272.213  3178.3  1596.69  4113.14  
5201.41  5275.28  5211.86  5125.21  5206.31  5267.73  5262.35  5139.41  5251.26  5249.02  5261.22  5174.25  5212.1  5236.81  5101.77  5231.74  5210.84  4561.27  5011.63  3572.91  1113.5  4077.55  4431.77  2154.53  
5372.03  5488.17  5512.94  5431.34  5430.16  5488.05  5533.26  5534.2  5438.93  5512.59  5464.48  5489.81  5478.68  5469.23  5445.57  5525.98  5370.53  4566.57  4823.21  4065.53  1288.26  3439.43  4742.62  1526.05  
5313.25  5478.52  5491.35  5461.34  5425.79  5514.67  5519.71  5513.86  5435.76  5501.99  5522.79  5495.64  5487.85  5442.96  5470.84  5523.47  5377.04  4427.48  4829.27  3882.07  473.725  3571.52  4637.93  2069.54  
5300.93  5349.55  5315  5327.25  5258.96  5276.53  5338.05  5264.65  5305.82  5333.58  5306.82  5279.62  5272.06  5336.04  5332.09  5304.88  5227.24  4680.48  5114.8  3509.14  2313.1  2444.53  5100.28  1419.65  
5055.24  5084.95  5059.3  5006.36  5008.39  5106.78  5109.49  4961.2  5056.9  5098.47  5096.18  4946.31  5104.1  5074.99  5011.13  5046.63  5099.04  4615.68  4397.85  4513.3  856.509  3918.79  709.08  4642.71  
5136.89  5206.7  5151.26  5203.43  5126.21  5207.06  5205.82  5060.02  5182.11  5187.78  5178.14  5055.63  5177.04  5191.72  5069.77  5140.47  5174.14  4551.8  4595.11  4176.46  582.775  4313.69  87.501  3499.8  
4941.09  4859.55  4905.94  4802.85  4820.7  4933.35  4938.27  4814.81  4822.88  4952.9  4938.18  4842.93  4930.69  4914.2  4908.44  4923.57  4952.67  4824.5  4559.09  4419.26  199.291  2393.57  1664.99  2262.22  
5213.15  5288.43  5223.12  5264.24  5221.75  5279.53  5273.03  5153.82  5264.66  5260.48  5276.54  5196.08  5218.65  5246.12  5107.57  5248.43  5218.16  4561.37  5086.74  3460.47  1196.29  3761.05  4864.8  1912.98  
4955.8  4888.38  4925.49  4830.82  4845.58  4955.73  4960.47  4833.02  4852.88  4971.44  4969.05  4855.46  4950.97  4938.29  4921.93  4937.79  4971.82  4797.85  4531.62  4439.52  625.47  2598.04  1052.41  1837.51  
5311.07  5357.11  5325.51  5347.83  5264.32  5277.42  5345.76  5277.41  5311.37  5342.2  5311.46  5290.36  5278.16  5346.15  5355.55  5312.33  5228.91  4692.62  5125.31  3502.64  2435.31  2278.18  5168.39  1344.79  
