5221.52  5251.29  5321.69  5368.2  5339.55  5228.97  5368.11  5339.8  5323.24  5332.23  5364.94  5295.45  5265.43  5324.61  5307.76  5345.08  5350.21  4531.36  4817.87  5252.22  4444.75  3219.24  991.218  522.303  
5477.72  5470.53  5529.14  5545.39  5536.96  5496.04  5453.53  5527.04  5509.01  5465.05  5490.7  5490.73  5426.86  5534.37  5543.06  5518.37  5378.67  5007.78  5067.11  4363.36  3157.98  4153.93  1936.7  3553.76  
5435.19  5438.94  5518.11  5521.87  5524.08  5523.95  5458.38  5516.61  5513.51  5465.66  5472.74  5510.69  5437.4  5521.8  5517.34  5511.83  5459.58  4868.78  4528.09  5000.37  4350.03  3363.62  5377.76  2517.59  
5356.71  5296.32  5366.72  5395.75  5382.83  5323.4  5358.34  5375.87  5355.02  5344.6  5387.19  5341.7  5321.2  5379.6  5313.32  5375.82  5388.55  4718.26  4535.33  1431.28  3575.58  3205.54  729.034  805.41  
5643.4  5612.5  5633.7  5652.24  5621.16  5605.15  5616.76  5619.66  5623.83  5631.3  5496.51  5581.08  5505.12  5653.08  5643.25  5630.3  5636.22  4743.51  5216.53  5459.81  1062.17  3312.65  5209.22  4498.39  
5611.42  5585.72  5615.28  5628.45  5606.03  5599.34  5590.78  5602.97  5605.17  5623.9  5496.26  5566.49  5491.13  5631.33  5624.48  5572.92  5616.71  5006.13  4519.16  5494.47  4025.05  3292.07  5193.37  4303.58  
5550.82  5534.25  5579.51  5584.44  5576.75  5585.01  5536.79  5570.78  5568.48  5582.08  5496.41  5539.35  5464.94  5589.51  5588.87  5550.75  5413.51  4834.37  5108.13  5481.62  4735.39  3361.25  4908.74  3909.15  
5562.39  5544.11  5586.16  5589.09  5581.77  5589.24  5540.91  5576.32  5573.48  5503.17  5495.53  5540.88  5467.22  5596.51  5594.89  5555.94  5416.54  4813.27  5163.77  5514.24  4735.85  3378.56  4813.16  4036.12  
5368.49  5383.59  5474.23  5484.6  5486.21  5479.8  5444.62  5477.96  5455.99  5438.05  5457.1  5467.41  5409.56  5475.75  5459.47  5468.72  5459.4  4953.19  4356.17  4840.41  1789.13  4758.58  167.462  2970.72  
5286.31  5325.99  5415.64  5433  5432.95  5408.76  5366.76  5423.93  5394.09  5384.58  5425.78  5390.16  5369.47  5421.5  5367  5412.67  5430.28  4858.08  4394.9  2945.39  2994.33  4786.04  86.7738  1658  
5162.53  5229.88  5289.1  5324.47  5301.36  5205.4  5322.61  5298.42  5286.9  5259.3  5308.25  5258.78  5241.78  5302.16  5241.58  5311.87  5316.4  4591.2  4762.23  5056.18  3932.04  1907.48  1491.91  272.942  
5112.82  5199.62  5258.27  5281.94  5265.57  5183.03  5278.93  5261.33  5252.17  5191.75  5253.94  5222.09  5215.44  5273.48  5194.94  5279.97  5282.92  4655.2  4754.63  4907.89  3398.29  1396.87  1806.71  389.478  
5368.49  5383.59  5474.23  5484.6  5486.21  5479.8  5444.62  5477.96  5455.99  5438.05  5457.1  5467.41  5409.56  5475.75  5459.47  5468.72  5459.4  4953.19  4356.17  4840.41  1789.13  4758.58  167.462  2970.72  
5286.29  5325.94  5415.59  5432.97  5432.91  5408.65  5366.78  5423.9  5394.06  5384.58  5425.76  5390.12  5369.42  5421.45  5366.99  5412.64  5430.24  4514.84  4395.19  2946.78  2995.42  4785.7  87.266  1657.39  
5271.7  5225.1  5284.29  5317.84  5295.79  5201.94  5315.81  5292.66  5281.49  5248.78  5299.79  5253.05  5237.65  5297.68  5234.41  5306.9  5311.17  4601.2  4761.43  2558.55  3848.02  1834.4  1540.38  293.552  
5198.66  5271.53  5341.49  5360.6  5353.45  5305.66  5321.86  5345.33  5326.41  5288.49  5342.18  5311.6  5299.8  5356.19  5274.61  5349.55  5361.05  4773.39  4526.36  3769.79  3123.22  2781.2  987.557  906.259  
5221.03  5196.13  5252.69  5274.31  5258.99  5178.18  5271.05  5253.9  5245.9  5179.43  5244.01  5215.82  5211.54  5268.69  5183.54  5274.22  5277.37  4665.96  4741.53  2357.29  3333.23  1104.84  1881.3  334.657  
5482.4  5477.98  5543.37  5546.82  5545.5  5548.19  5489.01  5538.77  5535.77  5479.58  5481.2  5521.9  5448.47  5549.53  5546.12  5528.2  5443.61  4848.18  4764.05  4876.28  4494.43  3369.16  5168.21  3081.25  
5356.71  5296.32  5366.72  5395.75  5382.83  5323.4  5358.34  5375.87  5355.02  5344.6  5387.19  5341.7  5321.2  5379.6  5313.32  5375.82  5388.55  4718.26  4535.33  1431.28  3575.58  3205.54  729.034  805.41  
5335.36  5356.1  5452.44  5466.09  5467.4  5457.87  5437.79  5458.76  5427.42  5424.33  5449.34  5445.91  5395.73  5452.88  5430.74  5447.31  5459.3  4995.12  4270.78  4760.97  517.293  5451.37  150.569  3195.75  
