5273.63  5134.66  5259.4  5235.6  5300.99  5252.67  5264.37  5323.25  5197.9  5311.43  5208.23  5187.66  5260.1  5324.87  5291.37  5290.37  5126.45  4844.36  4165.41  2678.83  3887.34  3670.04  2620.97  532.186  
5224.93  5074.22  5221.34  5202.67  5271.37  5215.38  5222.21  5291.6  5186.52  5271.86  5171.17  5148.28  5201.78  5292.28  5275.84  5257.33  5069.53  4898.6  3743.21  3543.72  4004.26  3212.5  2417.79  639.263  
5577.49  5601.08  5528.68  5439.86  5598.63  5586.69  5555.68  5590.33  5557.53  5490  5570.2  5525.76  5580.96  5597.79  5542.37  5467.34  5597.52  4535.19  5530.75  4968.07  2340.43  5130.33  5209.65  2753.76  
4997.6  4879.82  4983.82  4986.75  5066.46  4924.58  4955.35  5080.11  5067.97  5020.19  4914.8  4978.43  4950.55  5081.85  4971.95  5054.23  4980.82  4668.27  4657.54  4484.07  4559.07  2227.67  3981.06  4147.48  
5411.54  5464.87  5443.53  5386.44  5453.76  5468.32  5492.66  5491.5  5307.64  5466.94  5355.04  5417.8  5479.78  5433.61  5433.89  5410.03  5478.84  4210.12  4462.63  4183.63  1013.98  4885.03  4817.39  809.819  
4990.67  4912.64  5073.95  5071.72  5074.04  5000.67  5058.73  5161.74  5014.27  5035.47  5025.33  5088.08  4977.45  5163.89  5141.4  5108.27  5029.9  4595.07  4849.72  4121.67  3900.01  2989.9  3781.26  262.209  
5000.17  4889.41  5007.99  5009.48  5073.15  4944.69  4982.95  5101.99  5098.94  5030.32  4944.15  5005.48  4967.75  5103.8  5015.96  5078.39  4980.2  4656.54  4707.66  4402.64  4433.34  2432.26  4108.3  3453.02  
5355.95  5230.46  5321.36  5289.25  5352.04  5304.05  5332.41  5375.16  5221.32  5378.21  5268.28  5248.73  5354.16  5377.62  5308.13  5345.33  5212.07  4782.19  4975.29  4302.96  3732.04  4585.53  2854.32  337.557  
5629.17  5623.5  5540.68  5449.38  5632.26  5603.3  5563.76  5613.32  5629.13  5491.6  5623.69  5546.55  5595.14  5563  5564.37  5481.23  5612.45  4519.56  4842.72  5288.41  354.301  5264.3  5273.84  3510.91  
5009.97  4919.09  5082.03  5079.04  5095.68  5006.09  5067.4  5168.97  5151.85  5063.48  5033.92  5087.26  5018.2  5170.99  5150.14  5150.63  5032.11  4623.67  3667.95  4161.34  4018.12  3060.06  4469.84  1177.97  
5649.06  5645.32  5563.76  5457.08  5655.57  5630.71  5571.27  5623.49  5651.76  5498.77  5643.63  5563.3  5620.25  5598.8  5583.87  5489.44  5631.08  5104.17  4455.49  5198.09  1521.17  4941.01  5102.56  3064.51  
5389.48  5342.81  5380.72  5337.22  5398.48  5387.42  5408.54  5429.99  5254.53  5422.89  5313.66  5329.41  5421.65  5409.59  5370.28  5379.55  5339.83  4518.13  4775.48  4197.41  2595.5  4698.66  3770.29  513.443  
5441.46  5438.55  5432.97  5376.43  5458.05  5459.2  5467.73  5484.47  5332.86  5452.9  5385.76  5400.48  5478.96  5462.66  5429.14  5410.45  5441.1  4382.09  4945.92  4342.28  1801.94  4863.28  4448.03  1116.65  
5130.26  4986.98  5153.8  5143.16  5195.7  5218.12  5144.64  5233.4  5130.69  5178.31  5104.68  5107.43  5097.67  5233.23  5177.33  5194.09  5227.53  4866.86  4926.32  2039.5  4111.37  1118.61  2681.37  359.726  
5129.25  4985.73  5153.01  5142.48  5195.09  5217.34  5143.77  5232.75  5130.46  5177.49  5103.91  5106.61  5096.46  5232.56  5177.01  5193.41  5226.35  4867.99  4182.58  2057.44  4113.79  1109.12  2677.15  361.947  
5528.78  5548.41  5494.91  5419.45  5549.96  5542.52  5528.94  5556.1  5481.6  5477.87  5508.01  5484.76  5544.59  5554.36  5503.64  5447.99  5548.37  4330.78  5548.46  4784.66  2269.84  5132.39  5104.44  2342.89  
4976.44  4859.77  4937.07  4942.96  5035.58  4889.79  4960.02  5037.89  5037.23  4964.91  4858.53  4932.31  4890.48  5039.5  5029.56  4991.11  4945.14  4673.06  4323.85  4551.49  4645.88  2361.68  3503.48  4662.12  
5667.92  5665.04  5574.6  5464.14  5677.6  5663.48  5578.19  5648.18  5674.39  5498.6  5670.51  5574.64  5662.15  5650.17  5600.48  5496.94  5648.28  5262.41  3663.17  5169.63  570.612  4708.86  5106.52  2433.61  
5528.78  5548.41  5494.91  5419.45  5549.96  5542.52  5528.94  5556.1  5481.6  5477.87  5508.01  5484.76  5544.59  5554.36  5503.64  5447.99  5548.37  4330.78  5548.46  4784.66  2269.84  5132.39  5104.44  2342.89  
5389.02  5342.52  5380.53  5337.1  5398.17  5387.33  5408.37  5429.75  5253.95  5422.74  5313.66  5329.1  5421.65  5409.67  5370.05  5379.41  5339.58  4517.13  4776.68  4195.36  2598.47  4681.92  3773.59  512.216  
