3951.86  3687.98  3928.43  3778.03  3948.14  3952.12  3779.52  3793.71  3879.53  3948.73  3900.88  3643.09  3793.81  3613.7  
4044.94  3826.19  4022.83  3855.85  4042.1  4047.59  3920.98  3881.29  3974.09  4038.58  4046.29  3731.84  3829.87  3630.3  
3600.78  3270.46  3572.8  3494.82  3594.32  3594.58  3395.58  3472.25  3523.25  3578.74  3496.79  3308.87  3546.15  3413.29  
4281.16  4184.47  4262.39  4052.63  4280.51  4290.11  4290.82  4103.01  4214.06  4265.52  4250.7  3957.05  3913.85  3985.61  
4345.4  4173.51  4327.23  4125.36  4344.96  4275.99  4296.39  4181.76  4279  4312.08  4299.68  4017.95  4011.46  3967.09  
2993.31  2851.9  2958.16  2988.24  2982.96  2979.1  2801.7  2898.24  2907.44  2955.26  2870  2731.43  2978.78  2779.55  
3265.69  3178.16  3232.77  3225.83  3255.93  3255.3  3166.59  3166.57  3182.8  3199.12  3132.62  3098.52  3263.1  3201.16  
3320.22  3252.23  3288.05  3271.88  3310.93  3310.2  3222.91  3218.83  3238.15  3258.29  3184.93  3041.09  3316.57  3246.42  
4517.43  4254.29  4502.01  4342.45  4518.95  4523.87  4294.16  4399.32  4453.8  4394.39  4489.78  4182.46  4121.89  3889.6  
4568.45  4043.88  4551.34  4355.34  4567.52  4571.27  4340.85  4447.18  4503.66  4514.48  4415.68  4228.06  4483.05  3939.88  
3701.5  3403.1  3674.63  3567.33  3695.59  3697.88  3493.92  3556.47  3625.34  3692.06  3620.89  3404.49  3611.12  3461.31  
4148.66  3979.94  4128.04  3941.91  4146.8  4153.94  4077.74  3978.32  4079.47  4140.2  4157.23  3830.76  3872.01  3646.47  
3133.38  2945.61  3099.11  3113.69  3123.02  3121.35  3040.4  3039.29  3048.84  3069.07  3002.82  2863.62  3132.55  3043.84  
3457.89  3431.71  3427.98  3388.31  3450.23  3448.75  3255.57  3349.79  3378.18  3413.58  3325.17  3456.93  3446.75  3349.61  
3828.97  3802.69  3803.57  3674.72  3823.85  3826.72  3618.51  3678.33  3754.53  3822.86  3746.69  3525.63  3734.79  3593.31  
2850.01  2823.89  2798.41  2869.78  2836.82  2835.6  2869.75  2765.9  2760.94  2768.11  2714.43  2829.91  2856.47  2755.76  
2848.7  2822.46  2797.05  2868.65  2835.5  2834.27  2868.63  2764.63  2759.61  2766.79  2746.89  2848.03  2855.23  2754.23  
3451.48  3431.3  3421.48  3383.22  3443.76  3442.26  3251.63  3344.01  3371.67  3406.26  3318.05  3450.82  3441.51  3345.8  
3105.54  3102.41  3063.94  3088.88  3094.03  3093.9  3088.19  3013.03  3020  3024.75  2968.24  2938.63  3096.39  3054.19  
3806.93  3778.4  3781.25  3656.81  3801.64  3804.19  3591.21  3658.08  3732.16  3800.58  3717.84  3792.86  3722.97  3585.63  
