5622.95  5528.77  5561.38  5671.52  5621.95  5456.3  5704.59  5678.4  5598.14  5683.49  5643.92  5652.81  5695.77  5707.06  5669.64  5687.67  5571.55  5628.58  3197.61  4404.39  2576.28  3641.17  2891.47  753.869  
5116.84  5117.05  5006.44  5161.64  4988.01  5049.48  5173.67  5170.89  5023.75  5000  5173.5  5133.95  5177.36  5143.8  5177.33  5074.57  5113.07  5026.63  3743.29  3835.59  4062.68  194.23  1217.68  951.583  
5384.54  5333.06  5320.48  5441.78  5455.12  5340.29  5466.56  5386.39  5462.75  5386.14  5390.9  5387.9  5374.34  5469.29  5450.12  5258.91  5352.32  5305.16  2961.95  3383.6  4767.36  3911.99  3748.18  2786.01  
5312.31  5214.69  5174.14  5307.32  5317.84  5235.98  5326.45  5325.33  5307.38  5177.98  5291.61  5244.34  5316.27  5318.08  5325.48  5224.83  5160.57  4804.03  3644.9  3172.61  3930.25  1054.34  3557.21  4467.92  
5299.13  5272.34  5247.32  5372.79  5407.29  5304.88  5394.88  5269.41  5405.74  5261.2  5350.97  5407.12  5348.8  5393.99  5389.8  5248.78  5243.58  4994.87  3496.86  3034.97  3414.01  1516.91  3945.29  4041.3  
5087.07  5081.05  4965.96  5126.93  4969.61  5006.58  5137.24  5120.06  4952.62  4968.14  5128.1  5077  5102.18  5105.23  5141.8  5048.49  5069.96  5022.25  3774.23  3875.02  4036.98  797.308  1470.35  4067.12  
5545.34  5490.86  5517.6  5628.37  5574.12  5424.51  5660.1  5653.93  5596.57  5637.64  5589.36  5620.5  5626.44  5619.17  5633.88  5585.26  5301.92  5642.89  2883.53  4047.32  2938.49  3517.6  3028.25  1562.82  
5012.37  4998.75  4870.16  5045.25  4854.21  4906.94  5051.46  5017.93  4782.39  4921.39  5006.83  4955.78  5055.61  5016.92  5058.02  4994.55  4996.58  4962.63  3853.42  3867.88  3445.25  1205.29  1097.81  1234.96  
5646.26  5563.77  5605.59  5715.77  5670.18  5503.89  5750.12  5699.44  5586.04  5731.57  5699.46  5670.06  5712.69  5749.88  5705.38  5747.28  5740.49  4938.36  5754.65  5240.01  3932.18  3589.04  1250.72  600.064  
5153.54  5159.66  5086.31  5231.56  5116.79  5141.05  5246.95  5211.85  5154.68  5086.51  5205.43  5158.81  5230.36  5231.66  5248.06  5140  5217.12  4808.7  3700.92  3318.51  3409.61  2087.54  2412.71  4351.58  
5230.48  5217.66  5189.37  5320.32  5239.61  5253.15  5340.11  5322.75  5335.61  5191.52  5306.51  5265.99  5336.57  5332.96  5338.88  5237.33  5089.83  4780.55  3639.39  3135.83  4319.18  2960.56  4032.02  4305.61  
5639.22  5587.24  5636.3  5746.82  5703.64  5543.61  5782.03  5651.98  5571.43  5765.81  5738.32  5674.68  5701.42  5781.64  5730.11  5773.73  5759.67  5310.37  3846.36  4269.15  2312.27  5590.28  1210.31  852.128  
5002.13  4982.41  4851  5028.58  4830.72  4885.49  5033.98  4991.57  4750.45  4902.72  4995.29  4943.37  5034.95  4996.65  5041.11  4980.49  4962.47  4999.67  3865.25  3962.83  3706.81  627.335  984.315  966.091  
5495.61  5529.02  5447.5  5562.47  5497.2  5407.69  5591.7  5541.27  5540.69  5570.12  5509.62  5480.73  5460.47  5594.76  5565.48  5428  5450.83  5400.28  3174.14  3844.4  2800.88  3220.55  4145.84  1937.44  
5421.78  5451.28  5374.49  5493.81  5502.41  5368.31  5520.38  5443.96  5483.89  5456.68  5456.46  5464.65  5419.83  5521.13  5502.61  5379.81  5400.89  5222.81  3381.58  4236.38  2988.75  3874.78  3276.93  2885.31  
5062.52  5053.3  4932.84  5098.63  4913.53  4971.83  5107.52  5085.98  4894.33  4953.94  5089.11  5043.7  5109.93  5074.12  5112.82  5030.02  5041.76  5013.86  3801.04  3895.84  3894.16  243.635  1377.85  1344.81  
5165.43  5170.3  5182.69  5237.29  5146.09  5147.13  5252.99  5250.81  5168.82  5091.84  5224.61  5190.96  5241.86  5236.03  5254.1  5149.35  5187.31  4865.66  3693.79  3409.36  3577.74  1991.98  3679.1  4655.05  
5478.35  5551.08  5439.19  5555.28  5523.85  5402.64  5584.12  5522.84  5523.59  5550.39  5516.93  5511.92  5463.69  5585.03  5561.37  5465.93  5451.07  5271.25  3489.66  4471.07  1987.19  3522.62  3479.46  2453.13  
5299.13  5272.34  5247.32  5372.79  5407.29  5304.88  5394.88  5269.41  5405.74  5261.2  5350.97  5407.12  5348.8  5393.99  5389.8  5248.78  5243.58  4994.87  3496.86  3034.97  3414.01  1516.91  3945.29  4041.3  
5421.78  5451.28  5374.49  5493.81  5502.41  5368.31  5520.38  5443.96  5483.89  5456.68  5456.46  5464.65  5419.83  5521.13  5502.61  5379.81  5400.89  5222.81  3381.58  4236.38  2988.75  3874.78  3276.93  2885.31  
