6709.42  6749.46  6693.54  6754.55  6699.66  6754.64  6723.67  6736.87  5231.77  2135.15  784.227  4768.73  6161.82  76.9296  5494.26  64.4499  
6437.34  6497.55  6449.42  6473.03  6432.85  6502.2  6491.65  6391.01  5014.65  3986.35  398.286  3684.82  2352.83  582.05  5442.9  132.957  
7034.5  7075.75  7011.98  7054.87  7040.68  7083.73  7020.78  6980.07  5451.57  2216.61  2144.8  6281.3  2579.33  3077.21  6362.42  486.413  
6923.03  6937.1  6875.98  6916.26  6897.43  6943.27  6854.22  6779.54  5715.22  2870.12  2844.93  6194.23  2775.81  4442.55  6346.55  1179.37  
6830.71  6852.36  6793.42  6849.49  6808.8  6857.9  6782.04  6787.67  5251.43  2135.63  3339.05  6417.85  3622.88  2087.73  6174.48  1137.26  
6475.8  6531.47  6482  6532.57  6469.75  6535.87  6517.53  6436.28  5039.94  2110.63  580.033  6010.85  2304.04  1590.7  5854.24  2.2211  
6770.3  6800.61  6743.13  6802.61  6753.99  6805.92  6754.52  6778  5254.28  1821.32  1793.21  5461.92  5679.79  128.973  5813.87  74.3723  
7109.55  7156.29  7090.12  7162.01  7125.61  7164.52  7119.98  7094.1  5515.67  3184.66  1993.11  6016.64  2262.96  3003.51  6367.49  394.69  
6558.6  6613.62  6561.94  6612.29  6610.48  6618.53  6602.32  6532.03  5102.69  1905.31  676.932  5517.46  2338.37  1672.15  6063.58  9.51275  
7001.13  7002.81  6939.19  7003.16  6968.28  7008.66  6903.76  6964.36  5382.09  1179.31  3235.28  6896.03  2417.98  2486.08  4070.97  287.686  
6379.4  6436.58  6389.65  6441.6  6421.92  6440.38  6420.8  6325.86  4973.47  919.84  5837.5  6426.83  43.8021  1924.76  5551.66  117.878  
6648.51  6697.49  6643.33  6697.71  6699.45  6702.7  6681.57  6647.65  5176.47  1900.44  757.111  2120.14  3819.08  1098.1  5929.3  32.7352  
5625.99  5678.74  5653.58  5558.47  5674.6  5679.46  5632.33  5412.58  4384.59  4865.96  3455.02  2321.39  4606.54  308.318  5153.8  1272.72  
5650.2  5701.28  5675.65  5570.22  5594.59  5702.29  5654.49  5436.76  4401.37  4883.04  3874.63  2281.41  1993.98  295.158  4705.85  265.639  
6025.05  6090.42  6053.03  6095.4  6006.84  6092.33  6073.53  5919.92  4704.25  5246.13  68.237  1234.71  3594.32  22.3746  4248.6  836.39  
5970.41  6036.16  6000.21  6040.14  6052.82  6037.72  6017.09  5856.23  4662.78  5176.77  7.58923  1389.99  3551.78  68.2437  1701.92  1784.27  
6250.49  6306.91  6263.7  6290.5  6294.05  6310.19  6285.89  6169.6  4872.71  1595.04  5429.84  5724.37  824.506  1648.18  4960.48  315.476  
5835.91  5896.53  5864.8  5851.71  5904.96  5897.77  5866.73  5793.77  4554.1  5046.47  1373.04  1765.57  3959.34  166.129  1864.37  1580.11  
5801.4  5860.76  5830.1  5802.33  5867.03  5861.9  5827.98  5638.27  4526.27  4878.99  1093.55  2062.57  2852.53  195.48  88.1732  1538.71  
6200.65  6261.57  6219.44  6266.14  6260.6  6264.4  6244.35  6120.6  4837.68  2780.36  3289.49  4225.43  1576.99  1113.35  3869.1  846.19  
