11924.7  11905.7  11938.4  11961.1  11960  11950.5  11852.5  11944.7  11905.4  11961.6  11959.3  11950.5  11954.6  11827.1  11812.5  11954.9  6337.45  10402.1  
11673.1  11681.8  11601.5  11619  11692.8  11704.4  11648.5  11712.4  11637.1  11599.5  11737.5  11739.7  11720.7  11597  11067.1  10288.4  6235.4  11319.3  
12134.8  12101.1  12038.9  12132.9  12130  12136.4  12068.9  12116.6  12107.8  12135.4  12131  12093.1  12120.8  12067.3  11437.9  11611.5  5697.3  7489.91  
11447.8  11486  11472.1  11210.6  11517.3  11461  11465.1  11480.9  11358.7  11474.3  11521.4  11521  11484  11411.8  10947.2  10737.1  8960.03  10865.4  
11771.5  11660.2  11623.2  11744.7  11669.1  11750.7  11700.6  11762.6  11720.3  11515.8  11775.8  11791.5  11771.3  11633.4  10950.7  8921.02  8079.25  10294.3  
11816.3  11765.5  11865  11894.9  11894  11878.9  11772.3  11878.7  11827.4  11892.8  11893.2  11895.6  11890.5  11735.7  11346.6  11833  6270.93  10978.7  
12051.4  12038  12048.4  12056  12053.6  12053.1  11971.9  12039.6  12017  12056.9  12054.1  12029.2  12046.4  11959.8  11580.7  11753.6  5223.68  8627.54  
12198.3  12320.5  12321.9  12380.3  12340.3  12399.2  12282.5  12351.2  12413.3  12190.4  12376.4  12302.7  12360.8  12409.2  12311.7  9801.13  5326.07  6711.52  
12533.8  12550.4  12568.6  12514  12474  12635.4  12564.1  12494.2  12608.9  12622  12619.3  12512.7  12597.3  12317.4  11354  9830.67  7276.06  10202.7  
12034.9  12211.8  12181.3  12260.6  12233.8  12268.3  12256.9  12240.9  12255.2  12202.9  12252.3  12195.5  12238.7  12253.5  12006.6  9126.21  5388.55  6386.33  
12451.5  12374.1  12478.4  12467.7  12402.7  12548.1  12549  12441.7  12534.1  12544.3  12529.8  12437.3  12510.6  12355.4  11717  9773.96  7267.51  11105.8  
11586.7  11631.5  11442.9  11452.8  11572.2  11599.4  11573.8  11612.2  11522.6  11422.8  11643.9  11645.9  11618.4  11513.5  10898.2  9358.31  6210.36  9809.94  
11434  11311.9  11406.1  11113.1  11303.3  11354.8  11413  11390  11273.1  11243.6  11422.5  11442  11389.8  11332.5  10660.8  8844.86  9788.12  8888.36  
11366.5  11381.8  11420.2  11036.1  11424.4  11346.2  11385.9  11373.7  11246.4  11340.2  11418.3  11421.3  11374.1  11323.8  10810.1  10158.1  7532.92  9905.43  
12242.9  12352.8  12398.1  12367.4  12349  12419.9  12380.3  12346.5  12406.1  12419.4  12403.5  12326.1  12386.5  12292.7  11766.8  11459.7  3692.49  8334.14  
12247.7  12226.6  12158.6  12237.4  12226.5  12247.8  12205.3  12220.1  12229.7  12220.8  12233.9  12179  12220.5  12215.5  10458.4  10636  5559.86  6237.35  
11013.1  11047.2  11128  11038.8  11208  11108.5  11213.6  11147  11036.1  11089.9  11206.5  11207.1  11141.9  11136.8  10528.1  8941.33  9879.01  6562.86  
11180.1  11086.4  11186.3  11031.6  11239.7  11143.6  11242.7  11182.1  11074.5  11111.3  11237.2  11241.2  11177.6  11165.2  10549.5  8926.82  10193.3  6970.11  
11553.9  11589.1  11534.7  11412  11609.5  11584.6  11555.8  11597.7  11493.7  11562.9  11631.5  11630.9  11603.5  11506  11034.8  10772.6  8526.28  11344.8  
12291.5  12522.8  12475.1  12488.5  12455.1  12544.2  12534.6  12467.4  12545.2  12508.6  12516.4  12419.3  12495.7  12482.9  12094.2  10759.7  4108.61  5893.3  
