3030.24  3118.17  3163.07  3042.95  2999.26  3120.38  3082.58  2916.87  3137.52  3028.38  3121.82  3020.73  2999.61  2951.68  
3090.13  3038.71  3089.66  2961.58  2906.93  3069.35  3010.89  2922.86  3068.47  2980.12  3081.2  3022.43  2888.67  2881.4  
2637.64  2927.19  2986.57  2859.28  2830.36  2997.68  2902.24  2789.99  2964.03  2843.75  2936.89  2692.97  2844.97  2784.26  
3557.18  3556.23  3506.16  3486.18  3484.68  3404.69  3487.3  3548.25  3526.72  3504.09  3438.88  3555.26  3417.48  3341.61  
2926.43  2825.97  2893.08  2753.54  2705.38  2932.68  2811.8  2785.63  2877  2800.32  2905.33  2768.47  2673.27  2694.51  
3594.61  3607.19  3562.46  3537.8  3536.83  3438.52  3534.78  3596.19  3573.07  3543.29  3502.27  3607.8  3472.36  3388.14  
4423.2  4388.11  4346.94  4424.29  4424  4410.65  4344.92  4405.33  4373.08  4340.99  4280.01  4322.2  4419.46  4068.68  
3614.57  3738.48  3750.06  3671.28  3650.03  3528.45  3662.9  3420.05  3699.13  3576.49  3714.26  3706.28  3635.01  3511.52  
3765.18  3866.86  3868.65  3797.62  3782.46  3610.88  3778.23  3837.08  3811.3  3697.71  3854.52  3844.03  3768.51  3625.09  
4548.33  4500.73  4439.12  4399.66  4546.69  4525.1  4459.78  4537.53  4546.63  4463.41  4323.83  4415.63  4537.72  4155.95  
3290.47  3255.46  3289.95  3176.43  3111.67  3208.58  3215.48  3274.53  3264.24  3095.69  3204.28  3118.81  3160.84  3071.99  
3407.51  3425.91  3420.73  3345.66  3297.66  3318.06  3369.67  3428.28  3413.52  3278.87  3360.36  3336.36  3321.8  3222.23  
4272.1  4251.52  4235.52  4173.11  4275.54  4274.5  4211.36  4241.17  4150.58  4192.68  4227.76  4210.41  4275  3963.11  
4103.31  4123.75  4113.35  4044.66  4113.12  4061.21  4051.79  4092.08  4066.33  4031.59  4132.05  4101.55  4129.07  3849.83  
3933.27  3977.68  3985.31  3907.59  3936.45  3928.75  3969.76  3863.54  3937.79  3848.81  3991.92  3945.23  3992.76  3728.63  
3664.27  3711.55  3684.35  3642.43  3636.84  3507.81  3632.53  3692.28  3668.7  3608.19  3642.01  3704.74  3590.34  3483.39  
4535.47  4489.31  4429.67  4532.81  4534.18  4512.91  4444.67  4526.42  4535.71  4450.99  4318.71  4405.45  4526.61  4147.04  
4263.36  4243.13  4228.95  4268.69  4266.75  4268.87  4195.94  4235.47  4148.61  4183.82  4222.43  4202.89  4268.85  3956.86  
4092.62  4117.27  4105.48  4117.92  4102.02  4046.74  4039  4073.57  4066.51  4019.95  4119.95  4090.67  4115.51  3842.58  
3407.55  3404.15  3407.07  3328.12  3304.5  3304.03  3345.79  3404.94  3390.25  3304.52  3319.67  3355.81  3277.69  3276.32  
