11713.6  11777.2  11727.1  11762.8  11733.9  11751.9  11759.9  11672.2  11765.3  11765.4  11774.4  11736.4  11764.8  11696.8  11171.1  10792.5  9454.73  8150.69  
12226.1  12208.4  12224.7  12209.5  12159.4  12207.3  12178.8  11986.9  12222.8  12207.2  12178.4  12152.4  12211.8  12192.7  9852.96  12063.9  8196.84  9584.48  
11672.7  11681  11651.2  11669.2  11663.1  11666.9  11685  11687.5  11671.6  11680.6  11685.9  11666.1  11689.4  11584.3  10966.1  10366.6  7734.09  9333.41  
11750  11770.9  11777.5  11817.6  11779  11816.5  11719.8  11732.1  11829.3  11781  11825.8  11789.4  11815.2  11748.2  10852.1  10835.2  8122.98  10723.9  
12101.2  12060.5  12022.3  11954.3  12031.9  12112.1  12020.6  12004.2  12067.8  12074.5  11946.7  12061.4  12082.4  11924.7  10482.7  11973.9  4937.34  10028.3  
11559  11550.7  11554.2  11550.1  11573.2  11557.4  11576.7  11588.1  11549.2  11570.4  11574.1  11575.6  11593.1  11452.3  10761.7  9837.45  6940.6  8928.81  
11848.1  11852.9  11846.5  11865.6  11846.3  11895.3  11813.4  11801  11898.8  11861.2  11870.3  11859.9  11886.2  11773.8  10767.7  11821.7  6867.63  10969.2  
12263.8  12253  12264.6  12253.7  12201.2  12247.2  12187.8  12029.2  12247.5  12247.9  12229.1  12197.2  12253.9  12167.8  10164.4  11452  8738.22  9917.31  
12152.2  12134  12131  12094.4  12094.1  12154.8  12112.4  11977.3  12152.7  12139.9  12071.4  12100  12145.5  12032.1  10077  11777.7  10910.9  9648.99  
11936.2  11936.5  11924.5  11936.4  11914.2  11968.3  11905.2  11854.3  11971.6  11939.8  11942.7  11926  11957.1  11813.4  11456.5  10185.8  6093.37  10573.4  
11208.1  11263.4  11255.1  11188.5  11299.6  11201.5  11058.9  11168.4  11158  11299.4  11236.8  11283.9  11295.1  11085.6  11025.5  8440.65  10606  4241.15  
11251.1  11309.5  11298.7  11241.1  11339.4  11253.7  11122.5  11272.3  11216.1  11340.4  11285.6  11326.6  11338.6  11134.8  10973.1  8640.53  9942.3  4696.51  
11318.8  11372.9  11367.4  11324.1  11402.2  11335.9  11240.3  11292.3  11306.3  11401.6  11363.2  11394  11407.1  11217.8  10890.3  8955.8  8309.78  5460.58  
11345.3  11400.5  11394.3  11356.5  11426.7  11368  11367.7  11321.9  11341.9  11427.3  11393.6  11420.3  11433.9  11248.2  10857.9  9079.02  7352.77  8236.24  
11444.3  11482.4  11494.8  11477.9  11518.5  11488.3  11491.2  11488.5  11472.5  11510.2  11506.6  11518.8  11534.1  11376.8  10736.8  9539.85  7559.96  6857.54  
12014.6  12016.7  12012.8  12032.3  11982.1  12031  11984.2  11884.7  12043.9  12013.5  12040.1  11985.7  12026.6  11880  11629.1  11500.2  6385.06  10423.9  
11672.7  11681  11651.2  11669.2  11663.1  11666.9  11685  11687.5  11671.6  11680.6  11685.9  11666.1  11689.4  11584.3  10966.1  10366.6  7734.09  9333.41  
11443.7  11505.6  11487.8  11470  11512.6  11477.5  11475.5  11519.5  11463.5  11520  11499.4  11510.2  11526.9  11364.4  10862.8  9538.44  6867.29  9623.64  
11935.2  11962.8  11911.2  11931.1  11905.4  11957.7  11935.5  11850.5  11965.6  11949.7  11934.6  11915.1  11947.5  11827.7  11326.4  10415.9  8756.43  9775.91  
12014.1  12036  12003.5  12028.9  11976  12023.6  12006.4  11882  12039.9  12020.9  12034.6  11978.1  12019.9  11890.6  11536  11671.7  8310.06  9847.44  
