6117.15  6112.42  6081.39  6128.18  6128.9  6075.41  6133.45  5916.94  4596.04  3874.26  5916.59  1602.47  5468.23  1387.56  1178.26  1546.02  
6935.49  7013.2  6985.39  7030.87  7002.76  6909.37  7005.18  6637.86  6057.43  138.153  4142.95  82.4036  4663.34  3331.46  4534.54  548.605  
6661.76  6607.01  6665.2  6656.03  6612.87  6641.81  6667.64  6502.7  3599.72  3123.37  3705.27  632.323  3700.6  64.5194  4466.87  4682.94  
6742.88  6698.11  6736.39  6762.64  6722.83  6717.29  6763.62  6663.15  4125.31  1954.46  5448.99  1195.91  5339.78  709.073  5006.66  1087.98  
7115.08  7235.16  7243.21  7232.35  7199.46  7088.23  7202.04  6808.2  6132.42  716.188  3682.34  1825.24  4378.31  3781.33  6364.88  798.867  
7074.72  7155.19  7183.09  7187.08  7155.26  7048.07  7157.83  6769.92  6152.44  258.709  5478.31  3637.21  4452.78  4847.33  6343.83  695.995  
6772.93  6755.27  6753.26  6848.57  6824.71  6748.78  6827.57  6483.71  5766.21  206.086  6171.83  922.674  4858.03  2769.93  5830.77  329.462  
6256.86  6271.02  6186.38  6271.84  6258.76  6277.13  6279.89  5994.95  3984  1541.42  6251.69  540.809  4643.89  482.585  4594.5  198.255  
6539.18  6501.58  6522.19  6552.37  6521.96  6536.61  6559.74  6117.11  3643.69  2509.99  6258.16  653.478  4236.07  66.8462  4833.99  92.8576  
6386.66  6377.52  6377.61  6417.42  6400.94  6405.66  6421.81  6118.05  3757.66  2185.87  6013.78  0.741146  4465.68  946.727  4847.64  298.477  
7817.34  7960.32  7988.9  7837.38  8006.71  8014.87  8002.84  6887.98  6992.37  286.766  206.041  6555.87  7002.92  5442.1  6769.05  1521.6  
7740.43  7777.48  7805.97  7749.67  7833.08  7834.02  7798.74  6597.97  7806.61  31.7804  97.1368  3735.64  3251.7  4932.16  7001.57  1364.52  
7414.36  7401.45  7426.22  7373.67  7337.42  7387.28  7340.09  6927.67  6179.69  1413.3  2314.47  1609.13  4184  4127.4  6091.45  993.897  
7603.81  7619.5  7643.69  7543.33  7549.44  7641.9  7505.65  7071.12  6727.68  1292.23  743.289  3723.26  3968.96  4351.59  6047.35  1214.28  
5936.83  5945.41  5857.52  5940.84  5953.13  5875.4  5945.84  5807.23  5075.75  3992.39  5752.96  2409.76  5908.1  1947.9  382.298  2589.75  
7880.56  8087.51  8117.04  7916.1  8103.21  8146.79  8100.48  7386.32  6824.8  271.952  49.0982  7997.97  8129.66  6066  6327.29  1632.81  
5936.83  5945.41  5857.52  5940.84  5953.13  5875.4  5945.84  5807.23  5075.75  3992.39  5752.96  2409.76  5908.1  1947.9  382.298  2589.75  
7579.3  7575.91  7603.76  7581.38  7592.84  7602.65  7573.49  7044.94  7415.01  167.86  938.664  1922.17  2448.01  4482.85  6359.52  1167.87  
7883.85  8071.05  8100.44  7917.34  8119.1  8134.06  8117.64  6899.72  6957.91  233.456  46.2009  6667.46  7919.11  5857.65  6847.18  1621.89  
7740.43  7777.48  7805.97  7749.67  7833.08  7834.02  7798.74  6597.97  7806.61  31.7804  97.1368  3735.64  3251.7  4932.16  7001.57  1364.52  
