5506.63  5563.68  5561.62  5528.06  5549.73  5550.62  5570.45  5556.6  5533.03  5521.91  5559.96  5558.07  5503.09  5510.78  5456.8  5504.85  5480.62  5146.05  5249.78  5563.9  4402.01  2025.11  5519.84  5.11518e-006  
5568.35  5547.03  5635.24  5596.15  5607.11  5611.79  5634.67  5642.45  5599.09  5597.88  5618.95  5631.35  5560.12  5556.58  5576.36  5558.03  5438.86  5172.73  5549.21  2925.31  2448.05  3525.76  1785.89  3362.2  
5527  5555.81  5585.28  5550.94  5569.01  5571.2  5592.02  5585.42  5555.45  5547.41  5579.8  5582.69  5522.26  5526.15  5497.05  5522.7  5465.72  5155.01  5351.14  4646.7  4103.06  2575.32  4174.88  997.207  
5147.1  5152.5  5079.71  5084.85  5041.89  5077.73  5130.71  4996.03  5146.9  5105  5142.93  5118.06  5138.21  5143.9  5068.13  5114.27  5120.81  4937.81  5009.98  4746.34  2354.71  1414.26  1187.73  171.978  
5076.45  5098.97  4924.22  4988.35  4996.11  5026.06  5046.91  4945.76  5101.71  4997.98  5097.66  5049.44  5078.63  5076.8  5022.88  5088.26  4943.1  4900.48  5095.93  971.957  3771.46  3412.16  4934.9  2080  
5446.46  5469.31  5462.77  5470.98  5501.94  5500.46  5516.63  5484.43  5486.71  5458  5511.56  5496.8  5455.42  5471.87  5359.7  5460.28  5471.94  5123.75  5030.35  5451.15  5162.16  3006.91  5354.36  1272.38  
5017.37  5042.86  4876.89  4957.03  4892.84  4960.05  4975.14  4816.47  4994.78  4986.05  5040.23  4984.56  5023.41  5017.29  4977.38  5041.68  4899.47  4867.04  4984.67  1115.33  3832.09  3179.39  4398.39  1448.04  
5165.29  5232.31  5075.15  5094.26  5084.29  5171.42  5226.04  5136.06  5230.57  5211.71  5225.88  5206.28  5213  5223.86  5129.91  5169.36  5207.63  4982.83  4145.85  4435.93  2400.16  1535.91  3909.25  439.337  
5329.66  5359.57  5143.38  5275.49  5290.82  5323.44  5368.48  5323.52  5370.49  5299.11  5362.2  5341.84  5327.38  5344.91  5225.28  5340.42  5263.05  5051.2  3858.15  3031.2  3457.2  3195.33  4295.51  1141.84  
5161.02  5208.55  5078.48  5059.91  5072.57  5143.52  5197.94  5093.55  5205.99  5183.79  5201.06  5180.15  5190.87  5200.24  5111.59  5152.92  5183.45  4969.53  4417.69  4418.64  2345.59  1452.42  3934.53  331.771  
5297.13  5294.82  5113.46  5274.63  5181.59  5244.58  5298.03  5243.95  5298.78  5267.38  5291.85  5273.87  5270.16  5284.69  5177.24  5251.21  5254.94  5017.14  3965.6  4229.02  2860.15  2115.87  3951.96  785.11  
5379.9  5568.07  5471.05  5649.81  5619.57  5636.31  5662.66  5663.39  5625.01  5608.13  5645.45  5667.08  5586.29  5573.76  5652.92  5558.35  5385.19  5182.31  5642.23  1225.37  2743.46  2795.45  5430  2135.23  
5412.15  5426.59  5176.98  5421  5422.01  5431.07  5452.73  5392.35  5418.59  5368.72  5452.71  5429.21  5400.31  5419.48  5284.79  5381.17  5450.56  5093.82  4748.04  4746.55  5098.78  2615.67  5083.35  812.76  
4977.08  5006.01  4845.7  4942.41  4823.29  4917.34  4927.89  4723.83  4922.05  4991.16  5002.54  4941.89  4987.09  4978.13  4947.46  5009.24  4871.97  4845.04  4900.01  1220.49  3809.88  2975.97  4075.97  1860.59  
4927.51  4958.92  4806.21  4909.47  4736.38  4860.63  4867.77  4618.74  4831.23  4940.02  4954.22  4887.48  4940.79  4928.25  4909.27  4969.01  4832.28  4817.02  4788.12  1348.8  4061.96  3017.11  3584.67  218.075  
5611.7  5609.86  5704.49  5638.1  5642.05  5648.59  5674.12  5695.29  5633.55  5644.62  5654.49  5676.3  5595.09  5585.05  5647.91  5590.57  5442.03  5189.06  4212.4  2848.61  2222.52  2941.41  1719.12  2425.27  
5380.24  5370.51  5146.27  5369.79  5293.03  5334.93  5383.12  5356.73  5381.34  5322.74  5372.74  5354.69  5338.37  5356.92  5234.1  5346.38  5291.48  5057.93  3702.8  3451.19  3429.21  4812.55  4157.55  1193.48  
5295.48  5293.79  5112.92  5272.48  5180.03  5243.35  5296.86  5242.29  5297.66  5266.53  5290.75  5272.76  5269.23  5283.69  5176.46  5249.88  5254.29  5016.58  3968.93  4235.94  2852.48  1951.61  3950.23  779.468  
5410.88  5424.16  5175.87  5418.72  5416.52  5426.93  5449.69  5390.67  5416.8  5366.63  5449.25  5425.95  5397.61  5416.78  5282.39  5379.59  5448.65  5092.26  4703.76  4809.02  5031.87  2637.62  5052.26  827.021  
5446.46  5469.31  5462.77  5470.98  5501.94  5500.46  5516.63  5484.43  5486.71  5458  5511.56  5496.8  5455.42  5471.87  5359.7  5460.28  5471.94  5123.75  5030.35  5451.15  5162.16  3006.91  5354.36  1272.38  
