3330.03  3506.57  3599.49  3604.29  3600.08  3535.83  3460.42  3596.34  3594.23  3604.93  3441.76  3528.49  3606.55  3600.89  
3546.19  3666.64  3828.93  3776.11  3750.02  3762.75  3705.55  3770.78  3807.51  3817.2  3653.66  3732.82  3813.3  3747.54  
4235.62  4230.77  4307.06  4374.39  4326.22  4319.86  4388.37  4372.49  4402.64  4410.41  4332.89  4305.6  4257.68  4026.45  
4292.59  4297.81  4323.75  4307.73  4217.5  4252.12  4323.69  4323.01  4313.93  4322.04  4318.78  4219.98  4160.56  3896.93  
3794.92  3726.17  3972.26  3931.42  3795.44  3925.21  3719.3  3919.19  3966.48  3975.43  3990.94  3885.37  3973.54  3790.94  
4065.31  3967.07  4086.81  4056.59  3945.82  4034.08  3952.43  4089.86  4074.64  4083.19  4058.9  3989.26  4059.78  3819.95  
3221.17  3294.47  3312.16  3352.16  3348.93  3264.91  3262.62  3331.25  3335.84  3347.75  3195.39  3280.82  3353.75  3294.55  
3204.66  3205.11  3257.81  3301.48  3306.36  3211.33  3204.96  3288  3286.05  3298.19  3149.27  3233.13  3305.27  3236.82  
3622.37  3574.9  3795.83  3771.71  3651.77  3759.46  3566.19  3663.17  3803.05  3812.77  3559.53  3728.48  3803.1  3438.82  
3399.91  3552.34  3656.08  3619.84  3593.72  3593.99  3639.12  3623.56  3647.33  3657.77  3470.9  3579.32  3657.55  3547.9  
4038.58  3942.68  4072.27  4150.66  4101.17  4126.82  4197.57  4195.08  4187.56  4195.54  4186.3  4098  4205.87  3976.68  
3107.18  3194.35  3139.17  3180.92  3202.73  3104.95  3093.75  3169.77  3181.71  3194.34  3064.39  3133.05  3202.78  3155.76  
4463.73  4508.92  4501.59  4507.86  4435.08  4427.97  4513.53  4487.13  4513.33  4521.12  4444.7  4412.39  4485.51  3980.27  
3041.54  2981.15  2972.82  3019.29  3049.73  2948.14  2972.23  3017.23  3031.85  3045.18  2944.24  2989.4  3056.21  2997.94  
3285.23  3248.07  3441.83  3428.13  3460.91  3383.53  3333.14  3460.76  3450.74  3462.11  3321.35  3390.99  3466.55  3438.09  
2908.92  2908.77  2799.48  2870.43  2902.56  2791.94  2820.91  2844.55  2879.4  2893.43  2820.52  2843.19  2906.44  2849.47  
2908.06  2908.3  2798.36  2869.47  2901.61  2790.94  2819.93  2843.43  2878.42  2892.45  2819.72  2842.25  2905.47  2848.51  
3012.1  3045.84  2969.03  3017.41  3050.78  2947.65  2957.76  3008.04  3029.98  3043.3  2942.08  2987.57  3054.1  3004.87  
4468.54  4511.11  4500.56  4500  4423.68  4420.37  4505.19  4480.9  4503.82  4511.64  4504.18  4403.21  4482.81  3969.14  
3878.91  3802.04  3964.36  3936.71  3822.08  3918.51  3789.89  3910.3  3960.35  3969.39  3848.75  3879.52  3951.76  3659.56  
