3785.92  3771.88  3643.82  3699.3  3683.78  3767.89  3578.88  3774.6  3594.12  3612.94  3635.8  3682.44  3742.14  3619.83  
3213.34  3100.85  3022.05  3216.81  3120.52  3210.53  3164.44  3229.9  3116.52  3155.12  3193.3  3106.9  3145.22  3103.72  
2898.65  2777.19  2647.18  2935.08  2851.79  2904.01  2924.23  2931.97  2907.19  2941.03  2935.23  2791.87  2850.05  2659.65  
4254.26  4207.97  4136.83  4163.49  4191.94  4242.32  4179.84  4234.51  4087.08  4181.17  4247.8  4160.74  4115.11  3997.52  
3719.39  3709.8  3601.54  3677.31  3641.19  3703.29  3621.28  3706.52  3537.6  3647.56  3540.08  3614.42  3684.42  3637.17  
4444.89  4359.7  4394.6  4367.85  4442.58  4455.33  4276.12  4418.02  4229.63  4394.22  4454.26  4358.46  4264.32  4133.96  
4333.26  4270.64  4251.67  4250.98  4295.91  4332.26  4287.91  4309.92  4264.6  4264.07  4336.47  4242.67  4180.72  4017.15  
4148.09  4124.96  3989.25  4054.9  4053.56  4123.01  4148.08  4132.76  4009.42  4068.96  4137.58  4050.63  4028.43  3925.84  
3871.13  3860.54  3720.84  3701.3  3752.56  3850.75  3422.17  3858.37  3680.94  3700.16  3700.59  3768.7  3679.97  3784.38  
3524.88  3473.57  3383.11  3530.8  3439.56  3513.9  3449.49  3522.96  3293.44  3377.51  3366.02  3419.19  3515.67  3362.61  
3564.48  3522.56  3429.48  3562.09  3481.95  3552.47  3405.58  3560.03  3515.99  3440.51  3399.97  3458.86  3549.5  3423.48  
3374  3281.96  3211.66  3380.27  3274.07  3366.99  3285.49  3381.25  3335.04  3276.91  3302.89  3267.8  3315.99  2943.91  
3065.71  2952.89  2846.38  3089.59  2998.59  3066.73  3053.72  3089.86  3066.85  3057.7  3069.96  2959.1  3011.15  2594.99  
2845.23  2720.15  2583.92  2884.68  2804.03  2851.99  2884.16  2881.48  2861.25  2903.02  2895.02  2738.38  2798.38  2605.37  
4519.53  4417.23  4515.24  4448.29  4539.72  4542.67  4427.05  4488.16  4517.49  4460.71  4536.58  4435.85  4333.67  4110.35  
4005.85  4011.52  3792.01  3898.68  3866.05  3963  4008.95  3996.19  3892.44  3912.25  3979.08  3903.09  3915.34  3850.95  
3341.53  3313.3  3175.24  3346.42  3239.55  3335.38  3284.34  3350.64  3283.53  3242.35  3290.44  3342.83  3351.52  3281.21  
3088.04  2972.33  2874.96  3105.59  3014.36  3088.49  3077.08  3110.96  3110.27  3070.02  3101.19  2981.38  3107.81  3045.3  
4005.68  4011.39  3791.78  3898.52  3865.84  3962.82  4008.99  3996.03  3892.33  3912.08  3978.93  3902.92  3915.2  3850.82  
4516.34  4414.69  4510.93  4444.88  4535.53  4539.1  4425.44  4485.09  4515.1  4457.15  4533.13  4432.55  4331.17  4108.07  
