5298.35  5402.19  5408.33  5373.47  5390.16  5425.85  5380.87  5346.23  5404.2  5403.92  5309.22  5426.13  5247.01  5422.81  5412.49  5381.05  5222.45  5079.19  3829.55  3589.46  3530.08  3257.51  899.864  3169.35  
5117.37  5143.7  5174.04  5170.97  5190.09  5181.57  5152.49  5083.2  5159.15  5193.34  5120.78  5172.36  5080.11  5178.7  5144.28  5184.92  5158.49  5077.11  5022.34  5035.94  321.806  882.422  2606.02  417.056  
5077.35  5064.75  5122.64  5124.92  5117.58  5139.26  5109.92  5029.44  5108.97  5147.64  5113  5127.33  5042.73  5132.09  5095.23  5137.42  5103.9  5041.25  5037.29  5056.59  224.518  1629.59  1926.99  307.336  
5297.74  5286.35  5201.68  5247.11  5286.71  5296.03  5254.56  5207.51  5277.93  5296.78  5160.59  5292.06  5154.46  5295.01  5271.11  5272.22  5171.8  5091.87  4137.12  4864.64  4043.85  1750.91  853.55  2139.59  
5064.01  5187.84  5203.04  5189.78  5218.33  5203.76  5178.41  5112.33  5186.16  5216.4  5116.52  5196.45  5100.8  5203.73  5170.58  5211.51  5196.71  5097.96  5049.34  4698.5  3673.08  234.373  3058.14  1492.87  
5296.21  5305.4  5245.79  5265.1  5302.82  5316.82  5274.17  5229.59  5298.2  5314.05  5183.35  5313.53  5168.85  5315.45  5293.74  5288.66  5176.78  5090.45  4125.81  4519.05  1333.2  2027.16  951.336  2313.87  
5490.35  5517.66  5557.49  5559.25  5552.02  5618.4  5635.01  5580.38  5586.76  5542.56  5634.38  5624.08  5463.44  5608.93  5624.82  5585.18  5508.83  5169.88  3761.03  5555.61  3709.84  4157.13  511.69  2709.8  
5246.58  5228.24  5198.23  5217.61  5247.04  5244.92  5211.66  5153.8  5226.28  5251.65  5139.79  5238.99  5123.52  5243.97  5215.17  5237.59  5178.47  5089.04  4596.62  4833.12  3271.61  1519.62  759.525  2394.33  
5293.34  5433.91  5324.69  5469.73  5439.51  5477.59  5444.47  5404.18  5452.81  5443.42  5402.25  5479.52  5293.68  5473.87  5468.92  5444.34  5307.89  5061.49  3200.14  5371.28  2507.91  3253.76  160.869  3733.11  
5351.92  5461.43  5425.43  5510.84  5478.01  5523.18  5502.47  5458.64  5495.74  5475.51  5489.9  5525.21  5343.5  5519.28  5517.8  5494.29  5430.41  5029.34  3407.59  5448.26  1868.46  3194.92  5341.29  3414.1  
5681.09  5550.26  5715.68  5697.64  5597.65  5682.93  5753.64  5706.99  5691.67  5598.58  5762.02  5762.87  5589.39  5658.9  5718.42  5615.92  5598.09  5024.03  3818.58  5502.04  4557.37  4120.9  1311.79  1099.13  
5639.91  5547.02  5714.39  5671.34  5592.17  5671.4  5735.07  5683.01  5669.97  5589.44  5722.96  5733.72  5566.46  5662.51  5702.51  5612.19  5546.83  5072.34  3849.9  5733.17  4524.32  4153.49  1113.96  1491.16  
5602.29  5540.42  5678.11  5642.56  5582.83  5657.58  5710.48  5657.28  5648.92  5578  5694.47  5705.8  5540.69  5649.04  5683.35  5605.28  5524.59  5095.98  3795.62  4969.24  4488.58  4219.66  963.797  1809.65  
5292.76  5365.69  5172.58  5321.93  5351.73  5378.89  5330.21  5294.44  5359.17  5366.84  5225.39  5377.81  5208.35  5376.84  5361.36  5336.87  5183.37  5080.41  3969.82  5056.52  3824.28  2843.91  1112.42  2830.71  
5299.32  5366.55  5376.2  5320.77  5353.62  5382.28  5335.51  5299.07  5362.21  5368.68  5251.76  5381.15  5213.75  5379.89  5365.02  5340.06  5190.82  5086.28  4046.42  3503.96  3885.79  2887.35  1054.16  2789.36  
5426.27  5494.73  5530.05  5551.89  5523.32  5577.68  5575.26  5526.28  5547.93  5514.4  5580.95  5581.2  5407.3  5573.02  5578.07  5551.09  5535.08  5024.08  4289.8  5543.4  1835.14  3384.64  1936.82  3021  
5848.12  5588.18  5901.75  5820.6  5649.91  5751.53  5871.97  5826.53  5787.98  5655.51  5886.41  5885.99  5707.95  5727.27  5811.51  5660.24  5676.72  4943.03  4008.34  5686.14  5195.91  4107.98  1900.92  756.485  
5813.69  5582.17  5868.1  5794.09  5641.4  5738.9  5849.41  5802.96  5768.71  5645.05  5860.45  5860.4  5684.31  5714.69  5793.97  5654.01  5656.63  4964.52  3956.22  4925.36  5169.13  4172.88  1763.14  89.1275  
5780.59  5586.94  5831.61  5758.43  5646.95  5736.35  5835.91  5787.61  5756.53  5642.76  5822.59  5836.75  5665.05  5705.85  5787.01  5667.44  5593.72  5023.36  3766.23  5544.22  5269.78  4393.76  1563.49  455.857  
5092.07  5039.35  5096.26  5109.25  5087.64  5131.42  5100.57  5016.32  5097.1  5135.94  5113.92  5118.73  5031.79  5122.02  5085.32  5122.73  5074.04  5021.26  4911.15  5005.47  1102.75  2329.31  885.974  866.474  
