215.924  217.7  267.471  271.434  259.516  171.565  247.925  271.027  259.171  222.704  225.754  167.093  259.241  238.578  266.241  111.621  
55.2704  69.4174  75.6796  79.0707  75.0572  47.6296  73.7962  73.3636  78.1068  70.3464  68.736  40.8564  63.1665  63.9436  76.0289  28.6766  
38.7518  47.4432  56.9892  56.4826  37.0601  34.7431  38.0973  50.6669  54.9269  56.2583  55.8783  28.9023  19.9858  40.5303  55.7506  21.9581  
23.5019  40.0951  37.7538  41.0317  38.5814  23.1219  39.363  34.2765  42.3022  40.2184  37.6865  15.8938  24.3937  29.4105  38.4153  12.2747  
4.88372  25.4514  20.9012  23.3253  25.1866  12.6765  24.8769  18.0607  25.6099  25.3649  23.1458  8.57702  9.45835  16.2896  21.655  5.97908  
6.17119  20.8423  14.9897  17.3769  19.5686  8.8672  19.5293  11.9959  20.0103  20.6337  18.2883  4.77662  3.46984  10.9603  15.7911  3.44632  
5.0267  16.9023  11.9185  13.5905  16.3904  7.30267  16.2977  9.86066  16.371  16.7289  15.0721  4.03422  1.93184  3.63933  12.6686  3.01435  
4.67404  13.5641  9.28731  10.3522  13.4285  5.95546  13.6723  8.02692  13.2688  13.4184  12.3258  3.4434  0.945016  0.47109  9.99693  2.63486  
3.43123  10.8589  7.26109  7.81734  8.58939  4.94189  11.0032  6.65343  10.8151  10.7461  10.1701  2.72424  0.861734  4.9295  7.9228  2.39037  
2.29157  6.26893  3.71277  3.42167  1.97678  3.14091  7.02498  4.20794  6.58889  6.20085  6.43832  1.74421  0.0252115  3.77649  4.30874  1.9111  
1.8505  4.71374  3.01899  3.84735  0.775313  4.25028  5.43358  1.17881  5.125  0.985193  5.42568  0.267265  3.69267  2.26533  2.50252  1.51337  
1.33039  3.5153  2.16443  2.76117  4.0333  3.08603  4.02458  1.5543  3.78092  1.58768  3.9771  0.00198662  2.4385  1.61643  0.0299693  1.83555  
1.00085  2.65644  1.62764  2.07528  2.79234  2.32451  2.82386  1.12729  2.85425  1.14512  2.58671  0.0264826  1.80506  0.923163  0.0320932  1.34065  
0.625248  1.65918  1.01683  1.29653  1.75357  1.45097  1.79157  0.706857  1.78279  0.695479  1.68586  0.0249212  1.12953  0.653436  0.018208  0.84022  
0.292931  0.777614  0.476373  0.607409  0.817157  0.679676  0.846082  0.330501  0.835461  0.322806  0.803278  0.0169505  0.52792  0.324741  0.00864029  0.393418  
0.000231035  0.000733364  0.000370966  0.00050355  0.000420173  0.000470639  0.00101898  0.000196719  0.000721707  0.000523687  0.00113062  2.78254e-005  0.000415793  0.00028084  0.000227241  0.00104778  
0.464708  1.23278  0.755767  0.963712  1.31261  1.0778  1.34122  0.527456  1.32471  0.508568  1.28058  0.0184617  0.84003  0.51217  0.0124979  0.626644  
0.698544  1.85404  1.13601  1.44846  1.95162  1.62117  2.00114  0.788395  1.99209  0.775975  1.88529  0.0289137  1.25922  0.7321  0.0206393  0.937351  
0.741738  1.96945  1.20621  1.53789  2.05584  1.72189  2.12155  0.833987  2.11591  0.827068  1.99194  0.034926  1.33623  0.771587  0.0229848  0.99226  
5.52601  18.6646  13.3007  15.2903  17.4711  8.00866  17.6945  10.8256  18.0033  18.4765  16.5159  4.34284  2.75714  9.01384  14.0723  3.21317  
