11997.7  12096.9  12029.9  12128.9  12069.4  12095.3  12135.2  12118.4  12011.3  11988.8  12107.9  12130.3  12036.4  12128.6  10214.8  10314.1  6672.19  7180.9  
11690.4  11729.8  11645.7  11698.4  11732.6  11735.6  11739.3  11629.6  11733.7  11740.5  11726.9  11740.8  11724.9  11572.8  10973.4  11492.7  6086.61  7593.55  
12363.6  12384.9  12392.5  12406  12404.5  12337.8  12329.1  12342.5  12323.3  12386.5  12382.1  12363.9  12354.9  12346.5  11145.5  7274.82  10482.9  4111.06  
11410  11414.2  11381.3  11327.7  11189.9  11307.6  11418.5  11420.5  11188.4  11264.9  11345.7  11416  11366  11339.6  10975.8  11160.2  6965.11  10125.4  
11788.3  11798.8  11714.6  11782.3  11798.7  11809  11815.9  11736.3  11788.4  11785.2  11789.7  11818.2  11787  11694  10813.1  11255.4  7058.22  7523.77  
12015.5  12010.2  11932.2  12031  12000.2  12020.8  12045  12020.2  11959.8  11932.7  12010.5  12045  11971  12014.1  10372.8  11834  6769.39  5426.66  
12262  12312.4  12235  12338.4  12311.2  12281.8  12286.1  12245.6  12233.5  12214.9  12282.3  12258.8  12257.2  12083.2  11641.1  8036.89  8439.35  5196.65  
12513.4  12496.9  12454.7  12525.2  12528  12446.2  12368.1  12443.7  12476  12519.3  12515.3  12482.6  12485.3  12354.9  10672.1  7184.38  10599.9  6426.03  
12128.6  12200.6  12202.9  12238.7  12196.4  12174.2  12222.5  12200.3  12110.7  12160.2  12156.4  12210.9  12152.5  12219.2  11207  9329.57  9185.72  4640.64  
12844.6  12784.9  12701.5  12814.6  12806.3  12704.3  12496.5  12715  12798.5  12829.9  12812.2  12788.6  12763.4  12459  12237.9  7344.31  9983.44  4549.39  
12793.5  12736  12667.5  12774.2  12764.2  12660.3  12475.1  12671.2  12748.1  12790.1  12767.6  12739.6  12722.6  12431.4  12190.1  7322.23  9852.55  6403.93  
12657.7  12606.8  12494  12657.8  12648.6  12550.5  12494  12540.6  12619.8  12649.2  12645.5  12597.5  12610.3  12275.9  10653.5  7478.92  9207.82  8649.46  
11342.3  11365  11337.3  11081.7  11108.5  11226.3  11372.3  11371.8  11149.1  11187.2  11326.1  11371.6  11316.3  11251.3  10895.9  10943  6910.58  10408.4  
11514.3  11517.7  11473.2  11401.4  11358.9  11461.8  11519.6  11506.4  11315.6  11419.7  11421.4  11515.8  11474.6  11470  11055.4  11405.5  6805.87  9475.7  
11862.7  11907.6  11825.2  11909.2  11908.1  11918.9  11933.5  11875  11886.4  11867.1  11910.5  11934.7  11883.9  11847.9  10596.4  10933.9  6307.88  7306.11  
11581.9  11636.4  11567.3  11557.9  11590.2  11624.2  11637.3  11539.9  11628.9  11629.1  11597.1  11634.8  11618.6  11493.8  11114.5  11640.8  4293.44  8220.57  
12678.2  12643.2  12593.7  12667.7  12667  12575.6  12673.9  12583.7  12635.3  12677.6  12663.3  12639.1  12623.2  12455.4  11160.8  7300.2  10880  4822.06  
12506.6  12507.2  12522.6  12512.6  12523  12449  12302.3  12461.3  12465.6  12520.4  12508.5  12496.4  12475.7  12499.7  11823.4  7023.17  12038.5  116.036  
11862.7  11907.6  11825.2  11909.2  11908.1  11918.9  11933.5  11875  11886.4  11867.1  11910.5  11934.7  11883.9  11847.9  10596.4  10933.9  6307.88  7306.11  
11581.9  11636.4  11567.3  11557.9  11590.2  11624.2  11637.3  11539.9  11628.9  11629.1  11597.1  11634.8  11618.6  11493.8  11114.5  11640.8  4293.44  8220.57  
