3908.65  3829.98  3625.3  3870.19  3766.92  3871.29  3907.09  3637.42  3905.54  3852.56  3906.12  3859.08  3912.18  3912.77  
3140.38  3227.07  3177.16  3227.3  3178.23  3250.39  3203.01  3083.58  3261.86  3251.32  3258.11  3188.5  3220.72  3107.91  
4094.29  4429.3  4353.06  4458.32  4373.4  4434.54  4478.76  4408.03  4491.09  4275.09  4499.42  4473.19  4110.9  4177.91  
4184.34  4069.59  4010.85  4156.61  4037.75  4138.93  4144.7  4161.08  4177.24  4092.72  4185  4171.59  4063.48  4164.07  
3270.36  3373.27  3250.26  3469.13  3405.87  3486.04  3344.46  3214.27  3506.31  3491.75  3528.54  3434.43  3460.29  3246.75  
2998.21  2979.7  2992.43  2918.18  2895.44  2949.5  2738.83  2948.42  2958.4  2971.74  2990.28  2852.12  2916.37  2503.99  
3916.09  3877.08  3687.26  3922.52  3817.68  3921.39  3933.41  3709.54  3956.59  3895.05  3958.29  3917.77  3938.67  3961.32  
2988.54  3284.9  3226.78  3297.13  3241.88  3318.37  3341.18  3112.6  3329.79  3312.55  3357.71  3266.4  3289.7  3264.97  
4200.11  4558.41  4446.5  4548.38  4469.65  4520.87  4589.77  4545.36  4584.24  4322.14  4589.26  4562.18  4179.24  4231.29  
3127.87  3371.83  3283  3404.63  3340.05  3422.97  3465.29  3160.3  3435.79  3410.94  3461.77  3381.52  3394.84  3469.66  
3516.2  3529.8  3414.51  3609.83  3529.07  3622.06  3660.96  3282.07  3638.26  3646.11  3659.71  3599.61  3580.59  3094.58  
2962.97  3110.5  3108.82  3055.9  3018.72  3083.45  3068.63  2998.19  3090.24  3085.24  3122.18  3010.5  3051.14  2926.27  
3707.74  3646.56  3510.43  3747.45  3653.67  3753.64  3781.24  3418.11  3781.87  3766.61  3788.79  3712.6  3661.02  3721.19  
4002.44  4028.23  3863.83  4081.77  3969.66  4073.82  4078.09  4091.21  4111.6  3987.1  4114.19  4100.94  3863.23  4112.41  
4334.8  4174.22  4307.3  4312.14  4187.95  4283.16  4286.9  4330.21  4323.01  4268.06  4340.27  4330.32  4005.52  4296.52  
2886.37  2891.03  2891.19  2886.16  2780.12  2828.34  2414.61  2894.04  2891.68  2861.42  2871.72  2710.85  2790.49  2679.16  
4335.6  4172.82  4307.12  4311.36  4186.95  4282.35  4285.85  4329.83  4322.11  4268.02  4339.42  4329.57  4004.95  4297.24  
2886.37  2891.03  2891.19  2886.16  2780.12  2828.34  2414.61  2894.04  2891.68  2861.42  2871.72  2710.85  2790.49  2679.16  
3099.64  3144.74  3124.81  3112.6  3072.03  3138.7  3084.08  3028.23  3147.73  3142.88  3133.84  3067.58  3107.62  2953  
3600.72  3563.82  3401.92  3607.77  3666.79  3619.19  3665.38  3412.48  3636.93  3628.02  3656.09  3601.12  3615.52  3580.42  
