12316  12262.6  12210  12183.3  12276.2  12194  12152.5  12300.1  12325.7  12310.7  12281.6  12262.3  12264.6  12282.6  10249.8  10829.1  7305.89  9157.13  
12250.4  12203  12143.8  12197.6  12237.6  12138.3  12263.6  12224.1  12247.9  12257.6  12227.2  12259  12247.5  12221.9  10152.3  10180.2  8006.41  10298.3  
12491.2  12488.5  12392.7  12374.4  12465.8  12402.1  12329.5  12496.6  12503.9  12447.2  12399.8  12499.4  12455.7  12395.2  10851.2  10475.4  6930.55  7998.8  
12352.8  12535.2  12399.5  12512.7  12530  12456.7  12320  12508.2  12529  12393.5  12427.3  12544.7  12249.7  12383.8  10828.7  10542.1  6685.64  9414.1  
11774.2  11725.7  11677.3  11611.6  11664.1  11758.7  11621.4  11710.5  11735.5  11696.2  11748.3  11770.6  11726.2  11669.7  11152.8  10484  7777.16  4776.47  
12550.9  12657.9  12500.2  12658.6  12644.8  12567.9  12398.7  12603.5  12619.3  12454  12492.8  12668  12411.9  12427.5  11112.1  10283.6  7006.79  9040.93  
11675.5  11639.1  11630.2  11508.3  11559.4  11668  11524.7  11605.2  11634.8  11552.6  11637.9  11661.5  11520.4  11573.8  11550.9  9477.82  7558.83  4286.55  
11893.4  11807.5  11862.5  11781.9  11726.4  11875  11768.2  11832.9  11895.1  11844.2  11890.6  11753.7  11730.2  11772.8  11511.1  10871  7994.59  2350.29  
11521.8  11499.4  11404.2  11415.9  11446.2  11505.6  11282.4  11513.6  11360.8  11531.4  11453.9  11520.9  11477.1  11337.5  11361.3  9805.54  7317.52  4620.6  
12035.3  11923.5  12031.3  11963  11898.5  11963.5  11933.1  11968.4  12039.4  12035  12047.9  11886.8  11810.5  11944  10664.7  11366.8  8210.62  4531.07  
11506  11485.7  11386  11393.4  11435  11485.1  11505.4  11504.6  11342.8  11506.4  11436  11504.8  11458.8  11326.7  11349.5  8822.96  7524.91  4923.49  
12021.4  11919.4  11970.7  12008.7  11929.6  11932.5  11913.1  11947.3  11998.4  12028.3  12026.2  11959.9  11879.6  11946.3  11732.3  10355  8404.3  6841.84  
12690  12698.2  12644.3  12663.2  12661.6  12586.7  12675.7  12646.6  12663.5  12565.2  12512.9  12729.6  12475.2  12464.6  10557.4  10237.5  6245.39  5161.84  
11911.6  11841.1  11792.4  11787.8  11819.1  11864.7  11769.8  11848.5  11875.4  11888.7  11901.5  11909.4  11908.1  11818.6  10473.1  10546.2  8079.66  6128.96  
11656.9  11619.8  11558.6  11550.8  11553.7  11652.9  11590.1  11651.4  11557.5  11637.8  11578.2  11653.5  11600.9  11499.4  11360.9  9007.55  9305.19  3420.79  
12160.3  12109.3  12042  12120.1  12164.8  12037.1  12181.3  12145.3  12164.8  12181.7  12175.7  12150.5  11968.3  12172.3  9998.17  10243  6580.79  10854.3  
11399.8  11391.9  11257.5  11258.4  11359  11357.2  11394.9  11378  11194.9  11398.7  11387.4  11400.9  11366.7  11218.4  11250  9401.57  6241.45  7003.88  
12763.3  12737.4  12679.3  12708.6  12697.8  12621.7  12705.7  12677.5  12692.7  12587.7  12533.8  12769.3  12527.5  12479  10633.7  10149.3  6377.15  4951.04  
12378.4  12354.8  12276.1  12291.5  12358.9  12278.5  12298.6  12368.9  12383.9  12358.4  12319  12386.7  12358.1  12314  9682.36  10337.1  7434.68  9076.31  
12148.2  12094.4  12036.3  12108  12143.1  12030.3  12169.2  12130.7  12151.7  12168.2  12162.8  12132.7  11963.1  12151.8  10017.7  10262.5  6614.07  10394.4  
