4309.92  4256.61  4245.35  4271.16  4272.75  4288.77  4213.01  4305.4  4308.13  4243.75  4263.96  4278.03  4294.02  4169.32  
3410.79  3373.94  3383.79  3327.33  3349.4  3355.9  3392.17  3293.35  3406.37  3134.62  3318.42  3338.47  3392.24  3410.33  
3465  3436.55  3430.11  3381.35  3370.45  3406.87  3445.68  3344.62  3464.22  3171.2  3351.8  3387.29  3444.75  3465.16  
4148.37  3959.31  4098.94  4160.21  4105.07  3743.51  4105.32  4162.49  4158.89  4078.85  4022.9  4137.99  4167.09  4075.4  
4053.42  3873.81  3984.99  4055.48  4013.47  3577.74  4013.66  4061.1  4064.13  3965.96  3964.72  4009.81  4064.18  4043.25  
3218.91  3155.62  3176.19  3136.84  3176.47  3182.48  3202.75  3116.64  3204.59  3008.8  3224.96  3165.1  3206.19  2963.41  
3971.4  3807.94  3916.44  3967.65  3859.86  3979.82  3934.33  3973.74  3955.54  3874.98  3942.12  3984.13  3974.44  3877.8  
4405.41  4378.48  4360.96  4370.44  4381.53  4384.71  4304.13  4408  4408.51  4363.66  4401.13  4357.45  4397.14  4078.73  
3251.22  3189.93  3248.65  3167.89  3220.77  3205.72  3234.72  3142.01  3236.18  3024.87  3221.15  3197.52  3237.58  3240.29  
4200.81  4006.54  4161.87  4218.05  4155.66  3835.07  4155.94  4218.49  4211.22  4141.2  4055.02  4208.79  4223.93  4093.15  
3668.4  3667.8  3248.85  3626.47  3315.65  3647.48  3642.37  3613.16  3644.62  3518.33  3517.18  3342.06  3648.34  3438.99  
3608.94  3616.08  3521.98  3515.57  3199.59  3545.21  3588.7  3482.42  3590.96  3220.68  3494.16  3596.68  3581.66  3349.35  
4475.65  4479.44  4504.23  4529.81  4408.22  4364.13  4419.73  4530.75  4525.3  4507.72  4546.44  4443.69  4526.24  3896.78  
3821.39  3752.84  3557.58  3798.61  3583.93  3820.73  3789.98  3787.81  3780.11  3695.56  3727.06  3685.08  3811.66  3666.36  
3066.49  2976.49  3049.69  2994.79  3007.9  3026.68  3051.29  2999.29  2937.42  2950  3068.56  3011.14  3060.27  2850.06  
2894.71  2776.79  2896.6  2833.8  2836.2  2857.82  2880.72  2865.34  2889.42  2880.22  2897.06  2836.96  2895.49  2722.81  
2894.14  2776.13  2896.09  2833.27  2835.64  2857.26  2880.15  2864.9  2889.26  2879.99  2896.49  2836.38  2894.95  2722.39  
4496.16  4494.23  4470.45  4464.21  4485.27  4476.51  4390.39  4505.18  4503.61  4477.24  4531.2  4432.74  4494.79  3993.42  
3755.16  3764.49  3828.22  3822.86  3780.2  3792.23  3804.85  3811.6  3811.99  3699.1  3762.01  3770.66  3840.25  3709.31  
3043.37  2949.33  3042.18  2973.22  2983.98  3003.13  3028.33  2981.4  3042.77  2940.98  3043.5  2987.74  3038.14  3038.66  
