5254.66  5301.64  5301.36  5398.14  5388.05  5396.95  5288.14  5264.27  5290.63  5378.88  5341.84  5371.93  5308.6  5330.87  5297.25  5375.24  5404.5  4684.52  4275.98  1652.67  4542.14  1327.53  1912.42  4778.11  
5174.26  5191.81  5167.48  5224.37  5226.68  5218.34  5159.33  5217.89  5096.83  5091.68  5153.81  5071.3  5088.71  5131.4  5084.84  5173.57  5231.81  4472.16  3916.5  5096.5  3527.82  254.713  3319.3  2101.56  
5278.86  5377.35  5336.02  5440.16  5424.06  5440.49  5337.43  5305.98  5324.96  5432.42  5395.77  5402.23  5347.79  5377.02  5343.72  5423.02  5445.11  4779.94  4195.44  1337.03  4829.75  1444.86  1276.93  4958.65  
5209.72  5153.77  5227.95  5308.72  5304.14  5301.49  5202.06  5213.12  5227.8  5247.99  5229.13  5209.28  5198.11  5231.9  5195.03  5269.86  5317.98  4504.94  4217.94  1847.09  4121.16  877.761  2478.9  2933.88  
5295.49  5424.24  5352.81  5463.72  5441.92  5468.11  5387.31  5466.88  5441.38  5459.8  5438.02  5398.1  5362.28  5402.01  5379.56  5444.05  5469.72  4864.28  4515  675.112  5150.57  1943.58  1283.67  5375.21  
5232.18  5232.69  5269.23  5359.19  5354.99  5356.89  5241.87  5225.13  5257.96  5330  5292.25  5346.24  5272.94  5288.14  5254.61  5331.27  5366.85  4596.15  4354.25  1884.43  4289.46  1218.29  2541.98  4664.26  
5194.39  5052.9  5203.24  5279.12  5265.86  5259.24  5189.16  5201.57  5235.84  5181.1  5175.41  5095.93  5144.46  5197.61  5145.85  5223.68  5288.93  4433.9  4136.41  4407.79  3382.68  813.221  1373.48  750.76  
5810.32  5783.83  5780.45  5637.17  5777.29  5761.92  5606.34  5702.45  5766.57  5782.91  5756.53  5719.07  5713.94  5813.09  5772.82  5818.34  5778.55  4713.28  5577.08  3519.04  2737.32  4529.33  3000.2  2759.97  
5593.24  5634.37  5579.9  5635.92  5583.93  5588.2  5587.5  5449.07  5605.18  5648.22  5606.97  5638.34  5536.98  5625.81  5497.49  5635.32  5641.61  4806.46  4346.8  1716.61  4276.87  3135.32  1383.11  3875.8  
5182.62  5238.38  5176.66  5237.94  5243.68  5238.66  5168.48  5238.99  5101.39  5124.92  5179.85  5063.59  5102.44  5148.01  5097.82  5195.81  5245.78  4504.06  3844.87  3747.25  4050.63  182.56  3857.1  2540.88  
5765.15  5753.05  5733.92  5658.74  5733.18  5698.19  5559.39  5650.04  5745.3  5731.86  5714.99  5703.22  5668.88  5770.18  5708.12  5780.02  5747.7  4726.13  5507.38  3243.13  3276.75  3528.61  2491.59  2333.37  
5609.93  5656.18  5601  5649.15  5612.23  5595.6  5526.53  5610.47  5626.79  5660.42  5618.36  5644.89  5558.27  5646.93  5506.87  5661.82  5656.94  4792.7  4669.31  2211.1  4151.9  2289.1  1842.07  4129.01  
5484.31  5568.7  5497.08  5576.94  5534.27  5551.13  5531.49  5494.06  5516.64  5583.89  5556.89  5541.68  5472.93  5547.09  5464.69  5567.56  5583.26  4860.14  4542.08  1034.25  4740.39  2888.63  1288.49  2983.2  
5695.89  5705.14  5677.78  5627.17  5676.15  5675.9  5613.68  5575.15  5677.31  5701.89  5676.74  5682.4  5625.08  5716.92  5674.71  5722.76  5707.75  4760.59  4838.42  1752.63  3575.28  4522.62  1574.68  2754.03  
5147.61  5144.42  5133.28  5172.51  5173.1  5156.61  5127.16  5176.57  5032.73  4982.08  5086.76  5079.01  5036.08  5068.23  5031.71  5103.92  5178.15  5038.49  3992.34  5167.4  3872.75  105.146  3238.19  1630.7  
5383.1  5501.95  5419.02  5519.68  5486.15  5513.34  5475.15  5504.05  5432.5  5521.04  5505.51  5453.45  5411.97  5471.57  5429.85  5502.47  5526.48  4897.61  4681.6  488.508  5121.34  2609.94  1176.37  4122.49  
5147.39  5147.81  5159.01  5171.76  5172.7  5156.23  5126.79  5177.25  5030.27  4981.05  5086.84  5078.42  5035.31  5067.32  5030.83  5103.41  5177.36  5039.77  3987.01  5155.32  3884.97  93.614  3283.6  1663.44  
5470.45  5564.81  5491.86  5573.16  5533.17  5548.2  5506.93  5580.13  5505.36  5581.36  5548.88  5541.62  5472.88  5542.42  5459.59  5565.18  5578.9  4857.02  4477  1183.28  4727.49  2677.11  1543.75  3368.41  
5701.57  5709.91  5686.47  5727.18  5684.93  5696.52  5633.69  5725.34  5675.06  5719.8  5686.99  5683.86  5635.43  5724.86  5716.09  5728.95  5713.24  4761.5  4782.19  1870.64  3400.48  4174.25  1755.65  3168.06  
5380.25  5501.11  5417.91  5518.87  5485.89  5512.72  5470.2  5521.19  5430.18  5520.48  5503.87  5453.35  5411.91  5470.57  5428.8  5501.94  5525.56  4897.02  4668.75  517.722  5119.1  2567.54  1227.1  4199.32  
