6602.71  6563.16  6600.8  6508.71  6393.35  6581.94  6566.67  6598.94  3697.13  3966.36  460.773  3402.57  984.169  4704.34  5461.62  1082.06  
6030.23  6074.39  6054.31  6055.59  6014.36  6067.85  6059.79  6075.86  3526.23  5771.99  3372.75  3535.36  1411.12  6051.63  5207.83  3416.56  
6303.43  6333.95  6344.9  6296.38  6264.36  6346.32  6352.94  6358.27  3761.1  1926.69  2839.82  3839.78  2953.53  6187.59  5395.26  139.74  
6334.97  6302.1  6286.34  6264.12  6147.42  6300.53  6288.3  6323.73  3402.87  4340.58  168.729  3435.08  1212.26  5017.63  5445.25  1508.21  
6735.81  6702.86  6735.44  6633.66  6528.36  6726.43  6676.47  6721.92  3844.66  4601.09  1277.63  3650.52  1087.56  4665.87  5491.86  2082.13  
5839.01  5815.18  5841.24  5806.39  5654.26  5777.06  5680.42  5781.71  4561.97  4548.96  1236.75  2337.83  1985.07  4794.45  4379.76  1114.78  
5970.82  5945  5970.52  5925.43  5792.98  5919.38  5873.59  5945.03  4784.48  4203.63  1070.71  5274.72  1591.26  1030.52  1574.16  1221.03  
5703.85  5754.42  5763.38  5735.19  5698.43  5727.52  5696.45  5742.23  4611.42  5725.93  4246.13  4565.9  1673.22  3615.01  2343.04  3174  
6153.12  6167.93  6148.97  6141.49  6072.12  6163.82  6155.52  6177.92  3466  2695.32  1966.68  4167.56  1323.75  5677.49  5322.65  2698.45  
6462.1  6468.23  6487.32  6419.16  6393.45  6484.73  6471.11  6490.89  3790.85  2894.82  1892.53  3759.12  1090.54  6364.74  5432.47  813.539  
5228.38  5229.23  5232.83  5063.88  5098.66  5155.06  5142.13  5228  5040.54  5108.11  4992.31  2945.91  2589.96  2155.54  3392.09  1686.71  
5268.08  5271.14  5276.33  5117.05  5144.6  5200.66  5158.65  5270.02  5082.38  5114.49  4867.95  3289.44  2408.75  2099.65  3291.97  1812.93  
5550.34  5532.46  5554.29  5446.18  5381.51  5477.63  5378.68  5522.36  5298.97  4624.19  2823.73  4221.16  2367.48  2308.63  2974.1  2519.74  
5508.7  5513.73  5530.3  5424.24  5395.12  5462.36  5383.62  5510.2  5314.21  4986.85  3751.01  4907.7  2271.39  1945.2  2346.52  3154.25  
5062.57  5038.55  5037.65  4979.59  4868.44  4944.37  4954.97  5032.78  4824.88  4851.81  5020.01  1235.71  2880.26  2655.17  4542.33  181.615  
5347.01  5354.46  5362.83  5222.77  5235.96  5291.35  5191.51  5353.58  5165.6  5127.17  4620.7  3972.51  2048.45  1988.53  3092.88  2063.91  
5668.15  5710.39  5720.74  5678.3  5642.94  5679.01  5639.22  5699.79  4739.99  5590.72  4155.55  4628.43  1782.65  3309.54  2343.68  3170.39  
6176.35  6209.56  6205.35  6181.1  6141.2  6211.36  6200.26  6217.46  3602.13  2033.31  2815.44  3891.32  3165.25  6032.26  5282.2  222.956  
5375.29  5395.56  5403.43  5275.61  5296.24  5338.36  5321.31  5397.8  5219.27  5295.93  4888.65  4679.01  2444.11  1745.62  2508.44  3194.95  
6462.1  6468.23  6487.32  6419.16  6393.45  6484.73  6471.11  6490.89  3790.85  2894.82  1892.53  3759.12  1090.54  6364.74  5432.47  813.539  
