6034.02  6025.21  6032.8  5918.54  6052.72  6025.31  5985.95  6052.86  5832.99  4775.38  3716.14  4174.16  5603.83  1164.52  3392.42  55.0539  
5662.83  5691.87  5669.89  5714.12  5674.23  5696.15  5668.8  5699.01  5562.05  4944.07  4322.83  4733.3  2748.62  1672.34  3882.56  1575.06  
5932.5  5879.63  5790.9  5762.17  5939.72  5896.56  5862.38  5894.45  5754.88  4767.65  4454.55  4869.02  4025.65  517.707  3899.11  2.17824  
6650.53  6540.69  6613.19  6575.04  6656.27  6600.76  6550.89  6494.04  6301.44  4387.91  3820.83  5058.37  4029.55  2569.2  3890.71  1990.09  
5851.69  5832.04  5834.2  5715.77  5869.73  5848.8  5812.69  5874.3  5699.01  4859.24  4064.18  4900.85  3148.83  506.257  3979.21  211.475  
6294.1  6235.89  6267.16  6189.12  6275.5  6225.35  6171.47  6281.14  6025.56  4654.27  3326.48  5002.05  4310.89  1357.77  3987.25  890.704  
6425.27  6320.68  6394.62  6332.47  6422.04  6370.9  6320.17  6355.4  6127.78  4548.58  3552.67  5182.68  3967.26  1467.1  3993.74  1246.38  
6550.41  6542.06  6515.52  6466.2  6545.91  6491.06  6439.04  6442.74  6223.52  4467  3651.91  5222.27  3915.8  2238.13  3989.71  2140.15  
5824.22  5795.26  5781.4  5652.12  5786.2  5804.77  5774.22  5805.43  5668.44  4883.15  4372.65  4806.12  2983.22  27.0248  3878.73  47.1247  
6144.39  6107.76  6100.16  6022.91  6147.46  6107.1  6063.57  6136.22  5913.97  4704.43  3692.35  4400.64  5537  1385.26  3536.48  28.8173  
6819.42  6816  6776.6  6756.04  6826.59  6766.69  6715.96  6606.49  6431.03  4273.96  3979.28  4882.17  6571.92  1992.1  4540.16  4729.65  
6682.07  6681.57  6641.43  6607.76  6684.06  6626.03  6574.09  6534.22  6355.41  4372.85  3770.14  4974.3  6679.94  1295.34  4693.62  4505.33  
5410.44  5394.45  5380.64  5428.7  5431.47  5440.75  5423.33  5438.11  5316.48  5081.05  4580.81  4529.86  320.836  2565.86  1860.17  2569.21  
6268.88  6259.74  6242.47  6167.24  6272.96  6226.41  6178.43  6259.15  6008.58  4644.25  3449.77  4269.95  6187.01  1709.43  3424.56  25.8982  
5374.47  5363.43  5351.15  5355.2  5388.12  5385.43  5371.22  5390.73  5264.34  5038.64  4509.96  4494.64  780.413  2464.48  238.494  2423.09  
5580.23  5586.3  5544.2  5586.4  5568.95  5585.37  5562.4  5585.49  5455.7  4349.83  4442.43  652.752  2308.2  207.656  2169.68  3638.06  
6811.5  6807.59  6764.24  6746.59  6819.08  6757.36  6704.9  6693.34  6499.71  1546.9  3857.11  4926.92  4596.24  2336.16  4767.7  5269.68  
5580.22  5586.3  5544.2  5586.4  5572.5  5585.37  5562.4  5585.49  5455.7  4349.84  4442.43  109.64  2308.18  52.2697  2169.8  2909.69  
6442.79  6440.88  6411.15  6437.5  6443.13  6391.67  6341.6  6371.57  6141.52  4364.59  3585.06  5654.81  4862.99  2039.36  3747.31  1138.71  
5694.34  5680.52  5654.93  5694.05  5662.93  5683.88  5657.15  5685.64  5550.6  3852.98  4352.33  2028.04  2683.98  560.179  1102.42  1930.69  
