3441.71  3556.27  3598.21  3668.2  3642.64  3656.16  3671.53  3570.09  3600.68  3619.27  3663.82  3576.86  3563.8  3334.94  
4128.39  4122.72  4180.79  4242.21  4285.46  4303.03  4308.38  4214.86  4306.02  4227.5  4275.64  4076.69  4185.83  4236.95  
4347.7  4338.84  4384.8  4414.14  4525.78  4542.13  4544.39  4496.52  4546.97  4446.14  4358.35  4269.06  4286.41  4335.99  
3766.88  3815.07  3853.74  3939.47  3935.68  3946.58  3963.1  3789.7  3918.58  3900.5  3936.28  3804.46  3957.31  3777.82  
3385.72  3511.79  3554.03  3621.17  3592.02  3605.92  3621.17  3521.86  3545.55  3573.33  3614.91  3538.32  3497.35  3251.47  
3869.97  3886.48  3926.28  4032.09  4020.24  4036.35  4047.23  3901.33  4026.21  3982.65  4048.79  3892.98  4033.96  4030.99  
4206.88  4195.09  4235.84  4300.7  4363.97  4382.36  4385.77  4308.02  4386.18  4299.26  4227.49  4147.01  4221.99  4262.77  
3356.23  3424.85  3473.61  3492.31  3496.79  3497  3525.31  3451.74  3432.92  3478.07  3517.79  3468.97  3436.64  3131.89  
3620.82  3698.71  3739.48  3818.27  3804.55  3816.78  3645.31  3663.09  3776.68  3773.01  3818.63  3700.66  3776.62  3597.96  
4378.56  4372.77  4464.63  4439.47  4564.32  4579.68  4582.06  4540.8  4584.12  4480.86  4541.54  4296.33  4299.2  4348.52  
2908.99  2717.54  2904.62  2554.99  2779.9  2862.99  2781.88  2925.82  2910.65  2709.02  2850.8  2910.6  2875.21  2504.99  
2881.9  2658.5  2852.19  2504.68  2717.1  2813.78  2717.9  2878.93  2867.45  2645.47  2798.53  2859.11  2877.05  2448.89  
3333.7  3278.56  3323.76  3376.74  3327.96  3344.22  3358.43  3324.83  3259.1  3319.69  3369.54  3333.16  3142.62  2852.96  
3229.67  3136.47  3216.11  3126.63  3187.69  3195.88  3211.57  3223.51  3137.08  3163.72  3223.64  3231.01  2908.44  2736.61  
3007.05  2928.81  3092.18  2735.99  3004.82  3029.41  3011.04  3093.49  3063.43  2937.18  3038.75  3096.71  3088.98  2891.38  
4028.79  4023.12  4064.44  4163.72  4174.4  4192.86  4199.39  4085.06  4195.31  4163.59  4159.23  3989.19  4140.8  4193.03  
3006  2926.53  3090.15  2734.04  3002.4  3027.51  3008.56  3091.68  3061.76  2934.72  3036.73  3094.72  3088.9  2945.53  
3294.32  3275.09  3338.61  3295.71  3335.34  3333.44  3361.8  3332.59  3269.79  3314.64  3361.7  3346.19  3201.04  2925.7  
3773.09  3717.22  3757.88  3836.62  3825.5  3837.12  3835.28  3680.24  3790.23  3790.53  3837.37  3714.09  3805.97  3794.75  
4028.61  4022.95  4064.31  4163.58  4174.21  4192.67  4199.21  4084.84  4195.13  4163.42  4159.34  3989.02  4140.71  4192.97  
