3744.44  3776.34  3628.51  3809.19  3701.76  3807.81  3681.47  3768.82  3800.64  3765.87  3689.88  3742.79  3765.5  3808.69  
3838.86  3859.66  3777.28  3901.9  3802.21  3901.78  3825.61  3872.01  3891.62  3856.35  3771.4  3846.97  3674.16  3890.01  
3139.79  3045.84  3125.59  3043.45  3127.1  3134.39  3139.33  3104.77  3143.85  3124.22  3082.08  2984.34  3136.2  3100.18  
3185.57  3092.9  3164.69  3087.37  3191.04  3180.29  3196.28  3177.56  3188.61  3162.87  3125.07  3035.98  3184.08  3171.34  
4490.43  4336.8  4470.05  4428.6  4443.93  4517.96  4359.5  4447.8  4488.22  4373.57  4415.6  4313.41  4496.51  4232.43  
3591.05  3523.42  3331.94  3400.25  3479.07  3586.72  3266.56  3596.51  3586.97  3501.07  3505.27  3580.94  3530.34  3479.44  
3508.72  3418.91  3475.52  3433.44  3402.02  3504.32  3411.65  3495.54  3504.73  3393.37  3428.85  3406.24  3501.01  3374.08  
3698.08  3650.93  3437.27  3336.95  3582.77  3693.86  3537.78  3641.86  3691.24  3633.49  3605.13  3651.59  3603.48  3662.98  
4579.76  4329.68  4396.62  4576.82  4567.27  4579.41  4591.46  4458.94  4546.24  4398.54  4442.9  4420.75  4366.35  4209.24  
3970.78  3970.05  3958.51  3944.23  3942.17  4026.67  4012.03  4003.67  4012.23  3976.94  3991.38  3981.26  3931.08  3999.11  
4336.41  4165.89  4225.07  4289.72  4364.29  4336.49  4365.05  4236.08  4335.87  4211.6  4313.68  4340.51  4105.59  4122.07  
4315.81  4181.43  4294.15  4239.06  4317.29  4332.86  4254.62  4260.43  4329.83  4222.49  4315.22  4286.21  4221.79  4148.52  
4136.99  4077.84  4170.4  4068.05  4123.4  4175.02  4096.34  4133.3  4175.2  4100.58  4164.77  4134.05  4101  4082.83  
2856.58  2746.3  2859.59  2820.25  2870.41  2850.51  2857.99  2818.87  2866.95  2829.07  2816.47  2647.11  2827.77  2544.56  
3353.82  3246.77  3319.07  3355.52  3256.22  3349.1  3353.9  3336.52  3353.33  3213.17  3283.95  3194.93  3322.55  3157.88  
3003.11  2904.06  3009.36  2919.47  2924.48  2997.36  2965.67  2966.11  3010.25  3002.58  2953.77  2828.15  2990.73  2869.3  
2855.65  2745.31  2858.65  2819.62  2870.07  2849.58  2857.32  2817.95  2866.05  2827.98  2815.61  2772.13  2826.74  2542.52  
3353.55  3246.52  3318.82  3355.12  3255.9  3348.84  3353.63  3336.23  3353.07  3213.06  3283.7  3194.67  3322.32  3157.82  
4132.03  4105.14  4166.91  4062.21  4119.27  4170.08  4091.74  4128.77  4170.92  4096.78  4162.14  4132.42  4095.69  4081.05  
3000.12  2953.94  3006.82  2916.76  2920.05  2994.37  2961.87  2963.08  3007.32  2999.92  2950.96  2824.74  2987.55  2864.26  
