11970.4  11954.8  11871.8  11975.8  11891.1  11778.3  11965.2  11959.1  11884.1  11943.2  11975.1  11975.1  11934.8  11870.8  11514.5  9533.18  11563.8  3783.2  
11849.7  11883.9  11811.8  11882.3  11798  11551.3  11848.2  11860.9  11785  11813.3  11876.5  11854.6  11894.3  11648.5  11478.5  9529.1  11561.5  2966.75  
11779.7  11815.8  11813.8  11815  11726.8  11705  11775.1  11799.4  11764.4  11761.6  11814  11779  11824.3  11734.4  11431  8733.87  11447.6  152.267  
12601.8  12295.4  12667  12665.9  12587.5  12675.6  12656.7  12544.8  12538  12667  12560.5  12675.1  12665.5  12529.7  11771.8  7671.11  11578.1  93.8429  
12610.9  12466.3  12517.5  12749.7  12677.1  12464.1  12747.4  12623.7  12594.1  12751.5  12663.9  12760.3  12751.6  12411.9  11683.5  8119.64  10866.3  10.0206  
11698.2  11731.5  11716  11706.8  11658.2  11692.8  11689.8  11727.7  11696.2  11701  11741.2  11690.8  11744.3  11720.7  11370.7  8799.88  11267.3  64.2909  
12088.5  12013  11926.9  12069.8  11982.5  11988.8  12075.1  12051.5  11977.3  12042.3  12070.1  12088.4  12078.7  12078.4  11542.3  9370.94  11622.2  3816.44  
12189.5  12045.2  12195.7  12174.4  12083.4  12025.9  12175.2  12144.4  12092.8  12156  12194.5  12202.6  12201.9  12184.5  12139  6763.34  11164.3  1911.19  
12403.4  12150.9  12360.5  12412.2  12319.4  12283.7  12427.8  12347.8  12332.5  12445.1  12404.5  12451.1  12443.1  12406.4  11552.9  7823.34  11698.4  769.991  
12295.7  12097.7  12277.5  12292.4  12200.5  12153.9  12300.6  12245.4  12211.8  12299.5  12298.7  12325.9  12321.6  12294.6  11848.1  7289.48  11429.4  1344.74  
12508.2  12203.2  12515.6  12539.6  12445.5  12490.9  12541.2  12443.4  12438.8  12561.7  12483  12567.1  12553  12496.9  11561.3  7889.07  11802.5  114.76  
11397.3  11420  11362.6  11344.8  11389.6  11477  11374.6  11462.8  11446.7  11477  11472.1  11365  11449.3  11336.7  11148  9333.81  10512.4  23.328  
11326.8  11346.9  11281.9  11316.3  11325.8  11413.8  11300.7  11400.7  11386.8  11420  11409  11289.1  11380.1  11220.7  11095.7  9736.07  10327.1  43.983  
11267.5  11285.3  11214.3  11289.8  11261  11240.6  11238.6  11348.5  11337.2  11360.2  11356  11226.7  11322.3  10857.1  11051.6  10995.5  10101  530.594  
11044.5  11054.2  10956.9  11192.5  11073.1  11192.7  11005  11152.2  11147  11193.8  11156.6  10985.3  11103.2  10808.9  10886.4  11180.5  9600.67  43.312  
11545.2  11573.1  11535.5  11518.7  11523.3  11601.5  11529.5  11593  11569.1  11587.2  11604.4  11525.1  11594.3  11561.5  11257.5  9039.93  10893.1  12.7005  
11038.3  11047.9  10948.5  11126.6  11066.5  11178.8  10998.5  11146.8  11143.6  11193.5  11151.1  11188.8  11097.2  10863.4  10881.9  10959.4  9582.83  60.0059  
11545.2  11573.1  11535.5  11518.7  11523.3  11601.5  11529.5  11593  11569.1  11587.2  11604.4  11525.1  11594.3  11561.5  11257.5  9039.93  10893.1  12.7005  
12314  12328.1  12332.8  12319  12226.6  12221  12316.6  12260.6  12226.2  12310.5  12303.1  12344.1  12337.7  12303.4  11960.6  7133.54  11388.8  6566.66  
12181.1  12168.5  12181.8  12163.9  12073.1  12007.9  12166.3  12136.8  12084.4  12147.1  12188.5  12193.3  12193.2  12177.4  12132.5  6768.74  11159.2  1966.25  
