6906.86  6907.14  6884.62  6895.05  6792.15  6899.26  6859.87  6759.16  3290.04  6693.7  4569.84  53.2424  1284.89  10.5036  898.137  1118.68  
6721.75  6738.54  6672.38  6674.82  6678.92  6731.45  6660.91  6577.1  3758.01  5406.12  4562.7  2490.06  4085.48  372.179  1398.18  1212.55  
7340.38  7340.14  7319.99  7341.08  7333.78  7342.35  7324.78  6772.17  6120.62  5777.63  5293.45  2635.47  14.7878  66.5966  2076.02  782.622  
7187.02  7092.05  7146.05  7154.96  7021.6  7182.24  7180.56  6644.15  5548.37  5659.85  4965.04  6508.74  3476.67  127.356  107.657  582.953  
7077.4  7008.88  7032.78  7039.59  6942.35  7075.3  7059.21  6401.8  5026.22  5598.26  4871.9  4882.39  2226.23  187.754  95.5312  716.059  
6804.63  6799.2  6768.29  6774.49  6728.82  6805.34  6749.66  6671.12  3312.15  5403.58  4601.19  595.119  812.863  53.6803  1030.29  1122.15  
7267.16  7148.14  7233.44  7246.41  7266.09  7260.65  7255.34  6743.68  5512.04  6599.54  5676.29  1719.43  994.361  102.959  1539.98  647.648  
7019.65  6988.41  6997.99  7009.04  6876.33  7005.59  6987.95  6787.6  3339.15  6382.96  4678.33  8.89014  716.682  1.6622  222.273  836.277  
7128.02  7076.58  7077.98  7083.39  6985.35  7125.7  7119.69  6598.51  5513.58  6740.63  4873.4  5520.64  3482.18  484.91  85.9955  690.377  
6856.38  6854.4  6833.55  6842.9  6754.46  6847.15  6804.53  6772.92  4137.73  5196.85  4545.63  176.425  185.055  3871.23  1.06884  1015.91  
7393.48  7396.63  7382  7398.56  7352.08  7394.77  7380.42  6869.42  5153.69  6908.14  6021.82  2688.24  68.4641  777.444  2770.91  756.097  
6941.39  6933.87  6917.87  6928.44  6819.51  6933.74  6898.78  6752.28  3475.19  6743.42  4635.82  440.693  1156.87  26.0422  772.626  1065.32  
7604.35  7624.48  7624.82  7627.35  7544.12  7601.49  7597.86  7182.81  4540.8  7345.44  5767.17  3259.85  2006.84  2773.18  5630.72  749.286  
7542.72  7557.3  7553.91  7560.54  7487.14  7541.13  7534.35  7091.1  4718.97  7213.71  5837.28  3135.64  1455.89  2190.84  4786.03  751.241  
7491.81  7506.22  7494.4  7505.67  7487.17  7490.63  7481.23  7017.43  4907.99  5964.94  5307.87  1703.83  750.637  1540.66  4033.89  750.53  
7446.13  7443.74  7442.3  7454.73  7389.96  7446.04  7434.43  6947.86  5770.17  7092.02  5978.63  4089.98  615.501  1219.45  3616.91  723.898  
7803.99  7851.29  7876.68  7863.75  7848.88  7824.88  7818.02  6653.64  5250.79  6617.34  5080.47  7820.01  4848.38  483.175  2657.97  110.482  
7762.82  7785.28  7824.37  7815.28  7788.67  7782.1  7772.58  7379.8  4718.69  6884.28  5475.18  7741.39  4619.99  393.751  1793.97  149.783  
7685.47  7714.88  7717.55  7715.72  7655.57  7680.58  7681.03  7304.92  4338.1  7122.17  5178.16  2447.71  2569.64  3402.84  5286.33  744.693  
7240.09  7234.13  7210.99  7241.32  7245.37  7249.87  7227.96  6640.69  3915.06  5770.8  677.658  1661.26  1167.96  1099.16  334.394  1459.16  
