6803.19  6880.5  6891.05  6903.54  6900.63  6891.99  6886.68  6588.18  2758.24  2251.71  4844.93  3723.78  5741.35  0.259288  4708.37  3.50747  
6238.01  6385.57  6348.43  6214.61  6329.58  6375.65  6395.48  6285.06  3016.98  4881.8  4328.37  2729.02  4812.6  1627.22  886.51  429.039  
7183.7  7220.78  7266.08  7271.56  7272.36  7252.56  7221.99  7260.58  3396.14  3994.08  3999.66  3226.3  5770.92  152.76  2120.36  267.246  
6043.24  6160.07  6154.24  6041.34  6072.1  6161.58  6164.24  6061.92  2803.91  5528.87  4193.07  2739.64  4718.5  1746.59  421.882  101.487  
6759.1  6851.62  6849.19  6772.37  6869.73  6857.55  6855.89  6867.51  2660.22  3424.38  6449.94  2806.36  5193.1  1878.55  581.695  408.082  
5993.11  6098.7  6103.42  5999.15  6001.6  6103.17  6101.68  6000.87  2823.89  5724.74  2036.82  2753.77  3884.2  1559.38  1751.8  3.56132  
6547.33  6622.77  6636.24  6478.3  6584.96  6618.86  6637.36  6624.2  3950.98  4246.4  5360.15  5353.97  5308  5846.1  56.5998  856.931  
7336.52  7363.25  7417.91  7410.45  7412.09  7395.63  7362.28  7376.76  1956.18  4797.72  3968.19  3210.13  6001.68  309.309  2693.68  301.708  
7494.1  7509.44  7574.37  7555.06  7555.95  7542.88  7533.17  7495.98  427.034  4755.72  3943.12  3205.55  6240.72  474.705  210.036  41.1331  
7771.46  7767.37  7849.85  7808.38  7809.36  7802.31  7811.23  7706.33  145.832  5436.3  3892.6  3187.02  6660.52  32.6187  165.975  26.298  
7544.25  7555.11  7624.03  7602.66  7601.46  7589.41  7617.99  7533.24  760.199  4418.99  3943.71  3218.13  6318.03  531.928  3482.79  7.20711  
6526.61  6601.07  6616.2  6615.67  6559.09  6597.86  6616.47  6599.8  4868.53  2896.32  5477.24  5298.81  5240.02  4922.44  9.65984  546.011  
5944.59  5922.66  5939.29  5896.26  5845.45  5935.95  5947.24  5860.64  3736.23  5753.52  1880.42  2752.6  3487.66  2197.87  1232.93  249.787  
7012.31  7084.61  7090.05  7115.2  7102.08  7088.36  7083.01  6896.3  4174.13  3884.01  4225.19  4915.69  6375.21  5111.37  4346.39  5625.82  
7871.54  7851.62  7892.86  7928.83  7909.46  7896.47  7893.41  7885.77  194.459  5695.51  1895.33  3782.7  4516.46  328.658  3081.1  4743.74  
7707.56  7703.06  7758.17  7765.41  7755.14  7742.63  7755.42  7709.14  477.911  5055.94  1375.1  3499.83  5419.1  200.698  3282.36  2370.6  
6303.07  6381.71  6401.86  6389.91  6334  6383.47  6402.53  6322.04  3736.43  4406.51  5908.67  4418.5  4567.91  835.04  159.695  85.7644  
5944.59  5922.66  5939.29  5896.26  5845.45  5935.95  5947.24  5860.64  3736.23  5753.52  1880.42  2752.6  3487.66  2197.87  1232.93  249.787  
7012.31  7084.61  7090.05  7115.2  7102.08  7088.36  7083.01  6896.3  4174.13  3884.01  4225.19  4915.69  6375.21  5111.37  4346.39  5625.82  
7335.19  7361.99  7416.6  7409.29  7410.88  7394.39  7361.83  7375.73  1967.14  4779.56  3968.64  3210.66  5999.73  308.336  2688.77  302.622  
