3662.16  3677.9  3633.5  3542.81  3604.28  3462.8  3533.8  3693.37  3672.5  3572.5  3391.3  3653.11  3677.8  3616.82  
4504.3  4522.11  4475.39  4422.15  4461.14  4487.74  4507.43  4534.51  4477.09  4415.99  4524.26  4503.33  4433.99  4268.26  
3368.91  3383.32  3341.64  3267.02  3304.43  3188.86  3253.36  3399.57  3388.73  3289.43  3123.84  3346.22  3337.56  3176.67  
4223.58  4237.84  4186.37  4139.82  4160.33  4232.17  4246.35  4254.28  4205.77  4112.97  4041.22  4214.18  4227.62  3954.2  
3719.48  3731.41  3689.66  3619.98  3639.4  3687.26  3714.83  3751.14  3730.15  3641.02  3563.67  3689.7  3752.31  3735.1  
2932.07  2945.49  2907.08  2839.55  2865.97  2780.47  2832.84  2960.92  2959.22  2867.09  2725.88  2872.83  2847.13  2835.22  
4391.5  4408.46  4371.88  4307.48  4340.37  4376.77  4396.78  4421.97  4370.68  4338.94  4414.02  4384.69  4333.37  4204.82  
3239.88  3253.51  3213.21  3142.72  3172.11  3068.38  3130.42  3270.48  3263.69  3164.99  3006.09  3199.34  2966.53  3020.26  
4338.17  4354.73  4322.98  4253.26  4283.31  4324.29  4344.45  4368.75  4320.36  4302.66  4361.87  4328.59  4285.79  4174.81  
3076.61  3089.98  3050.81  2981.3  3008.5  2915.71  2972.95  3106.42  3102.39  3007.07  2857.4  3025.37  2955.2  2925.13  
3509.55  3525.43  3481.74  3409.06  3455.85  3320  3385.82  3539.73  3525.31  3424.71  3252.44  3505.1  3524.9  3267.62  
3800.03  3811.35  3777.44  3708.52  3708.06  3822.97  3836.26  3831.76  3809.06  3751.72  3732.21  3764.21  3825.26  3831.92  
3106.48  3120.46  3080.61  3015.1  3042.56  3041.13  3000.37  3135.92  3131.55  3035.63  2959.27  3068.29  3128.03  2900.16  
2892.27  2905.58  2867.48  2800.14  2825.62  2918.38  2794.57  2920.97  2919.98  2828.62  2912.4  2830.53  2880.06  2810.98  
3939.64  3953.18  3936.33  3848.16  3839.9  3933.39  3954.43  3971.12  3944.5  3955.84  3977.35  3909.2  3928.97  3953.97  
4086.84  4101.5  4086.09  3997.76  4009.22  4077.37  4098.18  4117.98  4083.29  4108.69  4117.74  4064.17  4061.19  4034.45  
3536.51  3551.91  3512.51  3440.13  3475.39  3557.49  3434.87  3566.78  3551.86  3467.89  3327.13  3527.93  3563  3306.85  
3941.5  3955.01  3937.01  3850.15  3842  3935.96  3956.76  3972.97  3946.05  3953.45  3972.53  3911.35  3932.02  3950.23  
4086.61  4101.27  4085.94  3997.53  4008.97  4077.1  4097.93  4117.76  4083.09  4108.73  4117.95  4063.92  4060.9  4034.65  
3386.66  3401.69  3359.38  3296.94  3327.27  3382.78  3269.09  3416.9  3407.99  3306.27  3319.62  3382.14  3412  3014.7  
