11974  12116.2  11970.5  12133.5  12075  12085.3  12117.4  12095.2  12106.6  12098.3  12074.2  12114.7  12077.2  11970.1  11777  11413.2  10453.8  11622.9  
12018.2  12033.2  11996.8  12032.7  11997.5  11996.4  11980.5  11991.6  12016.6  11978.3  11999.2  12039.2  11950.5  11943  11632.6  11208  9730.42  11441.3  
12045  12065.4  12030.3  12072.2  12033.6  12035.5  12009.6  12031.9  12066.8  12023.1  12029.9  12072  11997.2  11964  11692.5  11370.6  9997.32  11578.5  
11506.6  11493.3  11501.4  11448.2  11452.4  11465.6  11527.6  11519.5  11506.4  11517.6  11478.2  11519.6  11434.4  11445.9  11050  10786.6  11469.1  7750.68  
11981.5  12006.6  11638.5  11997.9  11962.5  11936.3  11987.2  11957.5  11858.8  11952  11958.2  11990.9  11928.8  11848.8  11415.6  11081.1  8609.62  11555.5  
11713.6  11742.1  11729.7  11674.3  11681.5  11657.7  11645.5  11626.1  11710.5  11568.9  11711  11746.2  11524.9  11656.8  11075.5  9872.12  8688.9  9760.77  
11797.8  11796.9  11777.4  11740.3  11751.9  11730.2  11634.2  11695.7  11694.3  11641.9  11795.4  11812.9  11813.2  11752.6  11215.5  10142.6  6793.42  10177  
11582.9  11592.1  11597.7  11505.9  11494.6  11563.1  11592.5  11597.6  11546.4  11597.5  11533.4  11584.8  11547.8  11494.5  10944.5  11282.4  4794.04  7442.79  
12041.3  12104.1  12068.4  12120  12075.4  12087.4  12047.1  12080.5  12109.8  12075  12070.7  12115.2  12049.9  11991.2  11805.2  11521  10137.2  11484.3  
11931.9  11930.7  11921.8  11907  11883.1  11875.1  11885.2  11863.1  11931  11834.5  11903.2  11937.1  11800.1  11883.9  11460.8  10686.5  8952.45  10963.5  
11489.2  11468.8  11478.2  11437.4  11447.1  11439.8  11508.8  11497.8  11301.9  11492.4  11468.9  11505.5  11402.2  11438.4  11089.9  10580.9  6010.43  7874.02  
11875.5  11863.7  11872.7  11824.8  11808.4  11795.9  11822.8  11779.2  11875.1  11740.5  11840.5  11870.4  11701.8  11845.3  11348.6  10345.9  3735.26  10651.3  
12108.2  12157.2  12186.2  12184.6  12138.7  12149.8  12188.3  12147.2  12127.7  12149.9  12127.5  12167.7  12126.3  12036.6  11859.1  11800.6  10189.7  11486.1  
12067.4  12270.1  12282.8  12324.2  12259.4  12304.4  12300.8  12289.1  12207.9  12300  12249.1  12296  12278  12114.8  12214.9  12202.2  10468.7  11005.8  
12058.4  12236.3  12243.2  12282.9  12222.5  12262.5  12243.9  12246.8  12183.7  12253.5  12214  12260.9  12230.3  12091.5  12144.6  12064.4  10349.8  11044.1  
11656  11672.7  11653.4  11589.2  11586  11634.4  11613.2  11619.4  11658.8  11625.9  11626.2  11668.3  11672.7  11586.5  11022.3  11076.9  6178.32  10482  
11655.8  11672.5  11653.2  11588.9  11585.7  11634.2  11613.2  11619.3  11661.1  11626  11625.9  11668  11672.7  11586.3  11022.1  11078.9  7291.98  10479.7  
11582.5  11591.7  11597.2  11505.6  11494.3  11562.8  11592.3  11597.4  11546.9  11597.3  11533  11584.5  11547.5  11494.1  10944.6  11282.7  5860.05  6957.94  
12104.9  12192.2  12220.7  12227.8  12176.6  12196.8  12222.2  12191.1  12166.6  12196.8  12164.4  12206.7  12173.9  12061.2  11960.9  11936.5  10316.2  11400.9  
11753.7  11759.2  11740.6  11694.5  11701.7  11699.5  11628.7  11670.6  11686.2  11633.5  11743.6  11747.8  11758.9  11701.2  11154.2  10389.7  6262.27  10240.9  
