11513.7  11596.5  11576.3  11595.8  11563.3  11593.1  11599.2  11537.7  11580.8  11602.1  11576.3  11469.8  11535.5  11481.4  10281.5  9941.55  7336.86  10181.6  
11379.5  11408.1  11394.1  11394.7  11370  11391.2  11423.5  11399.5  11421.8  11414.9  11416.9  11316.6  11288.2  11209.1  11041.7  11210.7  8580.57  10055.9  
11383.2  11527.5  11541.5  11552.8  11504.3  11463.2  11528.9  11483.1  11552.5  11555.1  11546.8  11434.6  11485.1  11258.9  11311.8  11162  9268.18  10113.5  
11589.1  11714.3  11684.3  11716  11675.6  11713.1  11702.5  11642.5  11676.6  11711.9  11668.4  11558.8  11682.1  11657.4  10583.2  9984.06  8277.07  10386.8  
12387.1  12377.9  12355.5  12389.4  12331.3  12419.1  12386.6  12380.1  12257  12412.1  12420.5  12254.2  12408.3  12392.5  10917.8  11248.1  2856.31  11043.7  
12283.4  12243  12261.8  12289.1  12273.5  12305.6  12294.1  12247  12110.7  12313.1  12304.8  12082.8  12311.2  12313.5  10399.9  11229.9  4375.82  10605.4  
12528.8  12562  12483.5  12526.4  12410.2  12574.1  12512.9  12561.9  12456.7  12547.3  12578.6  12488.3  12540.9  12500.3  11625.4  11272.9  780.804  11642.4  
12590.1  12656  12532.2  12595.3  12448.8  12652.8  12576  12655.3  12577.5  12614.9  12660.7  12630.8  12607  12528.6  11964.4  11225  535.955  11958.4  
12034.8  11825.5  11995.1  12048.2  12075.6  12086  12104.5  11849.5  11899.7  12092.7  12036.8  11847.6  12080.9  12061.4  10874.7  10411.8  8050.61  9713.56  
12472  12247  12474  12444.2  12373  12487.3  12441.7  12445.2  12336.1  12469  12488.2  12129.1  12463.1  12365.2  11532.2  11493.5  3131.17  11412.6  
11850.1  11835.8  11896.4  11946.6  11933.3  11963  11959.3  11833.1  11839.4  11959.9  11900  11748.2  11957.9  11832.7  10654.1  9457.1  8954.87  10320.6  
12168.5  12016.2  12157  12198.4  12220.8  12211.2  12210.6  12131.3  11976  12223.4  12208.8  12006.3  12222.4  12149.8  10374.9  11096.6  5514.31  10329.5  
11685.1  11816.4  11798.8  11839.4  11802.2  11840.3  11814.5  11672.1  11772.8  11832.1  11774.4  11659.3  11837.2  11788.1  11354.7  10762.3  8404.02  10143.3  
11165.4  11373.1  11343.6  11338.3  11331.2  11172  11353.6  11358.7  11378.2  11354.6  11376.7  11269.3  11220.2  11192.3  10987.5  10757.6  8979.47  9905.52  
10988.8  10994.5  10879.8  10835.9  11031.4  11060.3  11007.3  11057.8  10970.6  10878.7  10987.1  10876.4  10598.8  11047.1  10525.2  9631.68  9337.61  7439.42  
11226.2  11207  11138.2  11116.7  11195.5  11133  11219.2  11232.1  11197  11150.1  11200.5  11144  10945.1  11123.3  10786  11189.6  8850.05  8952.5  
10977  10983.9  10867  10822  11023.2  11056.6  10996.8  11049.2  10959.4  10865.2  10976.5  10865.4  10880  11043.3  10512.3  9554.52  9361.79  7686.79  
11204.8  11201  11132  11109.9  11192.8  11146.6  11212.5  11227  11191.7  11142.8  11196  11093  11059  11122.6  10779.4  10329.2  8899.11  8690.14  
11936.9  11968.3  11920.5  11966.3  11974  11953.7  11969.1  11913.9  11842.9  11975.8  11978.2  11742.3  11964.1  11830.5  10754.8  11057.6  7843.46  10979.5  
11664  11831.8  11792.4  11836.3  11787.9  11832.7  11805.8  11747.4  11772.5  11821.7  11760.5  11647.9  11828.8  11833.3  10888.6  9515.6  9210.85  10592.4  
