5603.51  5634.89  5614.47  5666.05  5669.23  5638.34  5584.49  5677.16  5680.21  5666.37  5614.31  5469.29  5688.86  5618.62  5652.58  5642.27  5669.07  4873.99  5622.79  3251.06  4651.58  575.586  4529.24  367.298  
5559.12  5588.08  5570.24  5623.82  5629.58  5595.21  5539.54  5632.24  5634.62  5624.1  5578.84  5463.18  5641.66  5580.61  5603.72  5582.34  5628.66  4812.97  5488.76  3517.53  4681.71  745.717  4573.8  1101.26  
5165.89  4981.28  5157.3  5193.61  5130.71  4997.19  5086.55  5179.99  5119.57  5192.22  5168.63  5106.08  5175.77  5170.49  5171.2  5153.64  5118.29  5030.62  4360.28  2340.19  5053.36  4866.29  351.822  3367.61  
5220.76  5040.97  5234.9  5262.05  5225.41  5114.05  5161.59  5251.42  5204.95  5261.83  5246.19  5227.35  5245.1  5261.6  5231.19  5195.93  5255.9  5032.39  4511.78  1929.23  4599.56  4359.54  1357.37  3431.72  
5477.7  5490.02  5489.5  5544.96  5552.81  5510.53  5455.69  5547.38  5547.7  5545.14  5513.03  5447.35  5553.78  5509.98  5513.93  5475.32  5547.89  4725.9  5456.28  3822.04  4716.19  544.143  4781.9  2470.19  
5414.86  5406.71  5406.1  5488.6  5493.48  5460.22  5395.92  5483.52  5479.79  5488.44  5475.32  5442.19  5493.42  5454.28  5447.97  5401.53  5458.43  4696.6  4225.03  2245.94  4860.26  3857.21  1450.35  3036.9  
5104.92  4946.41  5087.78  5119.01  5023.38  4873.52  5004.58  5100.71  5037.38  5115.08  5084.8  4975.83  5100.42  5033.74  5095.49  5087.03  4668.98  4914.76  4353.54  2235.27  4639.64  5119.4  210.47  2950.12  
5341.6  5280.42  5334.54  5413.26  5411.83  5366.83  5316.18  5399.48  5391.32  5412.99  5413.9  5413.61  5410.35  5387.83  5366.67  5314.28  5364.85  4695.83  4852.21  1935.8  4827.36  2283.4  2009.47  4309.46  
5681.44  5723.55  5721.55  5741.04  5733.21  5709.87  5663.08  5716.65  5731.39  5743.41  5681.24  5560.12  5764.7  5706.19  5750.43  5741.04  5758.94  5094.22  5429.15  3947.76  3852.17  1653.44  2382.45  1397.18  
5026.9  4984.89  5014.09  5027.86  4975.24  4731.64  4926.06  4998.61  4954.83  5019.06  4981.2  4812.05  5014.01  4838.16  4996.71  4998.19  4992.82  4958.63  4662.01  3410.35  4506.11  5011.76  95.8564  4157.86  
4920.31  4919.08  4930.34  4941.51  4789.49  4755.52  4820.31  4901.28  4861.28  4929.64  4882.3  4694.53  4932.53  4908.5  4893.42  4842.97  4914.04  4830.87  4628.29  3690.72  2854.11  4738.41  63.3409  4359  
5033.87  4979.11  5024.58  5039.62  4951.56  4762.74  4934.1  5011.17  4965.92  5031.35  4994.41  4834.53  5025.79  4958.01  5007.92  5003.24  5014.17  4943.46  4572.3  3298.27  4460.74  5007.7  125.797  3501.15  
4855.64  4884.9  4876.66  4885.63  4697.18  4751.41  4755.49  4838.69  4801.68  4871.71  4818.45  4614.79  4879.41  4880.31  4828.21  4751.69  4857.01  4766.74  4660.18  3914.23  1939.06  4585.04  27.7693  4847.59  
5109.3  4980.17  5100.58  5121.82  5014.11  4862.96  5005.7  5101.51  5047.39  5116.93  5087.65  4967.1  5105.63  5010.59  5096.27  5093.72  5103.84  4921.68  4396.76  2787.19  5022.2  5061.04  244.93  3798.14  
5282.11  5153.13  5273.29  5338.52  5304.98  5241.8  5237.73  5326.45  5299.31  5338.36  5330.95  5322.84  5328.23  5327.48  5299.88  5256.33  5334.98  4821.26  4688.71  2130.5  4745.49  2854.8  1864.86  3568.29  
5496.13  5521.78  5507.5  5563.91  5573.35  5534.02  5475.75  5568.52  5569.96  5564.12  5528.48  5454.54  5574.68  5526.69  5534.38  5497.27  5571.42  4726.09  5298.52  3900.06  4724.46  940.015  4641.26  2150.09  
5699.81  5699.37  5752.14  5751.16  5734.05  5706.27  5674.3  5737.92  5737.73  5753.58  5689.84  5728.37  5776.14  5718.83  5768.78  5761.66  5763.2  5155.86  5456.29  4019.78  3487.93  2385.28  303.514  406.428  
4854.07  4883.8  4875.42  4884.35  4695.16  4879.8  4753.85  4837.25  4800.27  4870.38  4816.99  4613.02  4878.2  4877.2  4826.68  4749.39  4855.55  4764.51  4661.25  3918.6  1913.88  4580.23  27.2593  4829.49  
5341.05  5279.33  5333.99  5412.57  5410.85  5365.68  5315.46  5398.78  5390.49  5412.3  5413.13  5412.8  5409.59  5387.26  5366.03  5313.7  5364.45  4697.01  4850.68  1936.9  4826.05  2289.14  1999.45  4309.2  
5281.97  5151.76  5273.67  5338.34  5305.91  5241.59  5237.42  5326.36  5299.3  5338.2  5330.79  5323.57  5327.88  5327.83  5299.6  5255.78  5337.03  4814.4  4689.97  2136.69  4747.36  2821.57  1909.42  3556.95  
