6007.15  5967.84  5992.08  6005.91  6001.6  5804.15  5989.72  5874.85  5575.94  1.6068  2636.1  4440.56  4965.17  3482.71  5689.53  2436.16  
6450.02  6369.48  6475.16  6459.72  6492.19  6455.12  6494.13  6491.93  4788.65  1792.78  5904.5  1778.06  5275.17  422.469  5320.03  802.359  
6248.63  6197.71  6249.61  6202.76  6251.41  6231.62  6259.05  6218.7  4533.63  85.5182  4595.25  5095.96  4569.13  5801.41  5653.09  565.732  
5896.63  5868.51  5868.44  5871.4  5883.2  5623.85  5860.85  5594.34  5645.19  61.0734  4638.72  2196.02  5738.85  4435.58  5325.21  2981.78  
6607.45  6511.4  6649.83  6633.91  6685.17  6704.21  6676.31  6668.26  4982.83  1724.8  6295.21  2651.46  5111.97  6224.55  5168.32  732.912  
6535.15  6447.04  6566.77  6534.89  6570.21  6573  6589.88  6572.13  4769.74  2020.8  6073.74  2747.44  5222.53  3375.5  5289.18  843.75  
6368.41  6295.47  6386.15  6401.12  6398.88  6335.06  6401.19  6346.76  4668.39  1951.67  5724.62  1887.1  5340.91  1044.36  5371.78  904.868  
6128.08  6077.75  6123.19  6126.48  6124.7  5977.03  6126.68  6104.78  5260.85  281.958  3118.69  2027.26  4538.74  5126.15  5590.71  1787.73  
7109.56  7169.73  6988.38  7017.17  7078.81  7162.28  7133.04  7153.85  2690.42  1705.16  6717.96  3892.93  2819.61  5407.41  3007.97  0.30782  
5462.38  5406.38  5454.68  5348.57  5419.01  5424.03  5424.01  5395.93  5314.94  4911.96  4133.4  3528.97  4450.48  3292.15  1682.28  720.866  
5771.79  5730.68  5762.51  5712.43  5762.23  5611.1  5747.93  5702.46  5454.92  1176.83  3100.85  4258.94  5062.84  3322.19  4176.83  806.389  
7202.8  7269.62  7256.83  7051.06  7116.96  7198.38  7254.73  7210.08  3368.65  1726.34  6539.2  4501.62  2192.74  4260.95  1410.53  711.26  
5616.44  5571.97  5606.42  5520.61  5592.81  5573.94  5583.86  5534.68  5394.04  2763.21  3763.92  3799.42  5188.89  3411.3  2836.52  528.566  
6852.84  6790.89  6852.5  6763.9  6852.21  6860.55  6827.95  6833.11  3423.97  1160.1  6445.17  3033.78  3465.59  5856.7  4386.55  621.847  
5393.45  5339.35  5388.05  5253.75  5355.81  5336.96  5353.82  5356.54  5261.62  5196.85  4951.6  3876.26  4959.54  3159.61  900.264  376.969  
7001.02  6997.35  7001.83  6891.29  6968.72  7010.92  7007.56  6998.74  2825.49  1417.5  6512.71  3625.67  2965.8  5279.17  3235.92  325.584  
7228.59  7307.48  7271.65  7076.19  7242.19  7289.99  7285.44  6603.36  3415.19  1690.95  5105.42  2154.76  2125.74  4210.55  1266.16  578.06  
5332.65  5278.2  5327.71  5175.95  5292.89  5302.52  5290.36  5300.77  5230.38  3674.14  5222.06  3851.77  5136.56  3145.99  322.99  196.834  
5612.04  5566.26  5601.72  5515.48  5585.43  5600.91  5578.92  5527.24  5390.15  3042.47  4652.69  3819.74  5167.71  3406.46  3704.26  674.259  
7001.02  6997.35  7001.83  6891.29  6968.72  7010.92  7007.56  6998.74  2825.49  1417.5  6512.71  3625.67  2965.8  5279.17  3235.92  325.584  
