11532.1  11595.7  11567.8  11592.1  11578.6  11555.1  11590.1  11580.7  11574.3  11430.9  11601.8  11591.9  11529.5  11519.1  11244.6  8543.03  7796.45  5672.74  
11608.8  11671.5  11625.8  11661.9  11650  11649.4  11658.6  11641.1  11670.8  11520.8  11673  11660.5  11601.8  11569.8  11298.8  8328.87  7390.45  6645.21  
11422.4  11486.9  11488.3  11496.3  11475.8  11405  11494.5  11493.3  11417.6  11303  11496.7  11490.6  11425.9  11459.5  11046.9  9079.81  9063.8  4819.39  
12225  12239.1  12234.2  12216  12182.4  12100.2  12172.2  12102.5  12240.4  12133.8  12228.6  12189.7  12150.5  12235.9  11618.8  9154.73  11889.6  9842.13  
11876.1  11876.8  11852.8  11901  11911.7  11765.5  11858.1  11822  11851.2  11801.9  11899.3  11853.6  11880.9  11896.5  10431.1  8632.7  10886.1  9525.95  
11986  11994.9  11934.5  11995  11995.7  11938.3  11958.1  11892.5  11957  11932.1  11987.7  11978.6  11988.8  11938.8  10726.7  7682.67  10784.8  10865.6  
11653.3  11715.9  11672.1  11717.7  11696.2  11702.3  11711.4  11657.7  11634.2  11574.7  11711.8  11656.1  11642.8  11638.7  10555.6  8292.08  9881.77  11695.7  
12055.2  12087.2  12059.8  12089.4  12047.8  11897.1  12051  11986.4  12078.3  11991.6  12063.1  12041.9  12003  12089.4  11008.2  8895.69  9140.81  9776.73  
12311.6  12271.8  12306.3  12250.8  12268.4  12249.6  12209.2  12140.3  12297.4  12216.3  12299  12247.7  12264.7  12311.2  11804  9354.6  11944.8  10242.2  
12134  12149.8  12154.4  12147  12113.4  11999.1  12103  12138.6  12148  12058.4  12138.8  12105.5  12079.5  12162.9  11285.6  8794.78  10110.6  9684.31  
12007  12012.8  11948.1  12010.1  12011.8  11910.5  11969.5  11911.7  11997.7  11953  12002  12008.6  12008.1  11953.6  10875.6  7373.63  10610.1  10276.6  
11500  11563  11550.7  11571  11547.2  11481.7  11565.9  11554.4  11498.2  11394.4  11564.8  11558.9  11498.9  11524.3  11002.7  9145.52  9330.82  6178.19  
11382.2  11447.4  11456  11457.6  11438.8  11365.2  11457.5  11461.6  11375.9  11255.5  11461.3  11455.1  11388  11425.9  11069.8  9045.72  8925.26  4114.41  
12379.1  12350.4  12348.7  12370.9  12321.7  12299.6  12305.9  12355.5  12383.2  12333.1  12328.1  12307.4  12336.6  12381.3  11100.8  9150.68  11185.3  10733.3  
12404.1  12368.8  12367.2  12396.5  12344.3  12331.6  12327.9  12397.4  12406.5  12365.6  12344  12326.5  12366.7  12404.9  11012.4  9148.14  11066.9  10878.7  
11775.1  11813  11760.4  11805.7  11801.8  11792.7  11788.7  11750.6  11795.9  11701.1  11812.6  11802.8  11773.8  11726.5  11092.8  7731.14  9350.67  7341.46  
11775.1  11812.9  11760.4  11805.7  11801.8  11792.7  11788.7  11750.6  11795.9  11701.1  11812.5  11802.8  11773.8  11726.4  11092.8  7731.15  9350.53  7060.73  
12447.5  12405.9  12402.6  12434.1  12380.2  12383.9  12362.9  12421  12448.6  12410.9  12380  12363.4  12409.4  12442.5  11031.6  9240.17  11427.5  11035.8  
11903.2  11904.4  11866.4  11921.2  11919.2  11895.6  11893.4  11835.5  11890  11842.4  11919.4  11909  11904.5  11852.7  10860.9  7298.38  10037  9589.81  
12177.1  12178.9  12178.8  12163.2  12148.3  12071.8  12118.8  12124.4  12179  12093  12178.1  12145.9  12129.2  12172.6  11487.9  8533.84  11515.2  11637.1  
