11505  11509.9  11518.6  11523.5  11436.4  11475.6  11488.7  11523.6  11486.4  11512  11457.2  11442.6  11461.6  11516.4  11491.4  10565.9  7822  7351.6  
12582.3  12466.4  12614.2  12628.2  12635.5  12427.2  12487.2  12616.4  12622.1  12501.1  12621.6  12545  12538.9  12618.4  11982.4  5988.99  12023.1  3165.54  
11970.4  11889.7  11985.3  11944.6  11847.7  11953.2  11852.4  11923.9  11927.9  11985  11908.4  11934.1  11915.4  11977.7  11853.8  10240.4  5677.46  10403.3  
12358.1  12238.5  12127.1  12354.6  12325.7  12156.1  12230.4  12103  12382.9  12385.3  12383.7  12350.4  12385.4  12365.1  11745.4  5026.91  12149.1  2418.11  
12654.8  12541.2  12683.2  12703.4  12705.9  12398.7  12568.2  12419.8  12698  12533.3  12700  12607.9  12643.6  12566.2  11681.9  5761.17  12189.6  3297.44  
11377.6  11413.9  11418.4  11418  11341.3  11366.2  11374.8  11417.7  11375.6  11391.8  11359.1  11317.4  11351.8  11399.1  10634.4  10592  7786.72  10370.8  
12069  11999.1  12092.4  12053.1  12003.6  12068.2  12011.8  11960.7  12045.8  12092.7  12018.7  12042.4  12001.5  12083.9  11869  8736.59  7691.98  4899.86  
11902.4  11825.1  11903.8  11880.3  11782  11901  11742.1  11878  11861.7  11918.4  11756.5  11864.5  11859.7  11912.9  11791.1  10777.9  4609.09  11049.2  
12787.6  12672.8  12825.5  12731  12807.8  12508.6  12719  12479.4  12828.4  12630.7  12831.7  12722  12753.2  12653.1  11658.3  5345.07  12191.8  3446.41  
11806.3  11717.2  11814.8  11781.7  11713.8  11801.3  11544.9  11762.6  11773.2  11814.2  11637.3  11751.2  11722.6  11812.3  11139.1  10933.5  7508.39  9669.25  
11276.7  11299.2  10966.1  11292.9  11227.6  11107.3  11299  11291  11245.3  11249.9  11241.5  11169.2  11158.1  11260.7  10636.6  10606.4  9791.16  10269.9  
12374.7  12255.1  12213.1  12376.1  12403.4  12169.6  12250  12278.5  12401.2  12391  12401  12364.8  12401.9  12375.6  11764.6  6234.2  12051.9  2503.06  
11657.9  11640.6  11659.3  11662.6  11560.2  11631.3  11640.3  11668  11627.6  11667.8  11588.7  11606.2  11623.9  11668  11253.4  10553.9  4509.09  11013.9  
12208.2  12159.4  12195.8  12213  12247.1  12243.6  12232.4  12002.6  12221.6  12249.6  12170.7  12198.8  12141  12238.9  11875.2  6337.74  12081.6  2682.1  
12495.5  12378.5  12415.7  12517.1  12533.8  12268.4  12387.2  12338  12529.2  12452.3  12530  12469.6  12506.4  12457.8  11731.3  6029.62  12096.1  2844.83  
12081.1  12003.8  11975.3  12057.1  11991.1  12062.6  12034.8  11982.3  12047.4  12098.8  12039.3  12050.5  12045.2  12089.6  11891.2  8962.43  5915.46  8148.05  
13022.7  12880.2  12912.4  12967.1  13020.1  12531.1  13006  12758.9  13023.2  12851  13015.5  12914  12895.9  12874.1  12101.4  5317.51  11836  4386.28  
11178.1  11257.1  11145.7  11248.7  11190.1  11209.6  11184.3  11244.4  11201.2  11200.8  11200.4  11117.5  11176.2  11213  10450.9  10620.9  9802.46  9908.43  
12980.7  12839.3  12860.3  12921.4  12977.3  12507.1  12956.9  12713.4  12981.9  12822.1  12974.9  12878.2  12865.6  12841.9  12654.9  5680.81  11685.6  4248.56  
11657.7  11640.5  11659.1  11662.5  11560  11631  11640.2  11667.9  11627.3  11667.6  11588.6  11606  11623.8  11667.8  11253.4  10174  4505.73  11016.4  
