6649.73  6622.34  6517.64  6582.63  6653.99  6647.06  6490.83  6567.46  5056.39  3524.65  950.005  465.02  5718.54  4971.05  6397.25  2923.67  
5823.88  5779.42  5751.75  5833.72  5767.18  5753  5750.42  5835.23  4256.09  4327.01  1472.72  1020.1  4813.98  3545.42  4425.91  4802.56  
6354.02  6320.55  6243.38  6324.62  6352.49  6347.8  6322.73  6310.8  3995.48  3450.97  1756.38  606.233  3032.75  4136.02  5542.61  2282.17  
5731.52  5685.03  5666.18  5729.15  5493.23  5574.29  5642.23  5732.46  4500.29  5039.23  2025.58  842.266  4928.07  3849.16  5542.71  5078.19  
6301.45  6266.85  6194.65  6260.42  6201.26  6266.4  6177.02  6257.16  4857.05  4163.54  1263.17  849.973  5341.21  4301.95  6163.52  4446.42  
7134.94  7117.5  7123.03  7172.35  7131.05  7170.58  7153.74  6986.23  6656.47  1349.9  84.5389  1337.72  6082.08  6831.28  4580.14  7082.49  
7078.44  7055.94  7058.83  7109.14  7073.03  7110.21  7099.83  6932.68  6689.49  2939.94  82.028  1110.72  6247.95  166.923  6580.92  6135.89  
7425.48  7414.05  7421.9  7465.82  7412.05  7466.61  7460.9  7242.48  5641.69  5786.28  558.633  2502.56  6454.57  22.9802  4271.43  2218.78  
5660.16  5612.18  5600.01  5661.85  5431.04  5482.65  5573.82  5665.83  4477.03  4986.14  2184.27  842.77  4897.69  3819.37  5452.61  5239.8  
6131.48  6093.43  6036.97  6141.16  6110.99  6124.78  6038.82  6118.51  4582.92  3664.55  318.21  1035.95  5049.7  3453.49  4355.45  4400.86  
6780.62  6755.92  6639.03  6700.25  6769.02  6779.39  6688.65  6681.41  4651.27  3079.09  893.968  452.917  3762.73  5235.61  6486.4  5042.26  
6497.87  6467.34  6376.8  6443.16  6495.74  6484.55  6457.99  6433.31  4263.67  3416.27  2137.26  322.484  2928.81  4630.69  6385.14  619.274  
7285.59  7271.28  7268.53  7316.41  7273.59  7316.3  7238.07  7121.51  6472.61  2268.58  2171.04  1739.85  5863.12  1028.77  5119.26  7283.2  
7477.59  7467.23  7473.54  7516.75  7461.81  7518.17  7501.26  7288.91  5612.4  6132.72  1120.82  2669.47  6395.45  3.08176  4358.38  2331.75  
6934.12  6912.58  6886.15  6942.94  6928.43  6945.28  6741.15  6815.53  6202.56  3228.92  1233.27  6.50685  6060.38  5669.16  6515.71  4913.36  
5984.07  5943.01  5900.24  6001.81  5980.09  5986.78  5913.19  5993.06  4003.51  3857.28  1924.22  1120.98  4827.71  3037.12  4310.59  4212.63  
6934.12  6912.58  6886.15  6942.94  6928.43  6945.28  6741.15  6815.53  6202.56  3228.92  1233.27  6.50685  6060.38  5669.16  6515.71  4913.36  
5974.67  5933.41  5992.68  5991.66  5961.98  5971.43  5903.11  5983.36  4021.99  3901.26  1928  1110.61  4831.44  3067.34  4356.44  4244.84  
6163.98  6126.61  6067.11  6165.57  6162.2  6164.76  6152.26  6148.29  3623.15  3498.86  1478.65  924.577  2947.72  3510.51  4569.54  3975  
6484.24  6453.43  6447.02  6430.62  6481.44  6469.94  6454.91  6421.26  5125.03  3407.32  2242.88  309.993  1111.78  4600.45  6384.71  16.7503  
