6784.01  6725.09  6787.73  6746.71  6785.29  6603.68  6796.01  6537.05  4822.49  4666.17  1168.93  5146.93  2755.03  1427.56  4262.77  3759.04  
6595.03  6578.01  6571.21  6557.76  6480.3  6521.85  6550.66  6491.87  4858.74  5095.64  720.262  1985.87  2474.88  1151.19  5776.12  4498.67  
6207.43  6109.96  6191.74  6174.61  6140.97  6182.03  6130.17  5896.45  4830.06  5606.9  976.719  5942.95  1870.62  2790.4  5268.82  3537.98  
6300.66  6254.19  6289.34  6265.3  6270.57  6269.6  6237.12  6006.61  2727.62  5918.37  708.49  5872.07  1926.37  2244.65  5088.25  3833.11  
6710.8  6677.81  6691  6675.71  6548.6  6610.74  6670.85  6415.19  5143.48  5075.87  876.337  802.353  2743.89  1576.05  6205.52  4555.35  
6007.59  5935.58  6020.22  6008.17  5959.49  5999.33  5951.11  5735.56  4866.62  5359.32  1647.82  5025.34  2496.57  2773.47  4559.06  3460.06  
5938.16  5916.75  5972.28  5961.31  5926.88  5941.53  5903.42  5701.75  4025.11  1916.38  1911.5  4434.43  2269.94  2598.96  3992.25  3600.55  
6454.55  6453.76  6445.01  6416.91  6424.27  6407.1  6404.46  6176.78  3789.49  5715.57  508.749  3754.87  2088.72  3092.81  5695.7  4214.66  
6938.1  6906.68  6929.94  6924.68  6930.99  6882.88  6817.19  6654.04  5841.82  4367.73  2258.54  640.22  819.417  5293.95  5083.35  1184.16  
6120.97  6132.76  6136.21  6121.22  6102.21  6110.79  6084.88  5853.91  4370.31  5750.12  1044.02  5561.91  2376.83  3270.61  4746.98  3632.22  
7675.64  7581.24  7729.99  7705.6  7685.01  7512.22  7524.36  6937.11  4369.6  3626.87  1936.77  1438.39  304.573  7303.62  5217.27  746.592  
7181.73  7122.02  7194.83  7173.91  7095.24  7067.69  7067.9  6757.65  6101.18  4362.45  1878.08  723.505  1270.13  4810.93  5970.23  1145.98  
7586.1  7498.36  7623.95  7597.21  7566.42  7451.69  7409.22  6935.62  6890.05  3744.73  2710.85  768.499  45.386  7554.14  5680.86  1012.91  
7273.6  7214.53  7291.41  7274.54  7249.8  7177.69  7127.05  6854.19  6383.44  4076.23  2436.75  657.973  492.277  6313.67  5516.67  1040.05  
7491.82  7431.64  7512.28  7507.02  7337.01  7429.84  7279.66  6930.35  7100.54  4125.06  2433.96  673.967  106.986  7460.07  7303.93  53.1912  
7695.3  7685.61  7795.66  7808.9  7575.64  7679.79  7529.19  7330.16  7458.74  3932.72  2353.17  690.334  107.95  7454.61  7485.64  244.784  
7013.63  6974.46  7013.81  7002.07  6984.8  6939.97  6894.54  6743.26  5881.71  4356.82  2327.22  667.1  940.516  5168.71  5343.82  1150.4  
7416.85  7346.2  7454.61  7438.39  7422.81  7285.32  7290.69  6224.2  3950.07  3901.38  1709.79  1346.86  674.65  6276.37  5081.29  769.065  
5862.14  5872.76  5919.51  5916.21  5882.61  5870.55  5860.06  5658.27  3995.35  1999.6  2421  4202.05  2519.8  2471.81  3613.19  3631.21  
6443.4  6445.43  6425.67  6404.63  6406.76  6401.35  6393.03  6350.63  4057.03  5474.54  502.72  2700.99  2087.13  2823.11  5201.5  4296.9  
