5546.66  5523.6  5512.39  5545.54  5481.31  5542.62  5511.4  5550.77  5471.1  5558.15  5510.33  5467.98  5510.25  5564.04  5569.17  5450.75  5353.24  4872.37  4797.28  1342.49  4100.62  4405.52  3960.91  2852  
5287.23  5256.04  5278.41  5307.64  5233.81  5233.48  5249.85  5298.93  5247.34  5296.9  5299.76  5284.29  5262.29  5307.87  5299.66  5269.65  5223.31  4873.58  4087.95  4850.47  3932.39  1078.47  1349.66  2229.11  
5489.53  5479.51  5477.04  5496.1  5439.58  5497.3  5463.69  5507.66  5435.91  5513.72  5483.93  5434.5  5475.01  5505.44  5521.54  5420.16  5295.78  5047.82  4826.74  1506.37  4036.17  4204.61  3966.81  2664.39  
5596.19  5561.84  5543.05  5588.42  5517.5  5581.92  5552.78  5588.14  5501.61  5596.69  5533.23  5497.01  5540.8  5614.86  5610.47  5477.27  5403.06  4720.23  4771.74  1200.38  4156.51  4579.74  3955.8  3014.69  
4386.82  4914.44  4991.92  5014.34  5019.28  5040.25  4978.62  4850.69  4804.12  5032.24  5005.44  4930.83  5028.48  5046.44  4856.19  5035.85  4488.03  5009.93  3962.96  2149.63  4119.37  1671.36  2324.96  530.587  
5651.66  5601.27  5570.57  5644.28  5556.97  5604.34  5603.55  5623.2  5526.51  5638.77  5542.48  5534.87  5563.67  5659.7  5658.12  5531.21  5498.13  4221.63  4502.11  1963.16  4161.08  4253.82  3092.25  3244.19  
5769.17  5743.35  5570.3  5779.61  5660.93  5715.07  5760.8  5711.15  5638.17  5770.51  5749.6  5649.71  5769.59  5778.92  5622.32  5679.71  5740.02  4765.98  4897.76  1677.63  3873.32  3702.9  1482.52  208.699  
5800.77  5830.92  5596.64  5823.64  5697.77  5726.2  5807.38  5735.84  5664.09  5808.49  5800.87  5686.4  5820.91  5816.07  5654.79  5725.19  5816.14  4743.02  4554.55  1679  3837.29  3451.79  986.649  837.272  
5260  5179.95  5202.51  5194.58  5182.52  5224.76  5199.89  5254.03  5207.91  5245.26  5223.9  5219.92  5189.32  5259.09  5215.15  5259.74  5094.2  5158.91  3921.53  3774.35  4683.26  145.247  1536.12  2553.94  
5709.78  5674.85  5545.74  5710.9  5603.92  5685.42  5682.8  5672.37  5589.87  5706.6  5645.83  5589.06  5668.98  5719.47  5628.39  5606.26  5619.44  4626.34  4261.86  1817.52  4063.06  4028.75  2253.15  1039.92  
5819.55  5854.7  5588.62  5845.17  5712.94  5752.39  5832.99  5751.73  5684.56  5830.41  5834.27  5703.91  5854.94  5835.39  5645.19  5749.44  5855.34  4873.79  4476.92  1631.94  3805.61  3379.06  715.521  125.031  
4283.42  4891.2  4975.14  5002.33  5006.07  5018.56  4958.69  4807.03  4760.45  5013.2  4986.89  4904.29  5017.11  5027.22  4822.76  5010.41  4591.44  5008.9  3981.32  2084.7  4053.16  1894.55  2462.83  2013.53  
5384.76  5395.28  5405.45  5413.2  5362  5392.76  5380.58  5421.85  5362.19  5431.16  5419.24  5378.41  5399.13  5443.88  5435.6  5337.14  5229.38  5043.83  4641.55  2721.96  3860.39  3319.02  3126.21  2367.26  
4710.66  5007.25  5064.52  5070.62  5075.7  5109.03  5056.52  4997.87  4952.39  5107.29  5081.65  5033.29  5082.89  5121.49  4983.02  5117.32  5036.7  5053.08  3949.23  2624.99  4301.15  983.342  2146.19  2293.08  
5340.46  5323.4  5337.85  5371.74  5295.11  5296.26  5315.42  5356.37  5298.37  5361.14  5350.86  5334.51  5323.39  5373.31  5369.2  5310.6  5266.47  5219.2  4210.92  4425.95  4564.71  1.46514  1677.81  2318.07  
4997.31  5107.7  5146.63  5152.03  5139.07  5169.38  5139.06  5136.25  5089.29  5186.75  5164.82  5139.58  5148.07  5200.5  5115.56  5194.04  5064.4  5128.85  3939.5  3423.43  4531.8  438.905  1740.6  1267.06  
4716.98  5003.63  5060.62  5063.24  5072.8  5110.46  5053.98  4998.25  4953.32  5104.82  5078.42  5030.54  5078.9  5119.16  4979.49  5117.72  5107.24  5042.85  3945.97  2530.1  4289.65  954.075  2187.08  2583.6  
5407.24  5390.03  5398.8  5414.47  5357.01  5400.56  5375.81  5425.9  5363.45  5426.74  5415.09  5371.12  5393.08  5439.74  5430.48  5342.25  5246.37  4948.54  4624.01  2542.58  3777.71  2732.5  3265.43  2477.47  
5124.9  5110.61  5147.97  5080.72  5125.69  5158.04  5134.34  5177.2  5150.71  5183.78  5176.49  5169.86  5136.43  5195.83  5135.77  5190.23  4910.87  4814.09  4015.71  3659.8  3573.77  1397.65  1593.1  2306.22  
5340.46  5323.4  5337.85  5371.74  5295.11  5296.26  5315.42  5356.37  5298.37  5361.14  5350.86  5334.51  5323.39  5373.31  5369.2  5310.6  5266.47  5219.2  4210.92  4425.95  4564.71  1.46514  1677.81  2318.07  
