3661.8  3627.14  3714.72  3696.99  3719.28  3710.61  3645.93  3697.55  3730.03  3647.67  3704.78  3732.09  3729.02  3521.51  
3768.59  3705.28  3837.56  3791.81  3833.62  3837.57  3748.72  3671.02  3819.27  3772.35  3827.18  3841.94  3845.8  3616.34  
4346.16  4282.65  4447.03  4290.6  4373.32  4370.55  4414.4  4401.51  4403.3  4349.19  4436.6  4372.81  4431.17  3978.92  
3406.63  3432.89  3414.53  3451.9  3436.83  3394.93  3413.3  3215.7  3422.4  3334.16  3400.68  3444.9  3447.43  3402.78  
3345.12  3388.52  3344.34  3398.8  3371.74  3322.99  3352.16  3270.86  3357.03  3263.64  3331.14  3382.64  3380.38  3342.69  
4099.17  3958.29  4196.48  3904.01  4152.5  4137.6  4159.53  3924.95  3998.43  4103.84  4176.71  4052.09  4192.07  4070.83  
4297.87  4247.07  4388.89  4201.36  4311.96  4307.7  4366.31  3966.39  4187.62  4287.7  4375.81  4364.58  4376.44  4055.33  
3848.87  3765.83  3925.91  3900.17  3914.66  3926.11  3917.98  3766.85  3911.55  3862.58  3914.1  3916.11  3932.6  3831.1  
4176.52  4111.42  4264.85  4120.28  4206.31  4206.83  4253.75  3925.7  4117.55  4174.56  4251.17  4255.84  4257.76  4027.06  
4442.72  4417.68  4542.28  4437.69  4454.27  4456.5  4514.55  4486.74  4521.21  4441.11  4535.25  4514.29  4522.29  3960.26  
3130.93  3127.72  3092.04  3040.71  3137.32  3082.42  2996.49  3052.86  3045.97  2972.2  3059.15  3138.59  3152.13  2609.34  
3247.78  3261.99  3222.82  3207.27  3255.36  3192.67  3220.02  3125.01  3267.96  3114.4  3195.6  3270.02  3273.83  2706.76  
3540.82  3536.71  3573.86  3584.73  3587.39  3564.45  3528.36  3561.95  3493.75  3502.43  3563.15  3596.07  3596.07  3459.19  
3949.33  3856.32  4032.78  3965.68  4008.74  4017.89  4042.62  3849.93  3985.09  3962.77  4017.91  4008.88  4035.73  3975.18  
2811.4  2762.35  2735.65  2727.46  2815.69  2813.01  2725.57  2852.45  2738.4  2584.33  2687.53  2817.19  2819.33  2854.57  
3000.44  2980.38  2948.21  3015.83  3007.16  3005.67  2839.9  2967.76  2931.24  2814.82  2908.93  3005.94  3016.22  2935.02  
2803.84  2753.64  2727.57  2715.92  2808.04  2805.31  2848.73  2847.84  2730.69  2575.12  2678.68  2809.64  2811.46  2851.34  
2990.18  2968.55  2937.25  3000.16  2996.77  2995.21  3007.1  2961.5  2920.78  2802.32  2896.92  2995.7  3005.54  2930.63  
3523.82  3523.74  3553.85  3568.44  3568.55  3542.8  3516.12  3547.64  3553.71  3481.51  3542.86  3580.7  3577.31  3438.8  
3976.2  3856.14  4032.56  3965.55  4008.55  4017.7  4042.36  3849.76  3984.94  3962.57  4017.7  4008.69  4035.52  3974.89  
