12187.5  12167.8  12191.5  11943.5  12219.5  12172.1  12225.1  12213.9  12226.2  12230.7  12227.2  12230.3  12141.6  12186.7  9864.94  11054.4  9491.02  8910.54  
11388  11450.9  11511  11511.1  11503.8  11374.1  11504  11417.8  11391.8  11486  11446.7  11475.5  11491.8  11300.7  11058.6  8797.26  8201.89  10296  
11575.6  11546.2  11605.6  11646  11634.9  11598.7  11644  11564.9  11560.2  11636  11622  11617.8  11604.6  11435.8  10661.6  8464.05  8821.96  10166  
11659.1  11653.2  11699.8  11749.9  11758  11769.5  11703  11697.4  11712.2  11771.5  11772  11750.7  11601  11577.3  10272.5  9754.63  9102.89  10207.2  
11779.7  11699.1  11805.5  11783.2  11806.1  11820.9  11772.5  11742.4  11765.2  11818.8  11822.1  11798.6  11818.2  11653.5  10033.9  9805.87  9425.71  10436.9  
11932.7  11883.9  11781.6  11862.1  11972.4  11982.9  11959.1  11924.2  11957.3  11990.4  11994.2  11976.7  11869  11866.2  9785.74  10633.4  10372.6  9472.41  
11529.5  11522.2  11580.3  11612.2  11602  11542.6  11610.1  11528  11517.9  11598.4  11578.1  11582.1  11578.4  11401.7  10763.6  8525.67  8673.95  10193.3  
11633.8  11611.9  11733.2  11731.9  11721.2  11732.8  11662.5  11657.8  11668.6  11732.6  11732.9  11710.4  11554.1  11533.4  10306.1  9593.65  8888.98  10320.5  
11389.6  11488.9  11471.3  11563.6  11556.1  11468.6  11537.4  11480.4  11460.8  11547.5  11519.3  11533.7  11405.6  11346.2  11038  10130.7  8469.73  10039.1  
11961.8  11906.9  12006.1  11868.7  11993.7  11999  11983.9  11949.2  11979.6  12010.3  12013  11997.8  11893.5  11898.6  9913.01  10442.1  8304.42  9410.48  
12115.5  12075.2  12129.6  11923.5  12139.9  12123.1  12147.8  12110.1  12143.8  12157  12156.9  12151.8  12064.8  12082.2  9954.78  10671.7  8241.2  8961.62  
11906.3  11781.2  11898.2  11830.9  11885.9  11903.3  11872.4  11826.7  11855.2  11899.1  11905.5  11880.9  11878.8  11767.6  9732.68  10151.5  9776.6  10034.2  
11319.9  11406.3  11445.5  11447.3  11442.3  11269.6  11426.1  11350  11313.3  11416.1  11365.1  11409.1  11393.7  11235.1  11284.5  8519.89  7707  10302.2  
12263  12232.5  12263.8  12210.6  12277.3  12211.8  12283.8  12275.6  12284.7  12283  12278.4  12285.5  12199  12263.6  9603.37  11931.2  10479.8  8623.54  
11282.9  11379.2  11411  11410.2  11405.7  11209  11400.1  11309.4  11266.6  11374.5  11316.8  11369.5  11388  11196.2  11406.1  8296.73  7582.91  10305.9  
12029.2  11986.9  12080.7  11899.9  12064  12061.4  12063.3  12034.3  12060.1  12082.2  12082.2  12073.3  11981.1  11986.9  10076.6  10581.1  9559.18  9174.89  
11894.1  11771.5  11886.6  11826.1  11876.7  11894.4  11861.5  11817  11844.9  11889.9  11896.2  11871.3  11868.2  11755.1  9888.84  10122.9  9795.89  10067.5  
12257.7  12221.1  12260.6  12241  12267.7  12260.5  12274.9  12261.6  12274.6  12274  12270.1  12275.8  12189.9  12251  9584.5  11976.2  10361.8  5869.12  
12105.2  12062.2  12143.3  12024.5  12129.4  12107.9  12131.4  12108.1  12128.8  12143.6  12142.7  12138.1  12089.4  12071.2  9889.12  11130.1  9975.73  7973.45  
12029.1  11986.9  12080.6  11900.1  12064  12061.3  12063.3  12034.4  12060.1  12082.2  12082.2  12073.3  11981.1  11986.9  10077.3  10580.1  9563.85  9173.39  
