20904.5  20261.7  8199.33  17577  9421.29  14216.2  20967.4  17629.3  15656.3  18796.6  7997.68  20997.6  12858.1  9780.03  1853.87  14072.3  7955.28  20383.4  
203.822  22.0038  346.035  151.679  323.957  0.361611  0.0106534  0.0897994  0.118609  0.0122765  0.000358423  0.137607  0.06349  0.00147923  0.0159608  0.222469  0.0603905  0.231098  
163.705  35.756  34.8723  100.502  138.785  0.0439654  0.0114219  0.167043  0.335045  0.0267511  0.0525067  0.158433  0.0326898  0.00376007  0.116342  0.0387364  0.00938965  0.105151  
7.26842  98.0825  32.3351  84.6753  95.1215  0.848998  4.93066e-005  0.00296657  0.00247879  0.00232371  8.1519e-005  0.000292329  0.00250937  2.47299e-005  0.0041772  7.50286e-005  0.000553953  0.000421318  
43.9301  75.5638  26.4557  75.9044  79.124  4.56353  25.6199  0.0105485  0.0123762  6.63533e-005  1.1469e-005  0.00410778  0.000543341  0.00014524  0.000599514  0.018456  0.000303295  0.00107508  
6.00477e-009  4.17227e-010  2.1258e-010  4.25918e-009  8.31342e-009  5.78674e-009  1.29941e-009  3.18119e-010  3.13507e-012  1.74799e-010  1.39001e-010  1.05837e-009  1.06003e-008  9.66744e-011  6.75952e-009  1.08912e-009  8.52407e-010  1.97019e-009  
3.95258e-009  4.1369e-007  1.04744e-008  2.20565e-008  1.61286e-006  3.75227e-007  9.65252e-007  9.00805e-009  1.27628e-009  4.67906e-007  1.80502e-007  1.84099e-006  6.78548e-007  3.15578e-006  5.75737e-007  1.98022e-006  4.81436e-006  0.000529351  
6.58335e-009  3.14519e-010  2.77356e-010  4.12032e-009  6.7726e-009  1.02746e-008  5.35629e-010  2.71206e-009  5.78526e-012  1.33062e-010  9.0219e-011  8.38766e-010  7.99782e-009  5.39649e-010  6.79306e-009  9.30868e-010  5.41525e-010  2.10414e-009  
4.90767e-009  4.35924e-010  2.00153e-010  5.74965e-009  1.09126e-008  8.42528e-009  1.68748e-009  2.47652e-009  7.46512e-012  1.90312e-010  2.59882e-010  1.14084e-009  5.66297e-009  3.36732e-010  6.84643e-009  8.74255e-010  1.66263e-009  1.92594e-009  
4.7733e-009  4.49339e-010  1.96018e-010  5.87896e-009  1.14071e-008  8.3098e-009  1.81316e-009  2.47945e-009  7.62546e-012  1.98459e-010  2.86014e-010  1.17701e-009  5.52751e-009  4.15212e-010  6.85052e-009  8.71722e-010  1.95301e-009  1.92407e-009  
4.04311e-009  3.49291e-010  2.11311e-010  1.76245e-009  1.00707e-008  5.05983e-009  1.17484e-009  2.55655e-009  1.21153e-011  1.47364e-010  1.51861e-010  1.62797e-010  9.23449e-009  1.25014e-010  6.82145e-009  2.17251e-009  4.51443e-010  1.82651e-009  
5.30492e-009  3.96264e-010  2.12376e-010  5.36736e-009  9.45053e-009  8.76666e-009  1.31592e-009  2.46786e-009  6.99111e-012  1.66226e-010  1.82626e-010  1.0339e-009  6.06346e-009  1.04712e-010  6.83433e-009  8.81745e-010  8.04155e-010  1.93145e-009  
3.29575e-009  4.00549e-010  1.95738e-010  7.82493e-009  1.33249e-008  1.17576e-008  1.78214e-009  2.40361e-009  1.58953e-012  1.78374e-010  3.4147e-010  1.15364e-009  1.00407e-009  4.35685e-010  6.96212e-009  9.63354e-010  1.73871e-009  1.83054e-009  
4.61493e-009  3.76684e-010  2.12191e-010  6.80507e-009  1.07112e-008  1.25609e-008  1.34997e-009  2.42639e-009  1.52656e-011  1.58218e-010  2.36277e-010  1.04907e-009  5.23125e-010  1.59725e-010  6.92204e-009  5.19196e-010  7.85579e-010  1.89666e-009  
4.20763e-009  3.50304e-010  2.12334e-010  5.20691e-009  9.76637e-009  4.69723e-009  1.14552e-009  2.4299e-009  1.22092e-011  1.47147e-010  1.39566e-010  9.3736e-010  9.81725e-009  1.04427e-010  6.80915e-009  2.18015e-009  3.9762e-010  1.83499e-009  
5.99848e-009  4.17188e-010  2.12541e-010  4.12755e-009  8.32505e-009  5.80059e-009  1.30053e-009  3.22959e-010  3.13148e-012  1.74807e-010  1.39471e-010  1.02877e-009  1.05781e-008  9.74611e-011  6.75999e-009  1.08883e-009  8.54464e-010  1.96986e-009  
25.5925  85.0708  29.925  81.0799  88.5637  3.14031  9.91104  0.00554919  0.0079381  1.91398e-007  2.57169e-006  0.00115718  8.61078e-006  8.9825e-007  0.000473171  0.0101085  0.000293258  0.000690368  
14.0011  92.5461  31.677  83.6935  93.3306  1.78653  2.58673  0.00428652  0.00488271  0.000313242  2.90876e-005  0.000797196  0.00200836  2.13685e-006  0.00274084  0.00196966  0.00042329  0.000495354  
17.4098  91.2681  30.8849  82.5118  91.1754  2.04761  6.06796  0.00569029  0.000412314  0.000195511  3.80179e-005  0.00126522  0.00124141  2.39033e-007  0.00228247  0.00718869  0.000432782  0.000582931  
20.4611  89.4222  30.387  81.7691  89.8208  2.40374  8.13458  0.00457237  0.00692479  0.00137998  4.08053e-005  0.00158846  0.000413164  2.1848e-005  0.00163837  0.00830239  0.00040029  0.000638267  
