4001.36  3943.36  3972.93  4005.38  3990.36  3878.68  4021.17  4021.17  3933.02  3995.33  3989.7  4001.97  3989.6  3959.33  
3937.65  3839.65  3874.97  3905.15  3920.57  3811.63  3903.15  3935.44  3842.7  3900.42  3880.3  3872.5  3916.69  3820.74  
4197.54  4308.94  4337.85  4337.7  4248.17  4158.6  4262.05  4313.37  4225.46  4330.57  4302.99  4289.11  4202.03  4255.63  
4194.61  4244.95  4263.61  4251.85  4204.45  4112.72  4214.46  4265.41  4177.86  4271.63  4267.07  4257.46  4171.29  4150.68  
3654.21  3574.53  3640.16  3668.54  3678.11  3623.97  3658.56  3677.24  3595.87  3655.27  3599.41  3644.02  3672.3  3567.97  
4420.95  4510.96  4539.29  4505.66  4315.34  4384.36  4531.74  4447.17  4386.52  4518.02  4516.86  4241.96  4275.48  4492.62  
4363.9  4491.91  4500.37  4495.87  4296.39  4412.02  4464.1  4443.52  4383.62  4505.09  4501.54  4377.29  4273.72  4437.47  
2637.85  2929.32  2976.36  2845.59  2934.12  2976.62  2929.5  2934.88  2805.68  2982.02  2771.63  2808.41  2711.33  2801.29  
3089.68  3183.94  3251.91  3201.92  3231.05  3255.49  3239.11  3238.38  3146.15  3255.51  3114.36  3222.02  3147.95  3251.59  
3826.45  3724.55  3777.76  3818.63  3828.01  3742.47  3801.66  3828.37  3744.82  3798.44  3768.34  3749.7  3826.82  3715.98  
4053.93  4062.02  4079.82  4116.23  4077.71  3952.75  4143.63  4122.39  4035.46  4102.33  4105.46  4150.55  4078.04  4111.28  
3789.98  3677.53  3735.73  3777.71  3793.16  3713.22  3754.27  3786.92  3704.35  3756.12  3721.16  3694.86  3791.82  3662.05  
3487.09  3445.55  3522.56  3535.8  3533.57  3513.5  3544.02  3541.01  3462.22  3530.18  3447.69  3464.65  3525.95  3450.24  
2536.97  2829.4  2892.73  2747.19  2825.69  2897.98  2857.2  2835.72  2713.39  2890.24  2658.11  2655.25  2617.6  2655.8  
2792.61  3055.14  3095.96  2974.35  3059.69  3104.21  3043.31  3070.63  2960.49  3103.52  2945.71  2962.25  2924.03  2952.39  
3265.59  3330.42  3385.71  3360.1  3396.37  3386.94  3367.08  3394.74  3301.84  3397.74  3295.09  3353.17  3327.2  3392.52  
3089.68  3183.94  3251.91  3201.92  3231.05  3255.49  3239.11  3238.38  3146.15  3255.51  3114.36  3222.02  3147.95  3251.59  
3336.67  3348.05  3422.96  3428.27  3429.35  3425.85  3428.9  3432.13  3349.42  3429.74  3331.64  3366.6  3396.84  3414.95  
2598.99  2807.51  2892.65  2772.62  2823.07  2892  2883.89  2829.13  2709.7  2884.75  2627.86  2675.41  2605.24  2700.04  
2883.53  3020.72  3094.31  3010.65  3054.03  3093.68  3081.81  3058.99  2953.1  3093.7  2898.29  2990.12  2903.2  3016.39  
