12106  12166.7  12195  12144.5  12211.6  12202.1  12216.2  12198.3  12215.9  12180.9  12181.3  12156.9  12212.6  12152  10740.8  8258.5  9116.72  7130.01  
12299  12357.5  12352.8  12338.2  12394.8  12386.9  12394.3  12397.3  12395.5  12345.8  12395.9  12335.6  12380.1  12321.1  10592.9  7387.85  11451.5  3790.18  
11744.7  11735.5  11831.3  11729.9  11833.5  11704.5  11838.6  11807.4  11773.3  11828.7  11731.4  11768.4  11815.3  11836.8  10863.5  9343.24  10739.6  959.172  
12259.5  12320.1  12324.5  12299.5  12350.8  12354.6  12358.5  12355.8  12360.7  12312.7  12354.5  12304.9  12343.4  12285.8  10641.6  7531.38  11168.2  3806.25  
11780.8  11785.3  11827.7  11777  11876.2  11744.7  11881.4  11851.2  11812  11868.3  11774.5  11791.7  11841.2  11874.6  10911.2  9305.86  10634.6  1552.87  
11840  11869.8  11946.9  11862.6  11955  11812.6  11959.4  11928.8  11869.1  11941.5  11840.7  11824.8  11898.8  11939  10900.9  9184.66  10723.6  1442.93  
11661.4  11599.2  11641.2  11594.5  11716.8  11598.6  11716.7  11685.6  11681.6  11713.9  11628.6  11723.3  11738.2  11740.8  10948.1  9618.18  10331  2444.75  
11576.5  11472.7  11489.5  11469  11642  11498.8  11603.4  11607.2  11588.8  11607.8  11532  11649.4  11536.2  11648.1  10684.7  9818.45  10775.4  2923.61  
11897.3  11962.1  12017.8  11952.7  12040  11887.6  12041.7  12007.3  11938.7  12018.7  11913  11857.8  11970  12005.4  10945.9  9022.24  9620.1  4811.22  
11990.7  12054.1  12104.6  12029.9  12104.8  12094.1  12110.8  12079.4  12108.4  12083.2  12052.3  12050.3  12109.2  12051.2  10844.9  8578.22  8005.05  8646.87  
11494.5  11531.9  11506.6  11332.5  11568.5  11389.1  11482.9  11513.3  11476.9  11495.4  11419.4  11569.7  11553.7  11553  11067  10117.6  6114.16  6326.03  
12183  12244.4  12261.6  12223  12282.3  12279.1  12288.2  12277.6  12288.2  12247.6  12266.4  12229.4  12276.9  12219.5  10697  7668.99  10261.5  5358.92  
12469.5  12510.2  12434.2  12510.2  12559.5  12570.3  12556.2  12568.5  12548  12495.1  12568.9  12482.5  12561.5  12498.6  10208.9  8244.17  9589.62  2943.94  
12515.3  12555.4  12475.1  12554.1  12602.4  12503.2  12596.1  12618.3  12590.4  12532.1  12610.6  12557  12600  12534.1  10196.2  7708.67  12313.4  2255.67  
11428.5  11500.8  11454.8  11228.7  11509.6  11306  11390.3  11444.9  11395.7  11408.9  11336.3  11504  11483.5  11478.6  11124.5  10316.2  5141.36  8076.29  
12384.8  12433.3  12391.2  12424.1  12476.7  12415.2  12475.2  12484.5  12471.7  12420.4  12475.4  12428.4  12473.1  12410.5  10392.8  7693.09  11507.7  3474.17  
11384.1  11476.7  11418.8  11422.5  11470.2  11250.4  11328.2  11399.2  11341.5  11350.9  11280.8  11461.7  11434.8  11428.7  11157.5  10448.2  4086.67  9105.5  
11656.6  11594.1  11638.7  11587.7  11711.4  11652.4  11710.5  11679.9  11676.2  11708.2  11622.6  11719.8  11734.2  11735.7  10949.2  9212.98  11693.2  2446.35  
12106  12166.7  12195  12144.5  12211.6  12202.1  12216.2  12198.3  12215.9  12180.9  12181.3  12156.9  12212.6  12152  10740.8  8258.5  9116.72  7130.01  
12381  12430  12388  12421.4  12471.5  12479.4  12472.8  12478.8  12469  12418.2  12478.5  12407.6  12469.5  12408.9  10391.4  7943.61  10255.3  3307.54  
