3674.21  3541.01  3641.86  3483.85  3487.98  3656.56  3681.52  3656.51  3411.03  3630.23  3627.14  3569.53  3697.63  3409.54  
3750.74  3608.31  3700.61  3415.04  3575.24  3728.2  3631.5  3712.97  3495.89  3677.15  3730.2  3663.91  3764.35  3315.31  
4436.24  4415.76  4442.44  4305.12  4333.58  4363.35  4416.44  4433.69  4276.58  4367.28  4323.21  4407.76  4355.61  4385.04  
3273.32  3153.46  3323.39  3366.07  3073.07  3322.27  3313.08  3344.64  3129.55  3305.32  3281.87  3114.08  3391.51  3149.66  
4322.51  4322.45  4335.97  4150.64  4207.44  4266.1  4325.38  4326.49  4218.15  4199.1  4312.65  4287.12  4254.87  4329.65  
3240.13  3268.49  3239.99  3272.77  3042.6  3285.79  3259.88  3311.72  3112.63  3267.95  3256.82  2881.81  3343.16  3120.24  
4257.09  4273.75  4286.52  4122.26  4156.55  4222.88  4270.4  4278.7  4162.47  4162.81  4258.93  4222.81  4215.42  4254.4  
3476.97  3384.19  3481.05  3508.1  3277.54  3485.05  3531.11  3521.65  3234.91  3484.94  3420.96  3416.07  3540.03  3533.67  
3118.67  3192.36  3108.03  3156.98  2937.62  3183.47  3130.9  3215.21  3055.95  3166.8  3176.2  2711.62  3217.2  3048.24  
2969.7  3077.19  2947.93  3012.72  2760.69  3047.89  3000.59  3082.31  2979.48  3035.65  3056.05  3024.16  3062.8  3020.72  
4372.99  4513.9  4575.98  4484.64  4490  4484.19  4530.31  4567.25  4356.01  4567.99  4346.83  4548.69  4480.49  4458.17  
4158.3  3866.78  4173  3879.36  4032.93  4123  4159.06  4168.97  4016.69  4085.92  4127.03  4074.27  4117.11  4141.22  
2768.53  2708.54  2745.65  2923.36  2742.39  2898.26  2835.87  2943.02  2915.73  2889  2940.66  2930.12  2878.62  2950.21  
2714.22  2674.61  2686.67  2871.55  2695.34  2852.51  2778.16  2899.87  2890.37  2843.77  2904.61  2853.74  2822.29  2917.95  
4030.36  4033.05  4036.51  3965.42  3897.41  4004.22  3996.85  4036.83  3887.34  3969.74  3999.15  3905.1  4014.13  3888.92  
3896.35  3898.1  3888.97  3880.55  3744.63  3875.25  3835.36  3894.16  3725.15  3856.66  3844.94  3718.01  3895.46  3672.78  
3472.87  3386.54  3475.08  3502.35  3273.32  3481.17  3525.45  3518.31  3232.04  3480.95  3514.79  3405.64  3535.84  3528.89  
4548.22  4507.78  4547.55  4458.7  4458.29  4459.41  4506.04  4539.58  4333.6  4534.32  4332.46  4526.67  4455.23  4438.53  
4030.34  4032.42  4036.47  3964.75  3897.35  4004.17  3996.81  4036.78  3948.57  3969.64  3999.18  3905.02  4014.09  3888.89  
3894.97  3896.55  3887.18  3878.72  3743  3873.87  3833.55  3892.46  3723.48  3855.28  3843.49  3717.65  3894.17  3669.81  
