12020.4  11999.3  12040.3  12045.5  11855.2  11992.6  12067.2  12049.5  11905.8  12049.3  11886.5  12050.1  12027.5  12070.1  11138.5  11622  11241.2  10851.5  
11617.7  11568.5  11463.3  11629.2  11518.9  11652.2  11583.5  11537.7  11631.5  11657.8  11644.4  11665.8  11626.5  11626.9  11225  11673.1  10688.1  10325.8  
11756.8  11711.2  11680.1  11766  11623.6  11785.5  11754.9  11776.7  11764.2  11754.6  11777.3  11762.5  11776  11787.1  10774.2  10894  10390.1  5022.8  
11777.9  11747  11730.5  11800.3  11619.6  11828.9  11787.8  11811  11800.1  11802.3  11804.2  11800.9  11828.8  11824.9  10857.2  11177.2  10749.1  4998.81  
12139.7  12127.2  12117.3  12172.3  11964.6  11840.6  12150.1  12169.3  11976.6  12149.9  11805.6  12168.4  12127.4  12169.8  10293.5  9984.06  8708.92  8350.24  
11932.8  11914.5  11936.4  11962.8  11772.2  11616.7  11968.8  11959.7  11744  11978.3  11826.1  11970.5  11966.4  11987  10210.7  11237.3  8432.6  11267.3  
12423.8  12380.4  12413.1  12409.9  12154.3  12063.9  12361.2  12421.3  12425.6  12354.8  12225.2  12409.2  12263.2  12390.8  10311.8  8895.36  9437.75  7793.17  
12280.9  12243.4  12290.1  12280.5  12034.8  12295.4  12229.9  12280  12299.5  12240.5  12021.1  12280.5  12194.8  12288.3  10410.7  8805.51  9401.63  7949.81  
12270.7  12234.9  12278.2  12272.6  12029.8  12279.4  12224.5  12272  12276.6  12233.9  12007.2  12272.3  12190.1  12279.4  10407.5  8896.67  11623.7  9980.39  
12483.3  12433.9  12418.2  12458.6  12181.9  12475.3  12400.4  12469.9  12465.9  12383.3  12329.8  12460  12240.4  12446.8  10351.1  9066.87  11691.4  8646.83  
11889.8  11869.6  11914.9  11918.4  11730.9  11912.2  11950.9  11914.6  11797.9  11942.2  11882.2  11929  11926.3  11953.3  11254  11526.4  10979.5  11945  
11033.5  10962.5  11025.1  11050.8  11037.5  11062.9  11028.2  10905.7  10781.4  10893.9  11042.5  11043.3  10985.1  10967.4  10764.7  9923.77  7959.56  8473.98  
11153.7  11163.6  11230.9  11242.9  11090  11244.5  11181.8  11130.5  10994  11232.6  11239.7  11228.3  10999.3  11199.5  10752.6  10171.9  7346.24  9649.4  
11400.6  11337.7  11405.7  11409.2  11222.2  11405.7  11339.8  11293.2  11215  11383  11411.6  11388.8  11234.2  11394.4  10722.8  10224.7  7353.3  9772.79  
11245.2  11195.9  11262  11273.8  11086.4  11273.3  11203.7  11124  11024.4  11262.7  11271.2  11258  11042.3  11237.4  10749.2  10254.3  7198.69  9914.18  
11490.5  11471.1  11542.5  11536.6  11384.1  11531.8  11477  11535.8  11407.1  11493.5  11544.2  11512  11415.7  11540.1  10695.5  10108.2  7679.3  7304.11  
10974.1  10941.5  11004.9  11030.7  11039.9  11044.2  11014  10909.8  10861.6  10874.3  11022.1  11024  10957.2  10942.8  10767  9870.28  8055.39  8302.02  
11311.3  11326.8  11397.5  11398.8  11287  11398.7  11349.5  11377.8  11229  11366.8  11401.8  11379  11221.2  11377.7  10718  10089.7  7747.77  9121.41  
11475.2  11467.6  11539.8  11533.3  11415  11530  11482.8  11536.8  11415.6  11486.8  11541.2  11508.8  11411.7  11534.1  10692.4  10076  7864.42  9041.02  
11642.2  11616  11535.8  11675.1  11535.4  11646.9  11663.8  11652.8  11627.2  11678.1  11675.7  11678.1  11649.1  11678.3  10993.4  10938.4  10162.3  7231.3  
