5575.17  5621.35  5520.96  5465.42  5625.28  5540.99  5610.43  5556.53  5617.01  5628.37  5521.63  5582.33  5494  5532.48  5395.15  5574.65  5634.55  5108.06  3497.61  3791.18  3815.02  225.812  1653.61  2197.38  
5077.78  5051.39  5016.01  5106.13  5121.38  5063.84  5061.46  5057.7  5069.37  5105.05  4973.16  5120.63  5111.77  5001.11  5037.93  4981.36  4912.27  4713.7  4836.57  4103.94  4824.26  415.898  1781.79  1333.51  
5420.6  5463.47  5406.33  5281.85  5456.26  5427.8  5422.87  5400.24  5461.04  5460.1  5449.89  5378.49  5307.59  5463.87  5331.83  5453.24  5430.69  5053.7  4111.07  3495.03  4470.8  1103.03  938.888  5126.97  
5248.64  5249.67  5161.14  5150.98  5254.22  5205.89  5229.91  5166.1  5230.43  5249.24  5147.97  5226.48  5251.05  5247.85  5229.39  5212.59  5135.33  4796.71  4704.05  1279.93  4917.86  1860.52  3595.86  2502.08  
5650.01  5712.8  5645.63  5602.88  5752.44  5663.62  5754.12  5669.82  5737.13  5747.43  5646.43  5744.53  5662.04  5549.04  5504.44  5663.52  5748.46  5016.2  4931.06  4314.41  5351.92  1246.46  1689.93  2867.6  
5587.96  5676.36  5590.62  5540.36  5697.01  5610.15  5691.38  5610.78  5652.72  5689.53  5589.34  5669.27  5595.49  5489.93  5463.1  5603.06  5695.14  5045.83  3183.47  3930.77  5276.16  277.407  1577.35  2729.43  
5695.44  5739.5  5685.89  5648.64  5793.02  5702.75  5800.05  5713.08  5752.02  5789.8  5688.22  5800.69  5710.79  5592.41  5534.76  5707.79  5787.65  4994.54  5736.41  4594.85  5405.62  403.521  1772.49  2996.86  
5304.71  5311.45  5229.79  5181.11  5310.54  5268.5  5279.07  5234.24  5296.24  5308.3  5219.82  5277.53  5309.77  5309.7  5263.02  5285.54  5220.47  4887.37  4551.54  2187.68  4800.83  1846.06  2574.23  2309.35  
5781.95  5797.44  5762.93  5733.56  5871.12  5784.73  5887.91  5789.12  5832.32  5861.81  5773.37  5870.49  5799.56  5680.52  5602.15  5793.63  5854.4  4990.17  3983.7  5078.73  5463.98  958.908  1998.27  2542.44  
5193.32  5189.08  5093.99  5122.26  5199.17  5144.6  5182.27  5099.17  5165.9  5191.48  5077.61  5176.24  5141.45  5187.12  5196.03  5140.59  5051.78  4707.61  4666.57  4592.27  5024.58  1857.51  3370.37  2674.5  
5529.91  5547.89  5547.21  5372.86  5538.29  5550.6  5513.03  5483.94  5556.54  5548.44  5437.14  5477.14  5458.99  5445.55  5335.89  5527.18  5546.47  5527.19  3848.25  3629.75  3878.25  4.56758  475.014  1840.07  
5447.7  5470.22  5455  5284.2  5457.07  5469.08  5423.1  5407.02  5477.01  5466.03  5355.04  5379.24  5344.72  5365.98  5311.62  5465.37  5444.61  5342.78  4134.99  3489.55  4105.95  452.24  467.1  1892.93  
5794.65  5803.69  5783.03  5747.82  5882.41  5795.18  5900.78  5801.28  5844.13  5874.36  5784.77  5881.3  5813.28  5718.1  5730.16  5805.86  5864.55  5383.09  4548.41  5106.01  5085.84  1529.34  735.723  2353.18  
5371.57  5384.22  5310.2  5214.53  5376.43  5341.96  5335.53  5314.76  5373.73  5377.47  5304.17  5338.09  5234.05  5382.72  5303.58  5372.59  5320.88  4994.61  4375.45  3219.66  4683.24  1872.01  1381.55  2123.81  
5920.82  5903.37  5980.17  5921.57  5997.63  5925.15  6029.29  5904.73  5961.72  5966.57  5916.46  5953.84  5937.81  5878.5  6016.34  5933.38  5956.66  5752.94  5236.92  5638.14  4536.01  4313.46  2151.6  4096.49  
5901.33  5880.16  5950.61  5885.89  5979.13  5898.92  6009.23  5893.2  5943.38  5959.85  5891.69  5957.42  5921.52  5854.76  5994.87  5912.33  5945.82  5707.11  5331.29  5530.13  3571.38  4036.23  2028.78  2435.07  
5077.78  5051.39  5016.01  5106.13  5121.38  5063.84  5061.46  5057.7  5069.37  5105.05  4973.16  5120.63  5111.77  5001.11  5037.93  4981.36  4912.27  4713.7  4836.57  4103.94  4824.26  415.898  1781.79  1333.51  
5503.16  5563.81  5530.38  5384.41  5559.22  5537.72  5536.71  5503.28  5567.94  5565.87  5526.12  5472.09  5455.78  5557.41  5362.65  5542.68  5565.86  5246.28  3758.14  3733.52  5557.84  129.955  131.675  1772.26  
5343.44  5374.04  5305.73  5234.29  5373.59  5336.32  5348.06  5301.75  5365.21  5373.56  5334.93  5309.45  5367.84  5373.81  5285.34  5349.25  5307.2  4934.04  4342.7  2405.21  4633.03  1238.65  2224.55  2354.06  
5712.27  5754.26  5721.18  5672.99  5808.6  5721.91  5817.32  5725.16  5788.22  5800.05  5707.19  5797.27  5726.33  5624.78  5625.94  5725.16  5797.35  5187.37  5030.22  4615.59  4910.8  1937.6  1773.87  2760.44  
