3994.24  3843.36  3732.82  3854.15  3980.53  3952.24  3954.29  4004.46  3824.22  3988.12  4016.72  3965.58  3982.89  4015.67  
2966.53  2756.48  2907.33  3040.49  3039.14  3011.73  2782.64  3006.17  2972.57  2922.78  3000.31  3042.07  3023.41  2892.26  
3315.43  2972.04  3243.56  3327.92  3346.71  3262.84  3155.57  3353.5  3236.79  3290.54  3350.92  3360.63  3345.4  3068.68  
4204.88  4153.52  4094.28  4164.36  4266.04  4258.82  4230.79  4298.23  4219.57  4294.46  4312.79  4232.85  4243.42  4076.27  
3844.93  3642.27  3624.35  3732.37  3862.63  3796.48  3774.77  3856.5  3705.13  3830.61  3866.31  3828.95  3840.19  3783.6  
4156.93  4114.57  4035.75  4071.71  4201.52  4206.32  4166.61  4248.35  4157.82  4239.95  4257.17  4184  4221.77  4130.05  
3771.46  3689.38  3658.39  3775.95  3465.21  3842.98  3821.54  3895.13  3690.07  3877.64  3911.21  3869.75  3880.72  3894.74  
4542.82  4370.1  4460.86  4486.82  4485.02  4526.51  4418.03  4307.17  4567.55  4558.43  4569.64  4463.92  4455.39  3982.23  
3644.59  3492.96  3549.17  3673.9  3313.86  3696.76  3646.25  3757.93  3508.04  3729.59  3769.98  3741.4  3741.87  3731.87  
4410.72  4264.1  4300.53  4228.31  4305.78  4382.13  4239.48  4170.13  4398.37  4408.28  4416.18  4329.24  4398.09  4135.99  
3951.49  3991.87  3821.81  3925.45  4103.12  4060.18  4089  4097.73  3961.16  4097.66  4121  4060.45  4087.6  4122.02  
2855.71  2830.05  2947.47  2951.72  2582.95  2797.86  2697.5  2902.73  2952.41  2819.35  2901.73  2952.52  2937.93  2950.96  
3165.58  2838.04  3129.15  3170.13  3104.41  3080.12  2970.72  3171.11  3176.3  3105.83  3174.48  3200.43  3183.78  2823.83  
3440.06  3133.41  3344.1  3456.45  3397.84  3417  3319.37  3504.25  3317.06  3446.36  3499.78  3495.81  3483.73  3298.08  
2818  2672.77  2751.95  2909.74  2833.57  2912.79  2621.98  2850.78  2881.9  2761.29  2846.16  2902.04  2882.61  2789.24  
3554.3  3329.34  3459.75  3551.22  3520.41  3559.99  3500.78  3630.37  3499.43  3591.39  3637.92  3621.45  3621.85  3452.56  
4519.26  4353.66  4432.01  4458.22  4466.37  4504.5  4404.68  4543.8  4539.53  4537.72  4549.71  4445.89  4437.25  4021.68  
3098.88  2902.17  3006.59  3180.92  3184.35  3181.98  2952.47  3169.04  3036.81  3087.09  3158.95  3186.12  3169.63  3132.72  
3307.15  3044.2  3287.03  3351.03  3374.39  3335.48  3178.97  3376.84  3207.11  3332.71  3368.99  3376.96  3363.71  3245.68  
3573.09  3316.78  3450.68  3539.86  3622.69  3547.73  3488.29  3620.24  3502.84  3578.99  3626.09  3610.7  3611.12  3423.73  
