5094.17  5110.52  5063.39  5022.02  5069.49  4982.31  4916.13  5068.52  4987.14  5097.45  5035.79  4998.06  5051.46  5107.63  4930.66  5108.71  4798.98  4915.75  4092.57  2620.6  2940.96  3423.98  2225.51  3692.15  
5355.95  5377.47  5386.02  5322.81  5277.51  5320.91  5313.8  5371.25  5302.51  5369.23  5359.55  5263.75  5342.94  5365.54  5326.68  5362.98  5342.72  4245.96  5379.25  968.51  3649.91  2285.56  2489.75  2024.61  
5312.03  5325.55  5318.42  5260.87  5234.63  5237.58  5233.46  5308.63  5231.86  5334.31  5312.36  5200.05  5282.85  5312.15  5232.04  5281.43  5224.07  4578.61  5273.68  1424.06  2663.9  2221.68  1662.13  2970.26  
5167.66  5170.79  5130.16  5086.19  5115.55  5040.91  5001.81  5128.79  5050.38  5160.75  5160.88  5049.37  5113.29  5162.29  4918.83  5166.68  4838.85  4973.22  4530.83  2370.72  2070.85  3296.65  1431.25  4184.36  
5774.81  5778.56  5825.78  5800.01  5785.8  5806.77  5823.38  5641.69  5723.5  5829.25  5819.14  5737.17  5803.25  5765.4  5694.58  5768.15  5684.81  4789.56  4436.1  2360.22  2293.81  2730.95  4592.53  2092.21  
5205.4  5208.31  5173.03  5126.63  5144.53  5078.23  5055.55  5166.86  5088.71  5200.66  5200.84  5078.39  5152.28  5196.8  4988.36  5188.02  4887.06  5009.02  4743.34  2262.95  1918.09  3321.33  461.041  4114.76  
5388.15  5409.84  5422.82  5358.99  5308.02  5359.57  5358.34  5391.09  5343.06  5430.33  5390.83  5298.12  5376.87  5396.29  5356.65  5405.42  5383.21  4230.39  5399.24  1000.36  3831.37  2729.15  2552.97  1693.82  
5690.91  5684.33  5699.46  5653.03  5587.13  5626.51  5703.35  5448.98  5692.83  5702.71  5638.86  5588.35  5644.84  5643.54  5490.28  5447.2  5292.88  4986.24  5231.74  2797.25  874.962  4812.46  3839.74  251.471  
5716.7  5751.07  5758.21  5692.53  5671.48  5709.32  5776.25  5773.12  5769.03  5762.88  5667.88  5646.59  5745.62  5700.24  5581.02  5522.5  5346.72  4872.35  4716.09  3236.33  1202.2  3400.67  2971.01  2936.36  
5571.34  5587.46  5617.05  5554.78  5479.76  5558.63  5595.67  5473.53  5567.41  5615.62  5557.77  5487.21  5558.8  5562.16  5494  5578.74  5509.97  4336.44  5470.49  1625.89  3861.82  4184.32  1917.97  343.084  
5796.05  5796.85  5841.59  5830.13  5811.42  5816.2  5865.36  5711.9  5873.29  5847.67  5803.07  5723.57  5862.57  5783.48  5708.38  5874.09  5850.77  4835.6  4440.31  3887.99  1052.68  1821.66  2059.49  4544.07  
5829.16  5831.8  5888  5881.16  5892.65  5885.67  5895.39  5753.09  5807.8  5894.43  5894.59  5799.3  5901.55  5829.06  5778.55  5891.14  5884.99  4863.23  3943.91  3490.78  1761.92  1459.55  3714.42  4042.96  
5557.25  5574.08  5602.66  5540.02  5466.79  5543.84  5577.92  5471.51  5549.62  5601.72  5546.61  5471.93  5545.14  5549.67  5485.78  5554.5  5505.12  4324.13  5418.8  1582.53  3875.46  4154.27  3412.17  199.872  
5461.43  5483.52  5506.58  5441.31  5377.45  5447.56  5459.69  5436.24  5435.33  5509.04  5462  5376.36  5454.08  5466.28  5424.86  5501.98  5475.34  4194.95  5444.72  1072.86  4244.32  3738.64  2696.82  941.031  
5281.58  5284.04  5259.54  5208.27  5203.01  5153.57  5164.03  5243.7  5166.08  5281.21  5281.5  5136.97  5230.99  5266.45  5128.72  5231.1  4984.38  5081.29  5172.3  2045.42  1609.73  3371.15  541.779  3974.26  
4969.11  5048.84  4995.63  4956.11  5022.32  4922.1  4828.18  5006.49  4920.17  5032.43  4992.77  4950.21  4987.94  5051.47  4660.51  5036.86  4753.88  4856.64  3677.63  2753.06  4396.38  3525.9  2709.86  2013.22  
4989.47  5039.86  4984.79  4946.46  5015.34  4913.13  5017.14  4997.46  4912.46  5022.91  4943.6  4941.26  4978.64  5043.24  4785.39  5041.73  4739.97  4848.23  3620.35  2837.77  4039.09  3514.63  3221.96  2760.96  
5461.21  5483.26  5506.26  5441.02  5377.22  5447.21  5459.31  5435.98  5435.02  5508.76  5461.74  5376.09  5453.8  5466.03  5424.52  5501.42  5474.65  4195.82  5444.41  1074.36  4239.16  3731.37  2693.75  945.416  
5666.68  5675.09  5706.4  5649.17  5568.29  5647.68  5706.86  5488.8  5679.88  5703.32  5637.43  5580.99  5645.06  5641.62  5542.43  5633.13  5491.29  4522.19  5508.74  1524.25  4285.24  4583.07  4114.17  134.642  
5267.23  5274.98  5253.78  5203.44  5201.3  5171.42  5153.62  5230.63  5177.03  5275.79  5260.22  5155.75  5225.83  5262.57  5096.37  5245.3  5117.98  4766.77  4901.8  1993.81  2363.74  2755.03  995.062  3351.12  
