4123.43  4111.34  3994.43  3872.35  4135.97  4021.5  4060.85  4119.88  4128.08  4137.22  4111.94  4116.52  4066.04  4089.3  
4187.82  4183.8  4060.1  3844.57  4181.35  4086.04  4125.48  4188.88  4061.44  4202.84  4178.4  4183.93  4107.56  4197.88  
3814.17  3782.14  3814.52  3774.1  3805.54  3790.31  3757.32  3799.74  3777.12  3811.32  3816.98  3804.77  3770.85  3564.9  
3047.49  3001.26  3029.46  2956.07  3005.05  3017.48  3025.11  3044.97  3043.55  2998.58  3008.04  3004.34  2981.95  2812.7  
2932.76  2849.16  2680  2816.69  2837.22  2839.13  2919.9  2933.53  2937.4  2876.96  2871.2  2922.62  2888.3  2775.38  
4412.87  4391.23  4304.91  4435.08  4351.29  4317.71  4408.36  4390.35  4290.86  4435.86  4393.93  4422.75  4273.97  4421.16  
4338.79  4340.47  4223.04  3981.12  4302.15  4241.54  4316.69  4328.98  4216.08  4359  4306.55  4344.36  4266.03  4364.52  
3108.19  3050.29  3103.29  3015.3  3089.26  3106.75  3073.69  3104.69  2982.41  3062.24  3078.25  3056.67  2987.88  2903.3  
2849.78  2760.91  2588.8  2724.63  2719.97  2716.29  2848.65  2852.42  2609.72  2789.38  2773.76  2856.86  2845.08  2702.78  
3852.22  3693.52  3696.38  3714.53  3853.18  3732.99  3790.17  3843.69  3843.66  3850.55  3847.62  3822.37  3725.39  3659.24  
3987.34  3902.43  3844.87  3804.24  3994.06  3876.73  3924.64  3981.26  3987.47  3993.37  3979.29  3968.92  3893.61  3876.29  
4552.75  4466.28  4459.02  4564.26  4441.39  4461.09  4579.99  4505.76  4431.86  4580.65  4551.67  4570.53  4280.09  4528.2  
3389.15  3384.63  3383.52  3349.43  3375.07  3352.02  3309.82  3378.29  3371.35  3360.37  3377.74  3334.73  3242.1  3238.93  
3671.17  3619.93  3672.66  3659.73  3660.09  3656.25  3597.55  3655.69  3623.46  3659.67  3672.95  3654.22  3575.46  3472.77  
3531.71  3492.1  3519.53  3531.81  3520.34  3518.93  3436.11  3516.34  3476.42  3511.52  3530.31  3495.1  3368.69  3427.28  
3242.73  3215.47  3234.73  3177.89  3221.48  3216.46  3187.23  3235.59  3199.12  3205.15  3220.52  3191.41  3119.73  3060.19  
3386.94  3382.94  3381.38  3346.59  3372.82  3349.42  3307.87  3376.16  3369.73  3358.03  3375.38  3332.52  3240.13  3236.02  
3670.97  3619.76  3672.45  3659.56  3659.89  3656.05  3597.31  3655.49  3623.25  3659.46  3672.75  3653.97  3575.17  3472.71  
3530.53  3491.08  3518.29  3530.76  3519.16  3517.81  3434.75  3515.16  3475.17  3510.27  3529.1  3493.6  3366.97  3426.88  
3242.73  3215.47  3234.73  3177.89  3221.48  3216.46  3187.23  3235.59  3199.12  3205.15  3220.52  3191.41  3119.73  3060.19  
