4916.91  5018.51  4935.15  4978.4  5033.61  5034.74  4936.58  5022.26  5036.78  5038.01  4976.02  4855.02  4933.06  4851.75  4981.81  5002.59  5015.37  4675.18  4247.86  4511.29  3214.69  518.804  2645.47  3745.38  
4938.16  5115.38  4961.46  5016.34  5096.12  5105.08  4960.9  5084.16  5111.46  5109.56  5058.13  4955.81  5007.32  4843.72  5051.83  5076.97  5107.68  4619.82  4287.96  4766.09  3678.65  13.1832  2390.7  3333.45  
4899.88  4932.17  4911.87  4944.78  4977.98  4972.06  4915.72  4967.14  4970.22  4974.24  4902.82  4765.15  4867.33  4859.33  4920.01  4936.06  4933.07  4725.35  4212.04  4306.97  2817.32  964.054  2835.95  4122.45  
4999.95  5188.12  5017.88  5065.29  5161.82  5186.14  4911.94  5167.48  5188.17  5179.2  5139.48  5050.73  5097.97  4904.57  5015.26  5180.53  5180.53  4712.88  4254.51  4051.85  3476.57  1944.55  4254.8  2207.44  
5102.79  5237.1  5065.4  5114.18  5211.81  5237.73  4982.49  5221.48  5237.78  5224.87  5190.25  5107.98  5203.42  4973.02  5078.86  5225  5229.81  4832.73  4239.7  4871.19  3665.31  1997.7  2463.23  4671.75  
5446.69  5459.39  5266.2  5336.38  5436.4  5463.83  5293.54  5463.62  5462.7  5425.18  5421.17  5348.27  5400.2  5287.77  5353.64  5421.16  5449.59  5358.36  4113.35  3156.32  4576.06  2141.15  4216.13  3612.01  
5281.6  5297.16  5121.92  5296.63  5272.86  5299.97  5067.9  5287.34  5298.62  5280  5252.59  5175.63  5295.67  5057.65  5154.92  5278.69  5289.78  4977.87  4198.19  5161.49  4769.25  2051.03  1553.17  5041.74  
5363.15  5391.71  5190.82  5396.43  5368.48  5396.41  5200.51  5390.44  5394.3  5365.44  5350.81  5278.46  5388.28  5191.43  5272.23  5362.32  5383.39  5202.31  4238.88  4600.79  4727.76  2276.23  1989.81  1027.49  
5701.06  5780.54  5687.39  5623.02  5730.38  5788.33  5766.3  5788.71  5781.91  5703.22  5703.68  5722.88  5784.34  5734.67  5760.4  5630.12  5770.51  4813.35  4399.69  4109.59  1152.21  4772.95  1353.75  3873.76  
5297.36  5315.32  5135.28  5315.22  5291.22  5318.49  5093.36  5307.14  5316.99  5296.4  5271.45  5195.36  5313.22  5083.34  5177.44  5294.75  5307.75  5020.92  4189.66  5049.63  4760.18  2063.28  1644.81  2198.55  
5574.6  5613.4  5467.33  5547.72  5573.7  5612.07  5510.09  5613.48  5606.84  5554.45  5551.92  5518.19  5526.37  5492.57  5534.59  5521.58  5601.14  5166.6  4299.52  3522.14  3280.52  2492.11  1785.15  4567.97  
5767.6  5776.63  5695.71  5776.58  5719.85  5775.73  5748.11  5773.36  5758.8  5697.06  5687.35  5716.23  5753.3  5705.15  5737.19  5629.57  5765.29  4933.83  4542.1  4042.2  1517.29  2994.1  814.651  4512.57  
4850.56  5100.58  4952.64  5004.29  5084.05  5094.46  4922.61  5074.1  5100.6  5098.7  5046.51  4942.37  4979.41  4831.68  5014.87  5074.82  5094  4602.18  4283.51  3832.53  2974.26  379.732  4502.73  1914.4  
4728.33  4838.53  4893.16  4909.55  4921.65  4912.73  4848.06  4917.64  4905.68  4910.4  4830.56  4675.75  4793.96  4873.15  4810.3  4891.47  4847.03  4795.21  4159.18  3165.82  1773.25  2290.26  4015.4  4205.99  
5695.28  5700.01  5627.6  5667.84  5649.69  5696.72  5633.31  5695.67  5685.14  5628.51  5621.3  5621.9  5670.77  5602.29  5640.12  5576.9  5687.17  5044.78  4766.71  5008.2  268.227  1881.7  651.891  4589.88  
5418.07  5537.27  5433.19  5441.89  5505.04  5536.08  5399.76  5537.98  5534.84  5488.31  5486.93  5428.72  5475.21  5391.77  5441.41  5470.08  5525.11  5265.45  4457.58  5527.62  453.88  1150.49  297.638  4681.03  
5698.67  5698.64  5626.71  5666.25  5648.46  5695.64  5631.72  5694.34  5683.79  5627.56  5619.95  5621.11  5680.47  5600.26  5638.92  5575.99  5685.96  5044.35  4770.6  5228.55  90.4573  1687.51  350.597  4547.92  
5584.81  5609.27  5464.66  5542.93  5569.98  5608.82  5505.29  5609.47  5602.79  5551.59  5547.85  5515.81  5555.58  5486.46  5530.98  5518.83  5597.49  5165.3  4311.23  4185.88  727.876  1907.18  877.619  4441.6  
5418.05  5537.22  5433.11  5441.87  5504.99  5536.03  5399.69  5537.93  5534.79  5488.26  5486.88  5428.67  5475.18  5391.7  5441.36  5470.04  5525.06  5265.43  4457.47  5527.28  455.368  1150.83  756.849  3937.78  
5363.15  5391.71  5190.82  5396.43  5368.48  5396.41  5200.51  5390.44  5394.3  5365.44  5350.81  5278.46  5388.28  5191.43  5272.23  5362.32  5383.39  5202.31  4238.88  4600.79  4727.76  2276.23  1989.81  1027.49  
