6114.28  6147.71  6090.16  6169.74  6198.08  6165.05  6141.14  6101.58  4222.87  1753.62  2773.24  6154.79  957.11  2910.93  3848.2  5654.8  
6165.12  6199.13  6140.74  6219.55  6248.57  6229.03  6191.35  6063.51  4085.24  1571.5  2465.76  6197.18  949.53  3396.5  3726.09  5513.41  
5830.47  5837.65  5813.57  5893.32  5913.89  5730.46  5861.93  5833.77  4278.21  1545.99  2459.46  5912.17  1940.34  2697.61  3119.18  5468.62  
6796.97  6843.74  6784.34  6839.59  6870.24  6847.87  6837.41  6536.87  3626.65  2751.99  3515.57  5186.15  206.711  5556.61  3755.51  6120.67  
5583.44  5567.51  5594.45  5652.33  5654.37  5477.46  5618.16  5503.99  5641  3572.03  2430.33  4779.63  2113.87  1968.06  2866.99  4987.08  
5624.88  5607.63  5631.19  5692.72  5697.88  5519.21  5659.15  5548.88  5675.27  3392.64  2436.87  5698.17  2049.76  2610.72  2957.68  5022.23  
6636.94  6741.95  6588.24  6677.09  6727.25  6727.64  6647.37  6736.54  2572.69  6255.07  6609.22  6615.56  2260.15  3680.15  4960.03  6105.28  
6865.41  6890.74  6865.67  6905.69  6931.89  6814.11  6899.89  6744.28  4096.6  1100.64  2403.15  6742.92  849.477  4235.92  3015.35  6015.21  
5322.97  5349.5  5343.35  5382.35  5392.26  5322.13  5363.2  5259.39  5368.02  4723.67  2266.28  3698.99  1916.35  810.663  2704.2  2481.68  
6962.72  6951.02  6960.48  7007.76  7028.13  6999.83  7026.95  6326.54  4261.63  6272.41  3395.88  5282.4  159.51  2760.88  2516.88  6728.91  
6021.87  6038.6  5999.17  6080.21  6106.44  6099.61  6046.98  6007.26  3167.16  3342.74  2548.6  6077.58  3379.83  1931.32  3009.93  5079.01  
6266.34  6320.98  6234.44  6317.33  6292.24  6282.79  6287.71  6226.34  4670.66  3406.94  2499.02  6289.78  972.809  4609.65  4496.38  5580.84  
7013.61  6983.79  7022.55  7059.01  7073.65  7027.7  7085.11  6298.5  4599.65  5475.86  2435.21  2398.94  120.249  3108.05  881.284  6719.85  
5497.24  5497.19  5511.5  5568.63  5567.53  5402  5533.76  5420.13  5554.15  4035.51  2179.64  4345.58  2045.68  1461.3  2804.59  3982.69  
5191.54  5238.04  5216.65  5242.31  5259.99  5259.77  5234.55  5137.76  5228.19  5247.72  2320  3179.45  1822.09  327.783  2181.44  1351.78  
6421.53  6494.13  6383.93  6468.2  6508.7  6499.99  6439.17  6429.27  3263.25  4116.78  4717.52  6424.54  1661.78  3550.65  4396.67  5835.06  
6464.3  6543.33  6424.5  6509.67  6552.09  6545.19  6480.51  6490.22  3126.16  4540.97  5092.72  6462.47  1700.3  3576.58  4508.39  5888.61  
5189.04  5235.91  5214.26  5239.7  5257.47  5258.32  5232.1  5135.39  5225.6  5258.31  2319.61  3165.67  1820.7  319.547  2116.94  1330.54  
5839.65  5831.35  5823.75  5903.28  5923.02  5912.24  5868.29  5814.77  3164.55  2929.13  1576.07  5919.36  4628.73  1242.79  2401.42  4756.61  
6644.29  6728.78  6606.8  6685.83  6729.58  6713.66  6662.01  6662.58  2969.71  5235.62  5492.51  4164.24  70.8642  3950.26  9.75719  6053.33  
