6551.39  6559.46  6562.94  6562.87  6562.81  6536.92  6509.19  6508.86  2969.72  5994.23  1227.03  235.142  4786.43  1856.19  3588.73  3642.07  
6030.86  6008.7  6023.58  5983.53  6026.56  6021.92  5990.93  5930.3  5083.16  3869  470.282  570.797  3627.34  1956.99  1197.46  4888.48  
6780.63  6796.55  6796.3  6784.25  6782.89  6727.23  6777.94  6639.42  4038.03  4167.49  3116.34  861.447  4068.31  2258.72  3603.92  5214.15  
6681.36  6691.84  6690.89  6597.22  6599.52  6686.45  6683.11  6293.55  3411.58  5031.9  2010.74  805.131  4582.39  4100.46  3789.93  5814.66  
6163.52  6148.96  6161.01  6134.47  6156.4  6155.65  6123.65  6066.31  4440.06  4909.81  771.041  400.036  3962.32  1917.83  1013.77  3497.66  
6890.15  6910.47  6910.23  6859.02  6867.55  6890.41  6897.05  6405.39  2974.45  5359.52  2852.53  924.567  4080.41  5582.49  4480.17  6355.39  
7499.43  7549.49  7548.92  7443.81  7643.39  7652.24  7518.79  6764.46  1290.27  5814.14  2880.88  5927.74  2622.33  4580.9  5332.84  5862.66  
7632.65  7724.24  7735.83  7742.73  7731.09  7370.47  7727.51  7209.41  2451.82  6902.04  3247.26  4246.48  4506.16  3797.87  6082.91  5231.45  
7307.99  7348.25  7347.66  7277.83  7402.46  7377.08  7327.38  6641.65  1899.47  6090.98  2860.19  3096.3  3207.15  4445.81  6754.83  6249.68  
7266.67  7305.67  7306.89  7218.46  7346.97  7287.21  7275.06  6625.98  1897.4  5780.21  2851.07  3036.74  3037.07  4705.8  5023.75  5911.27  
7455.54  7519.13  7524.08  7489.12  7551.82  7374.08  7509.23  6899.69  2150.5  6459.6  3036.11  3619.04  3797.53  4151.33  6449.45  5786.91  
6284.56  6282.16  6292.11  6235.96  6222.69  6181.79  6202.15  6090.03  5957.27  4669.9  958.609  1790.6  3503.07  2060.94  2787.85  3641.4  
7022.77  7049.47  7049.19  6986.81  7037.09  7044.5  7033  6481.35  2770.24  5818.44  4307.66  1702.07  3789.67  5733.65  3838.31  6877.77  
7164.92  7205.98  7208.22  7115.98  7197.2  7208.22  7182.89  6653.06  2578.08  6154.68  5322.52  817.368  3548.26  5992.45  3396.06  3781.34  
5941.57  5914.27  5931.05  5882.05  5936.43  5932.24  5901.74  5839.1  5508.89  4196.59  268.122  84.5372  3641.55  1982.73  1314.53  3356.39  
6424.16  6424.58  6431.08  6430.77  6414.66  6417.67  6384.1  6332.77  3192.16  5745.17  1361.32  633.317  4096.51  1842.24  667.254  3346.88  
7021.02  7047.58  7047.27  6991.13  7034.83  7047.34  7030.6  6480.2  2769.24  5821.94  4380.06  1274.87  2662.08  5776.58  3780.18  3981.4  
7164.92  7205.98  7208.22  7115.98  7197.2  7208.22  7182.89  6653.06  2578.08  6154.68  5322.52  817.362  3548.24  5992.45  3396.05  3627.77  
5941.55  5914.25  5931.03  5882.03  5936.42  5932.22  5901.73  5839.08  5508.86  4196.57  268.088  84.4521  3641.55  4312.26  1314.46  3356.38  
6424.16  6424.58  6431.08  6430.77  6414.66  6417.67  6384.1  6332.77  3192.16  5745.17  1361.32  633.317  4096.51  1842.24  667.254  3346.88  
