6666.64  6634.72  6579.33  6665.31  6619.63  6625.99  6665.2  6612.94  5222.26  3791.24  3494.74  2091.61  2650.26  4275.68  875.218  3023.61  
6040.5  5966.53  6039.75  5977.48  6038.09  5953.89  6022.28  6035.65  4456.08  2401.46  4080.93  694.583  1896.02  4214.47  3422.42  4798.01  
6564.01  6544.34  6522.71  6564.47  6527.39  6532.98  6571.25  6544.38  5178.88  4749.02  2800.35  772.881  1978.31  3774.79  2210.52  4648.31  
6936.8  6889.85  6918.82  6919.12  6866.21  6925.91  6926.21  6653.47  5277.94  3227.72  6411  4064.15  4596.74  3105.51  3434.51  108.37  
6461.93  6455.89  6457.54  6464.49  6434.13  6440.79  6478.35  6473.19  5159.81  5562.97  2196.7  38.0999  1431.23  2942.2  3351.18  5914.58  
6082.77  6052.05  6080.93  6008.15  6079.62  6019.05  6075.05  6085.46  4421.3  1899.16  3840.68  693.691  621.586  3928.73  3751.18  5126.99  
6710.79  6674.28  6640.44  6711.74  6660.35  6675.34  6710.99  6622.6  5274.8  3429.34  3285.74  2477.35  3097.53  3679.12  1187.17  2023.17  
6412.21  6414.26  6416.91  6416.13  6387.19  6396.23  6433.67  6435.5  5174.73  5819.85  1990.25  260.302  1286.79  3063.77  3718.1  6179.57  
6155.45  6166.83  6155.36  6090.49  6122.19  6145.99  6164.47  6149.76  4236.61  2131.51  3529.2  618.82  1001.89  1838.39  3502.4  5093.02  
6822.83  6770.12  6785.02  6812  6718.34  6835.54  6745.04  6574.54  5036.05  6280.5  6174.94  5985.7  5043.8  3240.59  5325.98  2159.77  
7012.24  6964.65  7004.07  6981.52  6934.01  7009.35  6993.21  6659.71  5326.41  6239.26  5189.27  4526.73  4929.1  3391.42  4352.2  1713.2  
7108.84  7074.07  7112.04  7068.51  7058.48  7109.19  7104.54  6688.51  5584.32  6219.99  4884.48  3802.15  5198.49  3430.44  3930.56  2287.21  
6230.13  6259.53  6234.67  6194.94  6203.36  6254.88  6259.52  6219.43  5728.62  5521.59  16.0851  1310.49  1557.08  1044.42  2897.13  4955.82  
6327  6343.75  6293.81  6311.05  6298.41  6330.5  6352  6329.97  5319.01  5518.19  1737.58  1306.08  1581.36  2467.99  3133.24  3553.13  
7199.68  7176.97  7213.57  7150.32  7175.53  7203.08  7209.23  6715.6  5826.85  6201.87  4597.87  3120.8  5451.8  3467.13  3534.06  2826.99  
5925.37  5735.75  5927.3  5892.01  5926.18  5775.8  5878.58  5901.13  4546.26  2706.54  4745.66  503.627  275.971  5086.5  2655.64  3904.18  
5886.67  5657.53  5889.58  5863.84  5888.18  5716.13  5830.27  5855.56  4576.85  3161.06  4968.59  503.844  916.866  5349.9  2356.6  3604.03  
7207.22  7181.43  7158.87  7167.53  7174.7  7201.19  7202.36  6732.31  5630.87  5967.95  3651.7  1860.28  5160.97  4250.79  2822.63  4089.9  
6803.08  6756.56  6783.85  6800.11  6742.35  6771.01  6800.83  6656.33  5933.77  2639.62  3834.6  3157.52  4015.36  2817.92  651.84  482.381  
7101.17  7066.27  7103.04  7062.42  7051.49  7100.51  7098.52  6664.63  5489.22  6080.44  4757.01  3748.49  5153.71  3385.57  3855.72  2184.67  
