3769.62  3734.25  3475.24  3504.72  3738.92  3804.99  3646.05  3797.22  3781.27  3752.07  3607.14  3743.8  3813.58  3741.99  
3070.68  3102.13  3142.57  3138.82  3121.64  3145.95  3135.17  3106.82  3020.34  3065.61  3141.87  3098.12  3059.7  3096.97  
4229.31  4185.06  4170.88  4114.88  4117  4342.47  4174.63  4225.95  4267.66  4328.7  4256.05  4222.56  4336.32  4141.39  
3116.11  3140.13  3175.3  3163.08  3163.46  3182.33  3177.4  3152.63  3141.97  3141.01  3182.56  3135.34  3107.4  3126.34  
3671.17  3627.48  3705.71  3417.34  3663.66  3679.41  3629.24  3706.45  3606.63  3662.42  3589.76  3643.35  3700.59  3619.92  
2880.71  2942.16  2956.44  3017.09  2948.53  2938.53  3018.77  2926.16  2959.06  3016.83  2983.93  2982.96  2860.46  2980.29  
4003.34  3980.27  3730.62  3760.93  3918.81  4076.68  3825.07  4006.63  4079.63  4054.9  3693.07  3984.51  4077.56  3846.92  
4346.42  4292.24  4377.67  4289.22  4219.71  4480.36  4339.52  4433.02  4432.09  4467.81  4429.67  4347.67  4470.08  4261.25  
4129.23  4114.27  3936.92  3939.08  4014.89  4224.25  3998.32  4119.89  4227.05  4221.74  3746.07  4122.32  4221.02  4079  
3618.08  3578.61  3642.5  3397.13  3616.87  3626.84  3592.35  3654.16  3555.78  3611.1  3559.6  3589.49  3642.85  3559.81  
3899.56  3871.07  3638.7  3647.54  3838.88  3954.68  3745.75  3913.61  3946.97  3920.55  3654.96  3877.58  3960.36  3798.44  
4025.98  4004.94  3802.85  3808.02  3935.76  4103.06  3884.77  4027.15  4101.14  4086.34  3898.76  4012.3  4103.83  3952.87  
4441.81  4378.89  4547.77  4431.98  4303.78  4592.67  4474.83  4432.02  4561.91  4580.79  4581.61  4449.29  4579.05  4357.54  
3286.36  3282.55  3302.19  3254.38  3320.17  3321.2  3335.04  3325.2  3311.82  3285.58  3334.85  3273.02  3286.17  3239.16  
2649.45  2747.67  2741.37  2873.62  2737.38  2698.92  2863.06  2703.7  2781.09  2865.58  2788.83  2833.32  2617.85  2836.83  
3454.02  3422.71  3417.13  3343.11  3474.51  3451.52  3492.67  3493.48  3452.76  3454.71  3485.4  3413.23  3462.18  3344.49  
2706.99  2796.07  2794.89  2909.32  2789.92  2758.54  2901.8  2759.06  2825.38  2903.21  2837.38  2870.56  2678.22  2872.53  
3453.9  3422.61  3417.05  3343.04  3474.39  3451.43  3492.55  3493.36  3452.65  3454.59  3485.29  3413.13  3462.05  3344.42  
3284.41  3280.92  3300.85  3253.35  3318.37  3319.69  3333.2  3323.24  3310.18  3283.61  3333.1  3271.39  3284.12  3237.94  
4425.82  4364.46  4519.14  4408  4289.65  4573.85  4452.11  4568.7  4542.04  4561.84  4555.39  4432.37  4560.78  4341.7  
