5217.25  5186.1  5156.94  5165.93  5219.67  5185.96  5176.94  5158.36  5210.63  5227.12  5217.67  5217.56  5053.9  5213.25  5056.75  5133.51  5220.72  4513.77  4803.55  5076.75  3700.03  5046.72  1806.36  345.496  
5466.55  5478.27  5485.57  5382.58  5398.24  5482.63  5481.5  5417.67  5485.76  5389.35  5476.96  5373.35  5341  5453.95  5489.75  5372.24  5332.32  4465.8  4952.22  2061.98  3794.39  3349.95  5246.55  805.956  
5365.22  5364.09  5367.58  5195.8  5303.15  5358.84  5318.2  5310.78  5368.27  5286  5368.86  5251.59  5234.08  5352.12  5312.23  5262.76  5293.76  4643.94  4448.22  4761.06  2278.48  1973.19  4561.37  3330.24  
5260.41  5246.57  5207.25  5020.04  5247.57  5223.85  5208.4  5187.95  5245.38  5253.2  5251.44  5242.37  5092.83  5253.08  5060.31  5163.29  5137.75  4644.38  4810.58  4729.42  2166.93  3958.06  2736.69  1481.32  
5324.69  5313.42  5322.52  5135.92  5243.46  5307.64  5276.51  5264.41  5321.72  5299.91  5324.26  5253.95  5239.36  5313.13  5219.99  5224.93  5238.31  4589.71  4387.68  4791.5  4392.5  698.775  4335.68  871.743  
5394.09  5398.16  5389.94  5244.58  5281.38  5396.18  5348.51  5345.06  5402.14  5286.15  5401.31  5242.56  5214.56  5379.44  5385.48  5289.92  5342.21  4707.04  4466.62  4765.35  862.014  2906.5  4602.69  4447.79  
5491.87  5496.74  5456.07  5432.48  5434.64  5510.98  5480.5  5439.44  5514.62  5421.16  5501.86  5436.67  5393.34  5477.34  5510.89  5404.14  5316.27  4705.31  5142.4  2858.98  3501.98  2187.14  4838.53  640.124  
5455.01  5462.54  5402.1  5359.91  5378.94  5468.56  5446.47  5405.26  5472.4  5371.98  5464.7  5366.76  5321.13  5440.07  5470.48  5359.57  5341.13  4594.19  4849.72  3017.07  2638.94  3017.36  4407.03  897.555  
5189.95  5159.79  5130.58  5129.35  5120.22  5149.37  5148.21  5126.53  5179.07  5145.26  5185.5  5112.3  5044.46  5190.69  5003.32  5113.86  5134.76  4597.47  4623.61  4854.91  3038.92  4612.83  1589.61  1996.5  
5421.24  5431  5433.76  5295.68  5325.52  5428.71  5376.14  5372.23  5433.51  5325.31  5429.82  5296.38  5262.11  5405.62  5428.68  5320.64  5359.72  4754.53  4554.2  4640.35  2091.02  3000.51  4885.2  1188.11  
5534.49  5537  5524.65  5516.07  5497.97  5559.59  5520.81  5477.67  5563.37  5477.22  5544.52  5516.29  5480.1  5515.31  5562.93  5456.6  5329.4  4838.82  5303.21  2614.49  4101.96  310.225  5358.7  401.067  
5303.33  5292.33  5211.08  5084.89  5165.07  5280.56  5253.9  5239.71  5296.02  5144.17  5300.81  5282.43  5293.59  5291.4  5167.72  5201.05  5224.03  4319.88  4456.72  4839.55  4201.13  1266.89  3083.81  2477.01  
5343.54  5330.41  5275.48  5155.59  5191.69  5332.4  5295.87  5288.62  5343.12  5342.68  5345.65  5189.12  5145  5329.45  5276.98  5238.7  5277.31  4768.55  4286.72  4834.33  2734.54  813.29  3902.72  137.272  
5112.28  5050.31  5075.04  5089.72  4927.25  5062.56  5078.57  5057.81  5102.93  4982.78  5108.21  4900.68  4996.38  5115.93  5115.7  5060.56  5075.22  4687.26  3624.5  4992.04  4563.54  3694.42  348.29  2018.73  
5097.91  5032.98  5063.41  5073.17  4883.01  5044.93  5064.59  5043.17  5087.62  5079.95  5092.62  4853  4989.44  5102.98  5102.38  5050.5  5047.16  4718.66  3739.48  4949.37  3391.16  3477.25  1363.23  1837.02  
5156.03  5104.33  5111.38  5153.08  5060.87  5116.59  5121.47  5102.55  5149.94  5093.93  5156.04  5044.73  5018.45  5156.11  5030.28  5091.68  5156.06  4597.01  4083.99  5106.31  5012.32  4317.7  4234.33  275.995  
4981.05  4885.01  4969.69  4915.41  4534.67  4902.65  4951.47  4926.23  4963.75  4655.8  4966.57  4476.15  4928.63  4994.66  4878.47  4967.95  4848.91  4948.62  2172.01  4724.55  3705.48  1792.04  133.078  4142.58  
4997.2  4905.38  4982.67  4937.24  4582.98  4922.34  4967.12  4942.42  4980.89  4696.04  4984.01  4570.99  4936.99  5009.6  4891.79  4979.35  4876.69  4916.52  2350.92  4757.2  3812.87  2025.78  226.677  3804.77  
5511.28  5553.97  5531.59  5512.17  5503.36  5552  5560  5473.62  5553.85  5466.67  5538.58  5515.02  5469.71  5516.81  5558.67  5472.08  5544.97  4454.79  5349.66  855.679  4569.21  98.1192  5532.23  359.924  
5039.65  4962.61  5016.96  5034.91  4710.08  4975.04  5009.1  4985.25  5026.83  4802.14  5030.75  4666.64  4960.83  5050.9  5012.82  5010.27  4941.94  4836.51  3674.44  4804.78  2136.97  2650.36  555.259  3710.4  
