4028.77  4117.12  4029.21  4055.65  4118.41  4021.98  4102.8  4068.98  4109.76  4102.7  4087.41  4122.66  4051.05  4045.02  
3699.58  3728.18  3615.54  3655.77  3527.98  3710.3  3410.78  3706.8  3689.69  3673.44  3546.43  3733.57  3691.75  3492.66  
4442.07  4486.38  4439.93  4471.59  4477.64  4372.33  4364.98  4452.91  4389.67  4490.39  4433.83  4491.31  4152.95  4423.61  
3918.35  4015.43  3904.92  3938.66  4017.35  3966.18  3996.68  3969.73  4023.59  3998.55  3991.98  4023.77  4019.83  3916.06  
3362.68  3364.11  3307.05  3265.74  3263.42  3187.35  3261.41  3312.09  3326.76  3303.78  3341.98  3357.45  3327.08  3160.26  
3852.35  3926.8  3797.78  3854.83  3922.77  3902.43  3846.84  3899.69  3916.09  3898.33  3854.87  3933.58  3924.48  3784.15  
3299.58  3313.61  3206.73  3211.75  3246.61  3151.69  3166.22  3250.92  3287.51  3250.96  3312.53  3305.24  3288.64  3139.12  
3757.29  3795.09  3634.42  3732.67  3795.04  3809.96  3626.46  3799.69  3752.44  3748.58  3646.45  3799.03  3778.16  3586.1  
4083.52  4167.54  4090.84  4113.65  4168.52  4049.65  4155.42  4118.2  4152.49  4154.34  4134.72  4171.69  4066.53  4108.96  
3486.28  3492.24  3478.66  3402.13  3233.92  3186.08  3437.44  3435.82  3422.83  3437.08  3276.08  3492.32  3429.11  3256.24  
4493.91  4541.49  4543.04  4521.55  4541.38  4369.78  4423.4  4530.53  4466.45  4539.53  4481.58  4537.66  4175.04  4475.47  
3603.17  3612.37  3544.54  3531.17  3544.2  3443  3578.8  3574.6  3555.87  3556.58  3410.58  3608.73  3558.85  3380.71  
4251.77  4323  4283.88  4289.33  4326.13  4141.4  4326.87  4271.42  4287.92  4313.19  4280.99  4322.39  4116.61  4326.1  
2858.68  2868.09  2821.14  2740.16  2868.45  2612.88  2853.1  2728.27  2802.96  2808.27  2873.46  2852.63  2840.19  2874.89  
3022.76  2979.24  2922.96  2903.53  3008.03  2795.04  2915.42  2927.86  3003.5  2954.06  2991.69  3009.64  3003.41  3018.1  
3143.43  3179.49  2996.84  3068.06  3114.39  3020.25  2941.07  3091.38  3171.34  3112.4  3174.71  3169.01  3173.97  3060.67  
2851.63  2859.24  2817.03  2730.56  2862.47  2717.52  2851.85  2718.89  2793.37  2799.05  2851.5  2843.32  2830.19  2872.78  
4322.27  4355.47  4322.64  4324.19  4358.24  4344.77  4345.07  4308.89  4314.69  4346.75  4310.9  4354.3  4125.55  4344.23  
3061.06  3043.03  2946.17  2955.85  3041.7  2866.95  2923.21  2979.74  3056.79  3004.41  3055.57  3060.33  3057.71  3031.38  
3143.05  3179.1  2996.46  3067.64  3114.06  3019.76  2940.73  3090.94  3170.96  3111.99  3174.02  3168.61  3173.58  3060.51  
