6092.52  6157.14  6155.98  6166.22  6126.61  6169.69  6152.21  6121.6  5765.07  1741.47  4045.66  1328.45  217.138  5955.44  6079.23  6166.26  
5998.13  5870.82  6055.94  6053.69  6002.69  6040.3  6053.28  5963.86  5673.17  2596.41  4705.05  4283.98  277.519  5058.65  5673.44  4257.27  
6255.48  6080.46  6267.95  6285.18  6217.92  6276.66  6264.48  6206.69  5867.69  2435.35  4838.24  4598.7  101.89  5920.72  6104.92  5344.92  
6471.66  6243.22  6432.63  6465.79  6388.03  6464.34  6428.36  6405.05  6018.75  2634.4  4951.75  4312.14  561.873  5158.9  5972.24  6193.29  
5898.31  5767.22  5951.7  5946  5939.04  5953.27  5948.17  5912.66  5577.04  4184.45  4706.42  1374.39  2017.38  5095.73  5676.06  3684.55  
6749.67  6497.71  6690.28  6746.51  6639.01  6754.31  6685  6710.18  6255.55  3573.24  5133.82  4132.48  959.786  3448.37  5589.83  6712.27  
6972.65  7013.02  6953.19  7031.76  6879.87  7052.74  6946.92  7032.98  4606.25  4529.52  3175.41  2990.5  1942.82  2048.48  4256.72  5399.04  
6906.8  6895.38  6847.96  6918.35  6790.08  6935.13  6841.97  6906.88  3584.39  5963.35  1303.07  3173.78  1698.57  3335.74  4935.66  5327.4  
7112.34  7111.28  7045.97  7134.01  6980.42  7159.11  7039.18  7145.07  3258.6  7042.87  1218.53  2808.21  2222.51  1868.19  4290.02  4571.37  
6618.97  6622.39  6571.48  6617.22  6524.18  6622.53  6566.59  6574.8  4889.91  4520.9  4690.99  3624.75  989.9  5520.23  5719.33  6332.37  
7449.36  7512.45  7411.3  7530.74  7320.57  7571  7403.19  7584.07  2837.79  7082.18  567.6  2144.41  3155.95  1516.01  2772.15  3636.89  
7396.18  7449.15  7353.65  7468.13  7266.89  7506  7345.75  7514.8  2904.19  7075.98  309.345  2249.16  3008.65  607.836  3011.67  3784.35  
7227.46  7218.35  7136.54  7233.1  7073.63  7260.83  7129.37  7250.39  3536.63  4459.35  128.514  2838.25  2240  1681.69  4370.71  5400.46  
8085.16  8339.73  8354.97  8356.33  8300.57  8336.22  8310.84  7648.24  1796.16  7036.43  65.7234  2106.9  7198.05  290.277  1852.44  1621.34  
7917.11  8125.23  7894.55  8142.54  8106.68  8133.98  8038.66  7737.4  2060.73  7019.27  80.1846  1260.78  6191.64  44.8435  5749.26  3381.6  
7864.57  8057.61  8038.28  8075.14  8029.63  8070.63  8005.09  7725.12  2144.2  7021.61  84.2557  1360.72  5881.28  50.2739  1951.25  3726.78  
8251.38  8555.73  8508.68  8571.81  8574.1  8536.62  8530.99  7730.53  852.494  7015.78  49.8339  4618.46  7348.38  79.2401  2821.53  1619.45  
7618.49  7737.86  7584.86  7756.09  7652.01  7774.36  7749.95  7693.73  2545.73  7038.78  719.103  1826.76  4332.26  593.109  2378.88  4121.13  
5796.3  5831.16  5836.83  5821.91  5833.31  5829.75  5833.52  5790.51  5471.46  3077.4  4765.8  2345.82  2494.69  4608.47  5510.47  3257.21  
8211.4  8503.51  8486.07  8519.69  8503.25  8488.4  8474.79  7701.07  1221.28  7023.06  74.6136  1867.36  7968.25  159.447  2900.2  1490.5  
