5244.05  5238.55  5312.09  5264.76  5312.41  5286.42  5297.53  5297.48  5259.13  5297.83  5277.1  5254.32  5244.61  5295.49  5271.69  5221.35  5253.73  5251.84  4190.51  5030.28  4586.56  4911.47  2830.05  636.147  
4943.54  5019.43  4972.97  5037.44  5040.75  4983.61  5003.11  5017.98  4995.75  5039.87  5022.06  4846.18  4956.88  5016.36  5017.89  4980.1  4977.29  5030.11  3914.45  2995.03  4313.87  1598.77  4354.73  4191.12  
5178.21  5204.65  5252.27  5202.3  5252.53  5215.6  5232.36  5234.89  5196.49  5239.91  5224.91  5171.13  5191.65  5232.49  5214.94  5165.16  5216.48  5216.72  4386.89  5251.46  4181.02  4649.75  1651.56  466.844  
4888.66  4941.76  4882.9  4836.89  5003.3  4948.1  4961.24  4968.29  4956.52  4986.91  4972.98  4820.86  4900.33  4978.29  4981.15  4928.94  4975.35  4981.68  3774.42  3779.53  2220.3  1503.48  3791.77  3032.03  
5113.3  5163.72  5193.91  5142.24  5193.56  5145.74  5168.16  5173.14  5134.46  5182.7  5158.34  5089.66  5140.03  5170.36  5159.01  5109.46  5176.57  5181.55  4462.49  5066.16  4004.14  4435.22  2604.66  244.044  
4791.35  4906.69  4761.15  4893.05  4904.57  4867.15  4855.87  4880.36  4857.96  4909.51  4896.66  4676.24  4786.35  4877.86  4891.03  4854.07  4880.48  4890.2  3703.86  3873.56  3911.45  869.275  4284.76  3424.25  
5045.3  5052.22  5108.29  4982.28  5129.23  5079.76  5099.06  5110.89  5075.97  5126.88  5103.8  4985.68  5064.41  5105.62  5100.03  5059.24  5040.25  5122.88  4066.93  2307.06  2951.66  1998.06  4083.99  1767.27  
5346.93  5394.99  5406.72  5364.19  5406.41  5397.91  5399.78  5395.38  5356.25  5388.02  5361.68  5386.32  5328.84  5394.12  5360.62  5308.01  5327.62  5303.37  3849.74  5011.37  5311.98  5382.51  4679.92  814.859  
5347.78  5396.23  5407.49  5365  5407.18  5398.82  5400.62  5396.19  5357.06  5388.76  5345.85  5387.39  5329.52  5394.93  5361.35  5308.74  5328.21  5303.82  3847.17  1640.01  5317.38  5385.98  4693.28  817.439  
5030.92  5085.25  5088.94  5101.85  5119.68  5066.33  5088.28  5097.61  5066.66  5112.99  5091.86  4973.25  5053.12  5095.66  5090.61  5045.96  5038.73  5108.54  4029.12  2504.44  4654.86  3282.3  3781.79  2268.92  
5244.87  5239.71  5312.84  5265.54  5313.16  5287.31  5298.35  5298.27  5259.91  5298.56  5262.57  5255.36  5245.28  5296.28  5272.4  5222.05  5254.3  5252.28  4188.05  1926.79  4591.72  4914.82  2928.63  638.651  
4879.33  4973.67  4884.92  4984.43  4980.62  4937.1  4938.41  4960.1  4933.14  4985.91  4969.44  4773.35  4882.79  4955.03  4962.15  4926.83  4930.02  4970.45  3839.71  3258.34  4307.1  1167.63  4343.83  2793.8  
5113.3  5163.72  5193.92  5142.24  5193.57  5145.74  5168.16  5173.14  5134.46  5182.7  5158.29  5089.67  5140.04  5170.36  5159.01  5109.47  5176.57  5181.55  4462.48  5055.74  4004.17  4435.24  2609  244.058  
5453.23  5467.57  5473.24  5447.35  5487.64  5478.54  5481.15  5489.29  5461.6  5485.68  5387.54  5453.73  5401.11  5469.77  5433.36  5417.3  5389.32  5428.61  4084.47  1368.23  4866.43  5035.73  3320.73  4155.09  
5179.5  5206.02  5253.44  5203.52  5253.7  5216.98  5233.63  5236.11  5197.71  5241.04  5212.18  5172.75  5192.68  5233.72  5216.05  5166.26  5217.32  5217.41  4383.54  2429.28  4188.1  4654.75  2827.46  470.73  
4965.49  5035.5  5002.81  5054.88  5060.39  5002.57  5024.33  5037.91  5014.39  5058.48  5039.87  4874.5  4981.16  5036.2  5036.09  4997.42  4991.79  5050.02  3944.5  2866.41  4502.51  1874.7  4286.29  2252.06  
5306  5349.02  5369.24  5324.91  5369.08  5353.68  5359.16  5356.45  5317.5  5352.09  5312.22  5334.11  5295.55  5354.91  5325.28  5273.37  5300.68  5282.37  3980.33  1745.06  5037.03  5204.44  4230.2  731.391  
4986.28  5055.73  5028.59  5063.87  5079.23  5024.38  5044.66  5057.04  5030.71  5075.82  5056.06  4907.4  5002.99  5055.14  5053.43  5012.68  5027.35  5068.23  4051.8  3448  4333.73  2310.31  3943.61  1812.27  
5063.05  5122.91  5138.26  5107.89  5148.24  5094.8  5119.01  5126.3  5090.15  5139.4  5116.39  5022.19  5092.82  5123.67  5116.59  5068.79  5116.11  5144.71  4342.05  4833.63  4163  3970.47  3035.65  853.923  
5283.42  5338.57  5348.57  5303.24  5348.48  5329.28  5336.76  5334.97  5296.12  5332.27  5294.04  5305.31  5277.19  5333.28  5305.78  5254.25  5282.68  5270.77  4052.33  1851.91  4885.42  5106.27  2978.15  684.955  
