6119.61  6292.16  6324.92  6299.29  6286.6  6272.29  6068.95  6218.99  6240.9  4245.66  1438.94  4892.44  2462.39  4625.82  1182.99  3319.36  
6164.98  6335.52  6364.84  6351.43  6327.41  6319.66  6113.55  6278.17  6354.31  4963.4  1480.43  2945.18  2510.26  4737.15  1338.55  4820.71  
6042.87  6195.79  6211.83  6208.39  6205.21  6184.51  6004.15  6092.32  6122.88  5490.73  1498.75  1333.41  2606  4610.35  1398.18  5741.61  
5910.36  5936.62  5973.31  5957.44  5981.97  5939.4  5805.49  5843.49  5955.57  5482.43  1497.33  3255.62  1693.88  4087.43  1423.47  3796.42  
5939.48  5980.49  5996.02  5987.62  5939  5968.4  5994.01  5811.11  5804.07  5543.62  3555.12  1532.75  2085.74  3969.39  1512.45  5335.39  
6123.35  6183.59  6190.67  6188.79  6099.77  6166.41  6168.99  6009.92  4110.27  6086.4  3960.12  4537.42  2723.65  5562.21  1334.07  6166.28  
6808.17  6774.1  6808.38  6808.79  6786.84  6728.34  6740.31  6608.02  3802.28  3142  1499.36  5579.33  3588.3  3042.94  5675.09  5845.95  
6029.58  6078.96  6090.29  6085.15  6016.31  6064.42  6080.02  5906.98  4958.04  5819.35  3538.16  3021.53  2397.44  4756.49  1288.25  5749.61  
6383.27  6341.48  6384.37  6379.17  6245.18  6334.73  6320.82  6303.16  4349.1  6026.44  4051.37  1314.78  3218.05  3630.7  1572.66  6069.8  
6721.17  6678.28  6722.46  6721.36  6692.23  6652.48  6663.94  6485.84  3477.33  2695.58  1391.62  5620.99  5412.55  3268.78  6060.89  5671.16  
6202.51  6274.17  6289.86  6281.51  6178.98  6254.02  6239.91  6130.4  2874.73  5744.55  3948.24  5582.27  3215.67  5644.41  1295.41  5569.29  
6852.18  6825.13  6854.28  6855.18  6838.92  6768.4  6779.01  6674.6  4048.2  3247.7  1583.16  5522.64  2179.73  3151.35  5074.95  5923.01  
5805.84  5849.12  5849.84  5832.48  5843.03  5824.19  5843.15  5619.85  5074.02  4716.69  2483.93  2060.08  860.862  4627.61  1321.12  4470.71  
6356.67  6483.82  6510.47  6504.59  6500.65  6463.72  6464.55  6392.68  4160.74  2244.07  2951.93  2262.08  5008.77  3120.1  6319.16  3287.86  
6599.74  6582.95  6628.72  6625.75  6591.47  6569.3  6577.05  6512.17  3399.04  2313.34  1733.31  4991.49  6150.47  3477.13  6365.42  5053.93  
6708.11  6673.85  6712.33  6710.61  6658.3  6642.85  6651.88  6678.2  3655.15  2217.42  1627.05  5465.61  4968.14  4436.75  5348.92  5681.78  
5805.83  5849.06  5849.78  5832.42  5843.28  5824.13  5843.18  5619.76  5057.67  4716.83  2466.12  2034.96  860.748  4608.2  1310.66  4470.67  
6342.71  6497.01  6503.98  6497.93  6495.44  6457.9  6458.2  6379.71  4212.23  2235.01  3033.87  2094.94  4896.28  3117.87  6297.79  4468.79  
6028.47  6072.01  6083.14  6077.87  6045.8  6057.32  6083.6  5896.37  2998.43  5835.92  1403.44  9.69207  2383.76  2429.88  33.7879  5744.34  
6592.33  6580.44  6622.97  6619.65  6572.21  6563.83  6570.21  6621.36  3499.99  2041.9  1866.97  4903.28  5898.19  4140.16  5961.25  5059.96  
