12216.5  12201.8  12244.3  12260.5  12255.3  12286.3  12278.3  12287.4  12288.7  12272.6  12238.2  12281.1  12246.8  12201.4  12124.1  10111.6  7709.25  1344.64  
12128.8  12149.3  12180.9  12178.2  12196.5  12203.2  12215.6  12217.4  12217.3  12209.2  12160.1  12197.3  12198.2  12094.7  12099.5  10928.8  7353.71  1317.75  
11627  11619.3  11575.6  11632.6  11640.7  11607.8  11622.7  11635  11476  11589.9  11578.9  11614.8  11582.1  11541.3  11623.8  9760.82  9274  3253.99  
12353.9  12318.3  12349.9  12380.8  12353.2  12394.8  12384.3  12403.6  12400.5  12377.8  12367.8  12403.4  12297.4  12318.2  12152.9  10294.6  8033.39  1167.08  
12751.8  12726.6  12669  12753.9  12649.4  12689.4  12701.7  12755.1  12759.1  12696.4  12759.6  12737.8  12546.9  12527  9924.93  11403.7  7766.45  1764.51  
12399.2  12423.7  12401.1  12322  12400.9  12367.2  12450.1  12456.8  12450.6  12424.6  12428.8  12448  12328.6  12255.8  12112.2  11688.7  7396.49  52.3604  
11487.3  11499.2  11429.3  11497.4  11507.1  11489.7  11482.1  11499.3  11282.1  11440.2  11423.9  11463.8  11419.7  11359.4  11451  10082.3  9491.24  1458.23  
11836  11924.4  11949.5  11956.3  11983.1  11961.1  11999  11970.9  11948.8  11972.7  11874.5  11808.8  11990.9  11817.6  11962.5  10652.8  6291.52  1951.91  
11986  12096.8  12090.9  11998  12113.1  12055.4  12126.7  12116.8  12119.1  12119.7  12048.7  12062  12125.7  11852.4  12054.5  11146.9  6404.98  775.375  
12528.3  12550.2  12503.4  12468.1  12495.8  12474.4  12547.3  12570.3  12564.6  12527.9  12554.7  12552  12409.8  12327.1  12151.9  11854.9  7708.27  42.2397  
11703.9  11878.5  11822.4  11864.5  11866.2  11750.3  11877  11843.7  11801.3  11842.4  11719.7  11866.4  11857  11743.5  11862.5  10503.5  7360.21  2465.52  
11419.8  11439.3  11356.9  11430.5  11440.9  11432.6  11412.3  11432.4  11186.1  11366.1  11348.4  11389  11339.2  11270.6  11365.7  10215.7  9618.48  449.321  
11844.1  11855.2  11800.6  11840.1  11846.2  11708.3  11855.1  11842.8  11774.4  11820.2  11812.3  11848.7  11832  11718.2  11851.5  10108.7  7574.48  4241.4  
11593.3  11583.6  11541  11600.8  11609.1  11566.8  11588.9  11603  11430.2  11554.6  11542.9  11579  11543.8  11503  11594.7  10088.7  9331.44  1908.43  
11730  11732.6  11685  11733.7  11740.7  11733.6  11730.5  11735.8  11621.1  11702  11690.7  11728  11703.7  11660.9  11717  8803.69  9050.87  7672.74  
12657.4  12678.9  12605.6  12614.8  12590.6  12583  12644.7  12683.6  12684.3  12631.4  12680.7  12656.2  12490.7  12398.3  12191.8  11986.6  8024.76  21.2295  
11933.2  12003.9  11948.6  11980.2  11981.5  11933.9  12003.4  11973  11969.7  11971.6  11927.8  11976.8  11997.1  11863.6  11998.3  10548.4  7267.82  2714.61  
12751.8  12726.6  12669  12753.9  12649.4  12689.4  12701.7  12755.1  12759.1  12696.4  12759.6  12737.8  12546.9  12527  9924.93  11403.7  7766.45  1764.51  
12530.7  12504.8  12493.4  12504.4  12486.5  12505.2  12534.4  12560.4  12555.7  12518.8  12543.2  12559.8  12408.2  12408.6  12168.2  11133.1  7203.08  2025.09  
11971.4  12060.4  12069.8  12094.3  12093.6  12106.1  12112.2  12095.2  12101.7  12095.9  12023.8  12082.4  12107.2  12007.1  12049.9  11544.2  7173.14  1787.47  
