2736.95  3075.18  3113.56  3110.43  3106.52  3106.57  3076.43  3112.36  3095.21  3052.75  3111.31  3077.54  2981.23  3104.87  
3005.08  3140.93  3202.68  3201.15  3192.33  3177.99  3168.07  3188.51  3120.55  3140.49  3189.99  3172.47  3078.95  3189.51  
3828.52  3877.25  3926.25  3926.26  3906.81  3790.15  3800.64  3922.2  3928.31  3868.21  3909.15  3933.27  3837.46  3918.41  
4424.36  4335.75  4443.26  4445.92  4248.36  4390.19  4426.49  4372.35  4283.69  4354.44  4404.91  4432.29  4326.02  4036.7  
3129.68  3402  3557.23  3556.08  3528.34  3245.19  3525.77  3465.89  3340.49  3483.79  3522.82  3543.46  3460.01  3492.57  
4336.7  4206.67  4346.93  4349.05  4149.79  4270.44  4328.5  4301.33  4181.14  4273.56  4314.41  4339.14  4235.36  3990.16  
3174.52  3421.57  3608.03  3606.75  3557.73  3294.92  3577.73  3519.04  3393.35  3532.77  3599.73  3598.7  3514.69  3568.12  
2692  3039.2  3062.7  3059.54  3056.18  3045.18  3024.53  3059.09  3057.25  3003.56  3047.11  3024.22  2925.88  3041.67  
4186.08  4146.21  4202.88  4204.23  4170.69  4155.53  4180.66  4182.38  4206.48  4150.76  4177.57  4199.93  4159.18  4031.65  
3528.24  3616.25  3756.91  3756.33  3700.16  3395.7  3729.38  3753.48  3552.66  3677.39  3731.61  3742.49  3654.51  3627.3  
4017.05  3994.24  4065.19  4065.85  4039.02  3959.96  4031.91  4059.56  4067.17  4009.56  4044.87  4067.31  3969.4  3978.19  
3583.79  3634.26  3785.57  3785.1  3712.11  3455.2  3758.38  3790.95  3582.87  3705.22  3758.94  3772.86  3682.7  3644.37  
4514.69  4465.84  4540.61  4543.82  4347.47  4540.81  4525.5  4442.81  4387.23  4438.91  4496.05  4526.48  4417.42  4083.14  
3215.03  3267.89  3374.68  3372.48  3359.66  3117.32  3341.38  3339.6  3185.85  3306.18  3350.43  3351.36  3264.04  3356.26  
3347.56  3249.44  3348.8  3348.79  3334.89  3247.37  3317.34  3316  3169.23  3283.27  3323.55  3326.75  3238.23  3330.82  
2909.19  2910.94  2867.25  2863.32  2890.9  2891.28  2826.57  2909.12  2880.21  2844.01  2837.12  2816.99  2715.99  2864.18  
2801.46  2874.87  2818.36  2813.93  2843.69  2869.87  2776.66  2867.13  2863.23  2796.64  2792.71  2765.35  2662.75  2817.6  
4186.08  4146.21  4202.88  4204.23  4170.69  4155.53  4180.66  4182.38  4206.48  4150.76  4177.57  4199.93  4159.18  4031.65  
3828.52  3877.25  3926.25  3926.26  3906.81  3790.15  3800.64  3922.2  3928.31  3868.21  3909.15  3933.27  3837.46  3918.41  
4512.03  4461.58  4537.54  4540.74  4355.67  4540.72  4522.38  4440.34  4401.53  4436.62  4493.12  4523.52  4414.5  4081.46  
