12664.3  12694.3  12662.4  12754.2  12713.4  12752.1  12744.8  12570.1  12590.7  12490.8  12725.8  12748.2  12669  12579.8  9432.83  11661.7  9139.79  7878.11  
12031.7  12047.3  12056.4  12058.3  12085.2  12091.3  12075.6  12075  11969.1  12044.1  12029.1  12022.2  11940.8  11946.1  10914  11117  4134.64  9589.58  
12196.7  12143  12169.4  12186.8  12192.4  12222.8  12063.9  12206.7  12089.2  12091.5  12164.4  12155.6  12080.9  12065  10976.4  11447.3  1966.39  11011.1  
11994.7  12008.2  12025.8  12023.3  12049.1  12055.5  12029  12040.3  11935.4  12019.7  11994.1  11975.2  11906.3  11915  10858.1  11196.9  4009.01  9748.24  
12281  12206.6  12229.4  12251.6  12261.6  12289  12223.6  12270.3  12147.8  12120.9  12233.1  12247.3  12143.6  12120.3  10744.4  11390.5  5188.44  9049.91  
11413  11375  11408.6  11403.4  11381.1  11421.4  11421.9  11424.3  11428.9  11324.2  11368.4  11232.8  11375.6  11344.8  10773.3  9386.8  8433.95  9077.17  
12355.3  12276.9  12292.7  12323.7  12329.3  12362.8  12331.3  12343.9  12215.7  12166.2  12311.2  12326.1  12219.7  12186.9  10473  11485.7  7055.64  8280.47  
12749.8  12834.1  12778  12835.3  12852.6  12880.5  12812  12639.1  12719.1  12632.7  12866.1  12864.5  12832.6  12724.5  8847.84  11636.1  9315.06  10708  
12468.9  12442.7  12436.8  12471.5  12487.1  12515.3  12471.4  12425  12364.6  12306.3  12474.8  12487.1  12401.7  12347.1  9983.26  11488.5  7540.67  9052.98  
12718.5  12792  12741.8  12804  12815.8  12840.6  12784.7  12613.2  12680  12593  12823  12829.7  12783.9  12682.7  8968.91  11580.3  9031.81  10232.9  
12570.7  12563.3  12548  12629.4  12590.1  12630.1  12627.3  12499.5  12472.4  12383.2  12595.2  12619.7  12525.7  12453.9  9813.37  11627.3  8580.38  7435.43  
12434.7  12405.2  12404.8  12432.8  12453.5  12475.7  12442.2  12384.2  12326.9  12273.3  12432.1  12456  12356.9  12308.4  10153.3  11387  6936.23  8920.4  
11360  11326.6  11333.6  11332.4  11349.2  11348.8  11373.5  11353.4  11376.4  11330.7  11373.4  11357.5  11318.1  11278.5  10310.8  9391.02  9281.18  6347.39  
11582.9  11550.8  11591.5  11574.9  11507.3  11596.9  11575.8  11595.9  11553.4  11567.7  11539  11579.4  11513.8  11505.2  10142.2  10261.2  6616.28  10021.9  
11841.7  11830  11890.2  11869.1  11892.3  11897.7  11823.8  11887.7  11787  11893.6  11841.1  11803.2  11880.4  11778.4  10694.5  11733.7  3191.27  10437.1  
11716.5  11688.4  11747.2  11718.9  11665.5  11744.1  11739  11740.1  11655  11733  11695.7  11701.8  11705.8  11645.1  10128.1  10956.1  5011.47  10707.4  
11583.2  11547.9  11590.4  11573.4  11509.9  11595.3  11576.4  11594.4  11551.6  11562.3  11537.6  11594.6  11521.1  11503.8  10199.6  10352.5  6593.81  10034.7  
11842.1  11826.5  11889  11867.3  11895.4  11895.9  11824.4  11886  11784.8  11887.2  11839.4  11821  11888.9  11776.8  10761.9  11840.8  3164.89  10452.1  
11715.9  11681.1  11743.6  11714.2  11668.2  11739.4  11739.2  11735.6  11650  11720.6  11691.4  11731.3  11718.4  11641.1  10234.7  11129.6  4986.01  10737.4  
12570  12562.5  12547.4  12628.7  12589.4  12629.3  12626.7  12498.7  12471.6  12382.6  12594.4  12619.1  12524.8  12453.1  9816.76  11625.3  8568.35  7432.79  
