5427.8  5375.03  5377.79  5370.8  5360.19  5318.5  5425.48  5414.15  5436.55  5383.84  5416.66  5434.69  5358.06  5426.33  5360.63  5403.11  5367.48  5302.45  2029.49  5024.19  2217.66  4028.82  5264.38  2465.02  
5075.07  5010.48  5022.33  5116.29  5126.31  5105.83  5119.71  5067.25  5101.25  5105.71  4965.93  5072.79  5109.39  5126.75  5061.63  5123.87  4805.3  4961.36  3211.39  4880.42  4040.66  2405.93  1354.37  4125.56  
5364.2  5246.79  5307.92  5308.15  5307.26  5277.1  5378.76  5376.24  5379.57  5336.46  5347.51  5372.54  5304.49  5374.05  5299.1  5359.9  5291.64  5254.33  2283.07  4513.94  2879.06  3936.66  1834.85  2588.43  
4875.31  4913.14  4874.07  4979.55  4990.16  4989.45  4956.76  4930.2  4914.71  4973.47  4715.94  4872.81  4987.93  4987.24  4964.3  4966.15  4978.76  4798.32  3623  4626.39  4579.04  2523.1  3615.17  4142.09  
5208.79  5081.45  5127.94  5094.41  5223.8  5185.33  5224.51  5165.2  5227.25  5200.37  5134.46  5183.8  5193.73  5221.8  5137.41  5230.27  5036.96  5077.37  2845.64  4995.24  4293.61  3170.54  2648.69  4121.93  
5554.56  5459.92  5516.15  5466.38  5480.18  5398.81  5477.96  5461.84  5542.82  5467.66  5538.55  5549.78  5478.84  5515.27  5493.94  5481.7  5484.78  5377.56  1985.24  5010.37  3922.45  3903.17  1034.29  3946.08  
5131.3  5037.11  5061.9  4991.67  5162.38  5139.13  5161.81  5105.24  5153.51  5141.68  5036.19  5093.86  5143.28  5166.14  5096.25  5168.13  4939.57  5005.95  3166.38  4908.4  4081.99  3230.35  1808.7  4125.61  
5016.61  4981.81  4978.81  4839.79  5086.26  5071.63  5072.59  5026.9  5046.61  5066.79  4892.72  4963.15  5073.71  5085.85  5032.05  5077.68  4803.92  4913.41  3305.79  4773.4  4046.05  3241.69  1429.36  4129.63  
5505.5  5391.68  5462.47  5437.03  5426.42  5366.14  5465.35  5451.62  5502.65  5436.92  5496.04  5508.32  5427.9  5483.93  5440.16  5453.59  5448.69  5355.18  1835.76  5015.93  3582.86  4029.86  1360.38  2901.86  
5300.11  5208.12  5217.8  5213.92  5252.73  5223.17  5295.03  5248.89  5305.86  5265.04  5254.21  5288.02  5238.32  5295.74  5210.05  5303.8  5176.25  5177.37  2657.24  3753.51  1869.19  3467.12  4175.23  3930.99  
5816.27  5767.4  5844.79  5810.37  5843.49  5693.54  5828.76  5812.62  5842.31  5724.13  5820.52  5817.94  5797.69  5817.53  5774.17  5652.22  5818.42  5518.41  1956.66  5435.62  5498.66  4694  833.425  1491.64  
5801.45  5755.23  5827.69  5790.9  5826.44  5678.33  5815.92  5682.94  5827.29  5713.58  5807.27  5805.2  5785.54  5796.24  5757.67  5644.16  5803.64  5515.13  1723.34  5333.89  5464.98  4776.83  945.468  1725.9  
5672.81  5620.38  5686.82  5648.31  5671.23  5553.54  5706.87  5573.53  5703.63  5625.31  5699.13  5700.29  5661.96  5681.18  5635.04  5577.4  5685.51  5486.58  3187.37  5271.86  3884.92  5062.08  879.016  2986.39  
5696.48  5655.03  5709.68  5663.62  5702.24  5573.59  5726.02  5588.97  5723.66  5640.25  5716.25  5717.32  5693.63  5698.09  5649.67  5588.4  5702.79  5491.88  3731.33  5286.42  4086.3  4409.3  970.102  2618.56  
5611.83  5550.6  5597.72  5553.75  5579.13  5477.99  5598.14  5520.53  5621.88  5545.31  5613.96  5620.94  5574.35  5597.16  5555.98  5526.39  5580.91  5426.52  2461.46  5157.1  3866.29  4489.15  1534.96  3177.43  
4826.07  4889.39  4838.21  4935.43  4957.25  4960.56  4917.88  4896.59  4868.8  4941.23  4654.36  4796.28  4958.07  4952.83  4937.91  4927.31  4953.65  4758.52  3698.93  4568.18  4544.83  2496.18  2172.61  4144.58  
5611.57  5550.02  5597.45  5553.51  5578.66  5477.66  5597.69  5520.24  5621.6  5545.08  5613.77  5620.74  5573.88  5596.9  5555.88  5526.28  5580.67  5426.49  2457.94  5156.56  3866.76  4487.4  1523.94  3185.18  
5293.27  5201.81  5209.55  5204.52  5248.39  5218.67  5287.76  5238.74  5298.87  5258.69  5244.75  5297.42  5298.33  5288.71  5202.47  5298.05  5164.93  5169.6  3249.73  3744.62  1932.37  3636.63  489.918  4014.32  
4964.57  4956.04  4938.68  4891.99  5049.28  5041.84  5026.8  4990.97  4997.87  5031.59  4996.85  4927.05  5041.96  5049.67  5013.12  5036.51  5033.73  4870.17  3489.97  4703.46  4458.95  3204.37  1723.56  4138.17  
5205.82  5078.75  5125.31  5091.88  5222.17  5183.8  5222.17  5162.76  5224.56  5198.25  5130.65  5225.04  5192.03  5219.54  5135.39  5227.89  5032.52  5074.47  3026.08  5011.07  4450.84  3161.12  2613.8  4124.53  
