11838.7  11745.3  11880.3  11619.5  11649.8  11860.7  11799.6  11782.9  11795.4  11837.9  11816.1  11716.5  11854.3  11801  11162.5  7381.59  11523.8  7559.2  
11485.3  11329.4  11492.1  11366.8  11485.1  11487.9  11492.1  11392.5  11491.5  11392.2  11431.2  11254.5  11354.1  11305  10502.5  9126.46  7478.36  10139.8  
12093.8  12134.1  12192.8  12194.2  11996.8  12185.3  12193.7  12164.2  12193.8  12160.6  12043.1  12154.6  12189.1  12143  9988.92  10060.8  9212.49  3786.55  
11791.9  11676.4  11820.7  11535.1  11800.8  11801.1  11729.7  11714.1  11773  11779.8  11781.5  11712.4  11783.1  11729  11199.8  7430.39  11549.1  6659.78  
12017.4  12041.5  12106.4  12048.1  11888.6  12103.2  12095.1  12057.6  12100.6  12075.9  11948.8  12057.4  12092  11967.5  10928.7  7214.79  9549.49  8834.46  
11601.9  11472.3  11628.3  11488.9  11551  11620.1  11600.7  11444.1  11491  11574.9  11598.7  11397.7  11444.4  11436.4  11125.3  8652.73  10658.1  9937.61  
11392.1  11212.7  11392.5  11330  11374.2  11393.8  11393.8  11075.3  11389.8  11250.2  11395.4  11334  11215.3  11155.8  11392.7  6966.86  9607.2  11002.8  
11693.4  11557.7  11714.9  11481.2  11714.1  11700.5  11664.9  11570.6  11673.3  11647.4  11665.9  11501.2  11638  11700.6  11184  8750.55  10929.5  7720.97  
12378.8  12301.5  12484.2  12517.4  12449.8  12387.6  12410  12516.7  12498.5  12378.9  12424.8  12511.5  12530.8  12329.9  11313.6  6436.63  11032.8  9513.03  
12446.9  12346.1  12554.4  12604  12556.1  12438.8  12471  12596.6  12603.8  12433.6  12540.3  12597.6  12617  12438.3  11384.6  6032.65  11644  10233.1  
12183.7  12166.9  12280.7  12259.2  12146.5  12235.9  12230  12282.1  12276.3  12219.3  12169.6  12218.8  12281.9  12030.8  11192.8  7842.83  9519.06  6654.24  
12524.1  12403.9  12636.4  12710.3  12675.4  12502.2  12543.6  12698.3  12645.2  12499.1  12629.7  12645.7  12713  12512.5  11404.9  6380.52  11986.4  11346.5  
12269.6  12222.1  12370  12378.4  12279.6  12301.6  12319.1  12373.1  12390  12286.7  12286  12392.1  12402.4  12351.7  10640.6  11145  10819.2  9899.9  
11309.8  11082.1  11301.3  11289.6  11284.6  11290.4  11285.8  10964  11319.4  11195.7  11316.9  11152.9  11290.2  11019.3  11266.5  7365.38  10461.4  10994.2  
12630  12477.9  12746.5  12844.9  12840.6  12584.1  12634.1  12831.9  12772.8  12586.8  12781.6  12768.2  12841.1  12563.3  11852.3  7832.37  12477.1  11553.7  
11932.3  11898.7  12003.1  11840.5  11793.7  11989  11956.2  11927.7  11997.6  11959.7  11880.5  11895.5  11981.1  11916.1  11046.1  7242.06  10775.8  9185.89  
12628.5  12474.4  12744.1  12840.9  12838.5  12581.4  12633.1  12826.7  12805.1  12584.6  12814.1  12743.9  12840.2  12634.8  11550  7479.73  12646.6  11449.5  
12270.3  12222.6  12370.8  12379.3  12280.7  12302.1  12319.8  12374  12390.9  12287.3  12287  12393  12391.7  12352.3  10642.9  11126.8  10822.9  9899.25  
11517.6  11372.5  11526.6  11380.3  11523  11520.6  11526  11497.4  11525.5  11441.1  11459.4  11230.4  11401.3  11355.9  11142.2  9838.4  6765.02  9857.4  
11932.2  11898.6  12003  11840.4  11794.3  11988.9  11956.1  11927.6  11997.7  11959.6  11880.4  11895.7  11981  11915.9  11046.1  7242.2  10774.8  9182.65  
