12465.5  12461.2  12378.3  12466.5  12435.2  12377.4  12373  12362  12420.2  12446.8  12431.4  12455.4  12182.2  12355.2  10608.9  8251.21  9164.26  9872.39  
11328.3  11425.7  11411.4  11464  11439.5  11318.1  11360.3  11355.3  11407.1  11463.7  11423.7  11266.6  11453.1  11103.2  10602.6  9290.34  8758.08  10357.8  
12574.7  12571.4  12492.9  12573  12532.4  12445.7  12506.8  12466.7  12538.8  12559.6  12547.6  12568.1  12274.6  12474.8  10866.9  9249.59  6959.87  9160.49  
12409.8  12369.9  12261.2  12409.7  12392.2  12367.6  12248.7  12313.1  12325.5  12393.7  12373.9  12402.3  12094.2  12248.5  10894.3  11655.1  11754.6  2445.89  
11111.6  11115.9  11158.7  11169.9  11141.2  10918.1  11168.3  11140.7  11161.7  11174.8  11174.8  11032.8  11203.6  11018.2  10668.2  9251.2  9639.63  9854.71  
11429.3  11508.3  11504.3  11576.8  11562.2  11475.5  11419.2  11448.4  11538.2  11593.2  11323.5  11381.9  11550.9  11593.1  10403.3  10184  8744.95  10760.9  
11669.7  11829  11738.8  11835.9  11778.7  11817  11685.6  11631.9  11756.5  11837.6  11716  11689.7  11709.8  11822.9  11637  9540.55  10847  10811.3  
11471.9  11590.1  11556.4  11640.8  11609.4  11547.9  11490.9  11484.6  11582.8  11646.2  11615.4  11437.6  11589.4  11640.5  10388.1  9887.69  8440.91  10673  
12210.2  12205.7  12119.2  12226.8  12206.8  12217.5  12032.9  12110.1  12140.6  12189.8  12151.4  12190  11965.1  12060  10077  11621.8  10227.8  6162.27  
12030.9  12025.4  11915.5  12018.1  11974.3  12021.8  12030.7  11857.2  11940.4  12021.8  11943.8  11935.2  11823.7  11954.6  10017.7  11102.5  10870.9  7693.95  
12243  12236.8  12145  12249.3  12237  12238.2  12101  12148.6  12178.6  12216.8  12194.7  12225.6  11994.1  12111.7  10080.5  11529.3  9927.56  6605.82  
11231.9  11318.9  11298.9  11333.1  11306.8  11140.1  11271  11259.8  11297.8  11323.4  11312.9  11162.5  11342.1  11065.3  10631.8  9216.76  9138.52  10133.9  
12693.3  12691.8  12605.6  12683.1  12640.2  12526.4  12646.7  12584.8  12659.6  12680.3  12677  12692.5  12364.9  12597.8  11225.8  10858.7  6712.61  6962.22  
12730.3  12728.5  12656.2  12724.8  12671  12543  12697.3  12615.9  12707.8  12720.3  12713.1  12728.8  12406.2  12645.2  11234.7  10699.2  5560.93  8120.6  
11041.4  11119.9  11076.7  11074.5  11044.5  10788.4  11117.2  11071.2  11082.7  11080  11093.8  10957.2  11122.8  10991.2  10689.8  9233.21  9926.87  9692.44  
11706.9  11669  11618.5  11705.6  11666.7  11637.9  11546.4  11535.7  11641.5  11710.6  11629.9  11523.1  11629.4  11700.8  11032.5  8354.21  9612.37  8334.73  
10977.3  11047.7  11001.9  10987.5  11033.4  10670.1  11035  11007.7  11010.2  10951.3  11020.1  10888  11049  10966.1  10709.3  9014.99  10143.2  9537.72  
12020.1  12019.5  11910.2  12012.6  11968.5  12015.7  12020.3  11850.4  11934.8  12016.2  12019.3  11927.9  11820.3  11950.5  11051.2  11056.5  10080.5  7785.21  
11847.1  11841.6  11733.5  11830  11770.6  11826.4  11853.6  11631.3  11756.5  11851.5  11811.6  11694.8  11701.3  11837.4  11657.7  8180.74  10138.7  8128.09  
11222.4  11316.1  11287.6  11320.1  11293.6  11312.3  11261.1  11250.4  11288.2  11306.7  11301.1  11152.5  11331  11062.8  10635.4  9197.81  8680.1  10103.1  
