3933.36  3816.98  3886.84  3910.42  3936.74  3908.8  3855.89  3935.3  3916.29  3811.9  3899.27  3886.33  3870.8  3766.16  
3196.57  3137.2  2902.75  3196.65  3154.4  3165.42  3140.82  3159.83  2888.21  3013.32  3184.23  3127.21  3169.37  2951.64  
3870.43  3754.73  3834.4  3855.92  3876.18  3855.5  3803.38  3868.75  3864.87  3795.64  3838.05  3836.15  3818.9  3760.26  
4445.79  4264.76  4401.43  4390.39  4429.56  4438.38  4354.43  4295.36  4375.94  4400.94  4274.78  4429.65  4379.32  4251.79  
3506.75  3423.2  3452.52  3485.89  3466.66  3486.4  3442.67  3411.13  3376.11  3479.24  3423.5  3469.76  3433.72  3288.65  
3577.56  3542.03  3471.77  3580.24  3563.84  3554.96  3519.26  3579.18  3537.61  3495.55  3571.99  3526.67  3554.01  3458.36  
4274  4067.42  4186.06  4218.58  4237.97  4269.04  4188.09  4137.34  4239.59  4178.54  4114.77  4269.47  4234.14  4041.67  
2942.77  2598.84  2698.13  2971.79  2950.77  2906.34  2893.37  2951.66  2644.56  2778.92  2968.58  2944.98  2976.3  2815.55  
4228.93  4221.26  4116.74  4181.55  4189.98  4218.65  4143.87  4086.67  3786.07  4209.65  4083.74  4171.36  4140.78  3940.38  
3141.51  3109.95  2839.69  3142.51  3092.74  3110.1  3087.44  3107.38  2845.94  2936.73  3134.71  3143.31  3146.92  2873.28  
4399.16  4288.62  4352.4  4352.49  4397.84  4385.82  4308.64  4255.78  4182.18  4387.5  4242.85  4365.5  4303.45  4259.22  
4546.95  4380.82  4528.27  4491.55  4542.38  4538.1  4452.37  4388.42  4456.52  4531.83  4369  4524.01  4464.85  4375.55  
2801.43  2745.65  2675.44  2848.38  2843.92  2761.24  2755.2  2854.08  2487.77  2650.85  2850.53  2807.35  2855.02  2757.42  
3357.83  3327.18  3234.85  3352.1  3314.77  3333.95  3300.78  3296.39  3235.3  3303.58  3313.7  3311.79  3330.34  3151.77  
3716.07  3676.42  3666.17  3721.83  3711.62  3686.79  3651.72  3729.93  3728.78  3648.57  3717.55  3649.68  3645.46  3649.5  
4092.09  3968.06  3994.19  4060.01  4092.1  4072.07  4010.25  3981.48  4078.98  4005.21  3976.38  4053.25  4032.43  3913.01  
2796.47  2826.33  2666.5  2843.58  2838.84  2756.1  2750.31  2849.76  2478.88  2642.5  2846.42  2803.47  2850.81  2751.09  
3354.5  3321.59  3233.94  3347.67  3310.2  3330.73  3297.18  3288.49  3227.71  3302.82  3306.71  3309.11  3324.68  3143.79  
3715.99  3676.34  3666.08  3721.74  3711.52  3686.7  3651.63  3729.82  3728.66  3648.5  3717.44  3649.6  3645.37  3649.38  
4091.74  3967.73  3993.94  4059.68  4091.76  4071.72  4009.92  3981.31  4078.65  4004.88  3976.16  4052.91  4032.09  3972.07  
