6576.56  6548.95  6627.1  6605.86  6572.63  6597.03  6626.58  6571.65  6064.18  6410.17  0.604158  4791.71  4182.01  4.63613  0.178001  5923.39  
6326.8  6331.88  6348.38  6356.36  6356.85  6304.51  6372.71  6214.68  5867.44  6175.98  2923.92  4840.13  2030.59  704.263  294.022  5493.85  
7073.57  7072.71  7057.43  7113.39  7064.48  7099.4  7106.45  6501.45  5650.93  3215.9  1716.6  1957.48  3567.51  1782.43  1295.76  3466.76  
6665.72  6641.11  6714.58  6695.52  6663.53  6690.69  6715.85  6615.65  5183.91  6496.63  588.731  4874.72  3707.2  142.463  101.004  5798.25  
6407.16  6392.69  6452.02  6436.54  6411.3  6415.88  6451.13  6371.63  5605.33  6218.74  774.328  4667.82  3531.71  1413.98  126.586  5702.79  
6872.52  6838.18  6902.84  6910.1  6844.22  6898.9  6900.11  6521.92  6433.56  4376.71  37.2398  4166.4  5509.47  6.35934  552.489  3735.22  
7544.16  7599.91  7601.78  7590.81  7606.43  7580.19  7604.31  7207.95  6419.74  280.846  1226.23  1.67169  6926.82  385.964  5330.71  4574.3  
7313.28  7346.58  7292.4  7359.96  7360.46  7344.06  7336.87  6491.5  6766.93  1272.83  1460.97  555.729  5022.17  418.909  3147  4481.04  
6183.59  6193.15  6207.13  6213.01  6213.35  6158  6224.19  6080.48  5730.61  6016.26  2834.63  4681.74  2023.69  683.875  836.319  5416.99  
8446.97  8509.99  8526.1  8535.03  8472.4  8519.04  8470.94  5908.39  6027.81  3641.14  4433.45  21.0676  3759.38  7388.3  2996.31  6144.91  
8294.57  8355.73  8367.57  8375.99  8325.49  8360.71  8376.51  5738.08  7326.44  3407.63  6871.74  2746.83  5165.21  7145.17  3170.02  5887.22  
7845.94  7902.37  7908.05  7907.03  7893.47  7893.89  7910.18  7479.26  6625.05  3527.86  2910.01  52.3397  5660.77  1153.08  3062.89  5157.33  
7796.91  7850.85  7855.45  7856.38  7843.47  7842.63  7854.14  7301.18  6655.5  6096.94  2910.81  18.4346  5591.08  1069.67  2859.09  5148.77  
8614.39  8680.22  8707.48  8708.95  8634.26  8692.22  8383.54  8447.67  6410.21  4750.14  6526.89  10.5479  3396.24  2373.83  2086.35  6458.04  
5956.52  5976.99  5986.24  5986.12  5982.12  5933.98  5984.41  5839.5  4384.63  5709.47  2832.68  4338.21  1801.71  5163.29  462.87  5115.9  
8104.81  8164.18  8178.58  8177.11  8142.56  8162.6  8023.78  7770.39  6486.83  4672.8  5154.94  65.804  4881.87  1484.77  1987.27  5617.29  
8706.53  8772.65  8798.4  8805.71  8722.28  8788.37  8558.27  8575.27  6599.67  4847.73  6188.3  42.5927  3001.32  5734.83  1270.96  6608.67  
5956.39  5976.87  5986.12  5985.99  5981.99  5933.86  5984.27  5839.35  4383.9  5709.28  2832.77  4337.99  1801.46  5165.78  461.894  5115.64  
7546.79  7600.17  7601.6  7594.3  7605.56  7582.63  7600.63  7076.31  6485.33  3405.74  1913.6  0.555612  6640.41  433.865  4738.7  4665.54  
7312.34  7344.76  7292.26  7359  7359.19  7343.25  7335.83  6493.02  6769.4  1295.1  1449.84  22.4956  4985.25  432.896  3125.56  4476.61  
