5223.93  5222.98  5230.09  5251.6  5258.44  5259.35  5217.07  5245.35  5246.34  5196.58  5250.22  5216.15  5253.76  5217.45  5246.89  5198.67  5217.55  4555.81  4406.22  3452.16  4644.04  1283.25  3384.09  891.376  
5260.44  5287.88  5263.34  5287.88  5303.63  5286.55  5266.65  5289.09  5289.73  5264.06  5281.64  5233.21  5293.49  5251.42  5290.74  5229.68  5245.57  4534.97  4278.24  3186.57  4508.08  947.064  828.232  1495.53  
5506.72  5467.57  5429.16  5537.69  5523.12  5542.66  5434.59  5444.05  5541.49  5493.52  5492.2  5528.39  5531.97  5411.96  5410.88  5451.45  5238.42  4595.89  4093.56  3516.36  1518.44  2011.64  4497.07  5247.3  
5405.41  5510.43  5501.37  5627.87  5589.67  5634.91  5361.89  5504.89  5613.68  5633.88  5627.59  5564.73  5604.67  5504.6  5458.72  5475.25  5327.41  4667.67  4439.98  3973.57  1075.94  1477.47  4045.12  3172.48  
5362.8  5429.63  5359.18  5424.36  5435.79  5418.15  5371.68  5416.01  5432.73  5393.68  5384.23  5400.76  5425.56  5343.72  5391.73  5357.78  5255.06  4550.93  4008.58  2886.34  3246.03  956.004  2848.97  3570.14  
5191.16  5187.76  5199.18  5215.14  5212.4  5218.44  5148.38  5214.12  5201.43  5148.17  5218.12  5184.57  5198.8  5182.93  5218.16  5156.84  5192.03  4574.81  4517.39  4023.47  4693.62  1469.62  3375.93  333.875  
5653.62  5521.55  5514.71  5640.13  5590.7  5652.89  5444.84  5520.46  5625.35  5623.44  5633.39  5606.12  5639.04  5430.63  5474.02  5482.19  5304.19  4655.8  4389.82  3819.58  1095.5  3173.63  4289.1  3126.6  
5278.64  5287.71  5300.11  5384.41  5397.82  5367.12  5369.21  5230.57  5399.87  5392.02  5334.78  5367.03  5390.04  5321.13  5204.07  5360.7  5235.78  4593.53  3785.27  4069.14  3354.63  3412.42  2824.65  4095.07  
5491.97  5560.17  5557.61  5686.87  5614.54  5704.05  5506.51  5578.08  5663.86  5704.48  5692.7  5661.92  5697.76  5496.01  5520.68  5494.24  5323.92  4666.21  4536.12  3681.47  850.238  2066.09  4397.08  3779.87  
5586.43  5476.49  5463.22  5582.14  5552.35  5589.56  5453.5  5458.5  5580  5572.87  5553  5560.1  5579.37  5429.74  5423.66  5471.05  5253.95  4615.1  4253.78  3653.1  2784.43  2478.09  4198.25  4941.47  
5291.95  5329.05  5296.15  5335.1  5357.82  5314.31  5332.77  5309.14  5345.67  5334.69  5317.13  5277.39  5349.22  5291.9  5304.66  5283  5265.35  4529.68  4091.15  2760.67  4217.48  1439.06  29.7884  2274.17  
5580.57  5589.6  5591.12  5721.85  5627.89  5745.42  5596.77  5621.51  5694.07  5746.13  5729.58  5725.32  5750.5  5476.95  5558.44  5506.48  5312.04  4666.31  4559.34  3475.45  754.846  4413.15  4655.82  4336.46  
5138.5  5113.9  5150.91  5161.79  5144.61  5161.58  5057.7  5155.66  5136.33  5064.97  5170.5  5149.19  5126.58  5132.03  5161  5103.2  5150.63  4607.23  4684.55  4542.07  4790.81  1949.04  5156.65  112.422  
5116.96  5110.74  5131.37  5141.15  5115.36  5094.3  4995.22  5135.93  5108.93  5053.65  5148.94  5123.93  5078.15  5110.07  5142.86  5067.68  5131.08  4626.54  4715.41  3722.1  4649.17  2660.15  4051.46  295.86  
5612.64  5617.88  5623.05  5756.35  5645.26  5784.32  5645.3  5662.79  5722.72  5790.72  5771.37  5771.49  5794.86  5655.41  5593.01  5516.2  5318.97  4675.39  4623.07  3374.26  632.313  5412.67  4802.07  4350.46  
5400.42  5466.56  5390.78  5479.62  5481.04  5477.67  5393.8  5447.13  5486.77  5417.06  5424.58  5478.35  5469.65  5376.54  5408.86  5411.38  5242.13  4578.14  3937.21  4843.78  1341.37  1257.97  5413.41  4593.19  
5692.46  5647.3  5656.43  5790.32  5656.33  5825.77  5765.99  5706.46  5752.44  5827.99  5804.6  5839.89  5857.77  5639.42  5630.66  5528.83  5304.98  4664.91  4660.55  3126.4  504.72  5709.61  5079.64  5101.64  
5073.37  5065.48  5091.53  5097.68  5058.35  5021.36  4905.24  5089.99  5054.58  4998.12  5108.29  5088.3  5007.27  5067.27  5098.62  5015.29  5095.27  4656.93  4831.76  3545.03  4623.05  3359.62  4448.36  273.525  
5398.41  5466.54  5390.05  5478.52  5480.24  5476.44  5393.03  5447.19  5485.74  5415.61  5423.3  5477.41  5468.47  5375.87  5408.82  5451.37  5242.2  4577.8  4824.3  4868.88  317.41  1243.72  5430.73  4580.82  
5623.77  5612.75  5617.34  5749.8  5640.66  5777.53  5648.69  5655.44  5717.64  5781.17  5761.75  5767.82  5788.82  5736.88  5587.28  5515.09  5311.85  4670.87  4598.28  3361.71  3144.66  5632.44  4808.23  4514.31  
