5532.93  5524.92  5523.13  5516.57  5524.47  5460.4  5437.93  5450.85  5420.04  5457.35  5496.01  5486.54  5492  5496.57  5507.86  5526.59  5530.85  4936.49  5252.33  2581.02  4872.74  4233.43  4389.74  1225.99  
5110.15  5097.59  4953.34  5060.84  5112.63  5041.24  5080.66  5005.44  5037.01  5022.52  5101.39  5064.13  5097.67  5009.11  5006.16  5086.11  4991.65  4713.97  4593.91  3300.29  2242.06  3186.99  4022.36  2375.67  
5245.58  5132.49  5020.18  5225.78  5088.95  5037.91  5076.71  5124.19  5194.32  5149.94  5244.24  5173.58  5236.42  5162.37  5187.78  5238.26  4989.36  4733.87  4529.91  3648.74  2389.53  1531.76  4334.91  1439.23  
5341.09  5276.89  5197.95  5308.34  5337.6  5177.06  5214.57  5210.42  5288.34  5231.19  5342.26  5308.82  5333.31  5279.24  5336.93  5337.14  4987.86  4756.52  4619.42  3766.24  3754.92  1375.62  834.769  1170.1  
5303.58  5211.1  5034.45  5293.72  5168.93  5112.6  5141.43  5174.7  5272.56  5206.12  5305.29  5211.94  5299.11  5228.15  5263.07  5305.1  4996.51  4738.74  4592.04  3551.96  2235.72  1037.41  4753.81  2186.86  
5570.15  5567.47  5546.9  5553.11  5558.24  5512.55  5484.18  5568.83  5449.06  5498.54  5522.39  5515.3  5504.98  5535.17  5550.85  5559.67  5563.34  4965.48  5008.7  1592.08  4879.91  4249.38  5173.89  1177  
5636.3  5615.75  5560.88  5602.79  5628.12  5591.8  5532.12  5636.99  5510.69  5565.06  5559.23  5595.51  5569.38  5591.42  5625.98  5626.64  5621.39  4977.32  5434.18  1932.88  4123.94  4344.81  5528.45  2146.21  
5702.12  5659.55  5570.37  5653.75  5699.46  5668.1  5574.46  5690.7  5573.72  5630.42  5598.42  5680.24  5657.87  5645.61  5700.02  5695.06  5700.14  4992.43  5601.31  693.248  3319.9  1929.78  5570.01  3385.43  
5746.31  5684.81  5570.9  5690.63  5749.08  5718.5  5597.88  5716.35  5617.78  5673.46  5616.58  5741.54  5750.42  5680.23  5749.19  5742.7  5750.87  5009.3  5635.07  704.214  2734.47  3922.58  5204.41  4609.7  
5052.35  5054.52  4967.18  4984.69  5044.3  4943.06  4997.47  4955.6  4960.2  4965.09  5039.67  5037.09  5036  4946.13  4935.59  5018.16  5001.39  4708.08  4201.3  3095.62  2365.53  4111.6  2731.64  4040.49  
5813.72  5735.15  5589.95  5741.55  5820.52  5786.62  5646.6  5783.2  5679.8  5742.08  5740.28  5822.37  5787.66  5738.39  5823.89  5811.44  5720.38  5019.27  5698.58  2258.73  2015.63  2456.09  5395.88  4375.56  
5478.02  5477.75  5427.46  5476.33  5458.02  5391.07  5409.85  5394.37  5374.32  5398.44  5460.19  5398.59  5446.08  5444.73  5464.94  5461.98  5352.73  4940.78  5273.09  888.182  5091.16  2272.21  4329.57  919.424  
5166.76  5140.74  4998.32  5124.37  5174.53  5086.38  5122.54  5055.4  5101.37  5074.71  5160.72  5117.3  5155.96  5074.41  5084.81  5148.67  4989.02  4723.45  4674.21  3431.98  2280.61  2648.2  3658.09  1815.52  
5872.73  5779.23  5607.01  5786.44  5883.05  5844.91  5689.29  5842.9  5734.1  5802.13  5857.2  5893.32  5823.49  5789.31  5889.28  5871.63  5804.73  5028.94  5758.06  3441.16  1392.12  1637.35  5601.36  4281.27  
5019.76  5015.91  4958.52  4945.96  4820.25  4752.64  4827.53  4927.19  4919.08  4933.8  5005.22  5014.52  5001.37  4909.52  4893.15  4980.91  5006.77  4703.67  3968.31  2996.54  2818.76  4506.64  2472.47  3666.23  
5406.24  5393.55  5310.69  5403.99  5383.31  5289.23  5336.96  5308.52  5321.72  5316.27  5405.89  5319.87  5387.96  5367.32  5400.83  5388.22  5152.19  4889.61  5113.06  2463.52  4836.92  1037.19  3308.08  820.38  
5872.73  5779.23  5607.01  5786.44  5883.05  5844.91  5689.29  5842.9  5734.1  5802.13  5857.2  5893.32  5823.49  5789.31  5889.28  5871.63  5804.73  5028.94  5758.06  3441.16  1392.12  1637.35  5601.36  4281.27  
5809.43  5731.85  5595.21  5733.36  5816.2  5774.28  5642.22  5763.85  5675.49  5737.81  5782.97  5819  5745.13  5734.72  5818.3  5807.23  5813.49  5003.93  3834.24  3751.32  2041.73  2748.75  5737.23  3799.87  
5406.15  5393.4  5310.46  5403.9  5383.12  5289.08  5336.79  5308.4  5321.68  5316.18  5405.8  5319.78  5387.88  5367.2  5400.72  5388.15  5152.05  4889.48  5112.61  2464.46  4834.68  1037.19  574.962  821.557  
5166.76  5140.74  4998.32  5124.37  5174.53  5086.38  5122.54  5055.4  5101.37  5074.71  5160.72  5117.3  5155.96  5074.41  5084.81  5148.67  4989.02  4723.45  4674.21  3431.98  2280.61  2648.2  3658.09  1815.52  
