6058.13  6057.8  6062.42  6060.61  6067.66  6052.32  6053.37  5969.61  3869.87  2305.71  4905.35  3511.05  2683.02  5105.08  4167.28  4617.99  
6315.49  6330.41  6351.45  6344.89  6263.03  6308.38  6345.83  6328.1  5908.15  2321.1  5442.32  2695.1  425.461  2309.23  3038.9  5029.53  
6183.49  6203.1  6208.77  6210.74  6143.25  6187.84  6200.04  6156.61  5847.92  256.112  5680.11  2116.58  1333.58  4324.81  3611.79  4847.48  
5860.77  5896.08  5884.56  5885.66  5869.74  5895.3  5880.88  5755.75  5523.32  3032.07  5187.29  4251.88  3493.95  1609.59  4819.11  4368.06  
6966.29  6936.99  6897.68  6977.03  6807.45  6883.46  6938.51  6901.33  5417.88  6846.49  5574.1  33.5255  2501.67  546.63  1498.67  2662.25  
8145.7  8083.12  8135.68  7830.42  8115.76  8129.65  7870.87  7122.42  2412.7  3700.31  1278.27  6840.15  7241.95  3824.47  3686.9  3209.91  
7375.7  7316.01  7370.9  7231.77  7378.84  7339.54  7332.35  6839.19  4397.53  4159.83  3501.56  4541.04  4548.94  5185.61  3005.94  5249.56  
7324.1  7260.81  7320.67  7187.77  7321.12  7284.62  7322.84  6834.13  4191.89  4470.61  3624.55  4549.45  3199.6  3893.3  3011.77  3325.47  
7981.44  7918.23  7972.73  7705.78  7937.11  7960.97  7710.55  7048.39  2897.22  3773.31  1775.97  6214.07  6461.18  6166.54  3500.25  3814.42  
7760.76  7704.09  7749.96  7539.82  7743.81  7735.51  7493.26  6963.68  3547.28  3879.5  2466.36  5278.9  6358.95  7375.19  3220.16  6738.06  
7038.38  7010.94  6974.88  7030.18  6890.42  6963.66  6954.75  6893.26  5236.38  6424.05  5297.12  500.63  4184.36  1560.92  1632.66  2961.88  
5686.55  5677.34  5691.29  5682.66  5692.02  5704.02  5705.72  5524.24  5399.21  1476.64  4903.67  2417.66  3549.65  660.815  5001.83  3979.62  
7916.47  7860.39  7904.42  7657.97  7913.17  7895.4  7645.23  7033.85  3087.97  3810.29  1994.57  5872.39  7099.07  5155.06  3397.1  6165.02  
6718.58  6662.05  6707.95  6728.25  6579.49  6657.01  6721.42  6645.88  6078.06  5084.49  5528.36  2712.38  746.711  843.537  2275.15  5448.45  
7545.34  7481.82  7541.53  7360.71  7530.04  7513.23  7485.55  6901.62  3925.5  4369.26  2982.33  5196.47  4448.47  4618.14  3201.59  903.178  
6520.74  6484.72  6530.84  6531.91  6417.59  6478.4  6537.33  6541.41  6036.08  3959.92  5602.73  2260.72  0.571279  2453.58  2705.55  5344.91  
5731.27  5723.21  5736.06  5728.25  5737.38  5746.01  5747.62  5577.97  5213.01  1577.43  4902.61  2550.96  3444.26  2775.56  4900.16  4056.51  
6772.08  6716.93  6765.25  6767.69  6641.07  6716.53  6733.48  6639.89  5943.35  4770.97  5322.79  3059.05  1995.55  1596.31  2374.59  5670.83  
7592.24  7531.74  7587.15  7400.57  7581.68  7562.93  7493.23  6907.45  3864.46  4111.03  2870.47  5192.35  5563.18  5713.56  3197.58  2277.37  
6520.74  6484.72  6530.84  6531.91  6417.59  6478.4  6537.33  6541.41  6036.08  3959.92  5602.73  2260.72  0.571279  2453.58  2705.55  5344.91  
