12294.1  12309  12322.8  12256.1  12274.8  12290  12346.2  12214.5  12342  12353.8  12272.4  12336.2  12272.1  12138  11494.6  8538.86  7986.37  5232.64  
11386  11445.3  11421  11188.4  11362.8  11318.8  11446.4  11413.5  11369.2  11394.9  11433.8  11281.4  11444.5  11438.3  11125.3  7686.28  8792.45  7907.14  
11453  11518.6  11494.4  11305.8  11435.8  11363.7  11519.7  11495.7  11427  11472.8  11481.6  11367.6  11516.7  11507  11167.5  9682.39  9421.68  8163.95  
12314.2  12430.3  12425.4  12334.8  12427.5  12446.4  12453.2  12315.6  12378.3  12477  12410.2  12461.5  12365.8  12392.8  12461.7  6464.67  8784.26  4169.57  
12185.2  12141.5  12205.3  12121.1  12125.9  12121.2  12226  12195.9  12214  12226.1  12092.5  12195.3  12166.7  11576.8  11204.9  10124.8  6740.8  10857  
12134.6  12112.7  12152  12065.3  12068.5  12035.4  12171  12144.8  12157.4  12164  12034  12130.9  12118.1  12182.7  11292.7  10348.6  8395.08  8176.99  
12320.5  12473.5  12462  12362.5  12481.7  12501.8  12491.3  12352.7  12389.4  12521  12459  12506.1  12399.2  12476.9  12490.1  6274.94  9037.71  3846.19  
12039  12065.2  12042.9  11953  11944.1  11838.3  12056.1  12038  12050.8  12031.5  11905.6  11996.3  12017.3  12047.9  11334.6  11554.3  11891.9  8086.91  
12420.8  12693.1  12607.9  12502.2  12599.2  12684.1  12636  12519.6  12286.8  12690.1  12651.2  12675.7  12527.1  12018.2  10705  10106.1  9400.91  5514.58  
11558.7  11626.7  11608.4  11499.1  11538.2  11431  11633.6  11621.5  11503.9  11593.8  11549.5  11501.4  11628.4  11635.5  11240.2  7367.03  9950.93  5969.83  
12357.5  12582.9  12543.2  12433  12574.3  12614.5  12573.9  12438.9  12375.3  12616.8  12567.1  12602.9  12471.9  12448.4  12065  7072.49  9480.81  3884.43  
11693.8  11772.7  11752.2  11730  11684.2  11521.4  11777.2  11783.7  11623.3  11746.6  11642.4  11670.4  11770.8  11774.6  10991.1  7501.37  10390.6  8773.61  
11780.5  11926  11918.2  11829.7  11822  11616.1  11933  11929.4  11824.5  11910.6  11843.7  11852.2  11910.2  11867.9  11790.4  11364.7  10193.5  9976.57  
10975.2  10919.7  11022.7  10786.6  10799.1  11002.2  11053.8  10927  10831.3  10973.3  11061.7  10813.9  11026.3  10946  11053.3  9064.82  11049.9  7906.28  
11048  10970.6  11060.8  10811.4  10820.4  11030.4  11089.7  10972.8  10873  11012  11092  10856.7  11070.3  10990.7  11081.4  8709.83  11057.1  7935.41  
11238.5  11267.6  11253.3  10936.9  11172.3  11212.4  11279  11222.4  11221.8  11216.5  11278.9  11083.9  11278.1  11210.5  11036.4  8076.62  8632.29  8978.26  
11225  11253.4  11238.6  11139  11158.7  11204.3  11264.3  11206.1  11211.3  11200.9  11264.9  11066.7  11263.7  11195.3  11026.5  8104.54  8538.99  9142.63  
11687.8  11760.4  11748.3  11733.1  11665.5  11495.8  11773.4  11776.1  11601.4  11742.3  11770.8  11665.6  11765.4  11775.9  11351  7050.07  10885.4  4181.87  
11775.7  11927.4  11915.1  11819  11829.7  11616.9  11930  11927.5  11829  11907.5  11845.8  11848.8  11907.7  11895.7  11713.3  11493.6  10050.5  9858.4  
12418.5  12696.4  12626.1  12524.9  12643.3  12698.8  12655.6  12449.1  12397  12707.8  12690  12698.7  12544.1  12577.3  11306.5  9009.21  7901.63  3890.39  
