5371.74  5377.17  5324.4  5343.18  5428.32  5412.17  5429.75  5326.15  5396.05  5353.04  5382.38  5357.69  5360.23  5426.5  5265.42  5376.46  5424.59  5387.46  4993.49  1977.78  4966.98  1286.74  4006.37  4522.14  
5320.85  5327.93  5325.54  5287.27  5370.57  5354.5  5372.62  5269.63  5358.65  5322.1  5338.45  5322.64  5322.79  5354.85  5339.37  5323.11  5351.03  5302.71  4954.44  1950.4  4934.81  4135.25  3132.9  3686.89  
5429.45  5485.64  5361.63  5474.28  5528.89  5514.46  5514.85  5428.06  5519.69  5499.57  5492.57  5432.66  5450.12  5523.16  5398.43  5472.24  5525.83  5137.71  5255.95  1754.53  4400.24  3441.89  4615.37  4504.6  
5332.73  5386.94  5336.8  5356.68  5438.67  5422.71  5438.8  5336.41  5378.03  5363.05  5390.34  5346.19  5370.46  5437.96  5242.32  5386.32  5434.89  5148.89  5008.65  1987.49  4969.56  1220.39  3631.49  4404.2  
5432.28  5445.51  5345.61  5426.67  5491.59  5476.54  5485.57  5389.95  5340.9  5453.54  5490.75  5409.22  5419.05  5492.01  5350.91  5436.73  5488.07  5353.5  5212.87  982.994  3774.16  3784.49  5410.09  2597.24  
5330.54  5353.82  5329.42  5317.48  5400.55  5384.5  5402.52  5298.98  5369.45  5339.72  5361.28  5334.73  5343.44  5391.62  5312.79  5350.9  5388.23  5258.57  4975.05  1964.48  4895.99  4312.57  3965.46  4026.7  
5261.95  5416.78  5359.22  5397.21  5471.51  5456.03  5469.3  5369.23  5351.9  5383.38  5415.54  5353.16  5399.18  5473.73  5257.98  5417.46  5469.03  4655.03  5016.51  2022.91  4966.77  1705.06  1632.88  4253.04  
5163.39  5246.4  5253.44  5221.71  5265.12  5251.45  5180.93  5202.25  5067.59  5268.6  5259.18  5219.11  5269.81  5140.58  5182.74  5229.11  5183.03  4930.3  5027.96  4923.18  5156.22  1183.43  507.313  1810.89  
5137.6  5208.02  5234.14  5193.2  5219.22  5206.66  5107.03  5179.94  4998.18  5224.03  5224.7  5211.56  5237.68  5026.63  5205.83  5188.29  5109  5141.51  4967.51  3627.76  5202.46  1666.18  629.855  1011.88  
5257.79  5302.25  5333.98  5259.52  5340  5324.06  5289.59  5239.34  5324.34  5308.02  5315.23  5279.71  5305.47  5317.43  5181.5  5295.01  5310.54  5060.67  5011.42  2008.92  5017.21  613.376  1947.99  3081.17  
5440.03  5472.14  5354.89  5459.23  5516.61  5501.97  5508.18  5415.2  5322.89  5490.75  5509.85  5428.74  5441.74  5517.82  5385.93  5460.54  5513.45  5264.82  5291  960.771  3805.75  4124.34  5381.9  2601  
5160.27  5281.52  5308.26  5249.69  5308.04  5293.41  5233.54  5227.31  5167.47  5305.84  5291.46  5269.98  5291.83  5229.72  5162.4  5267.41  5251.21  4747.48  5068.24  2275.8  4794.59  688.909  450.753  2434.15  
5076.51  4814.17  5195.27  5166.42  5168.82  5157.71  5030.37  5154.86  4852.37  5193.73  5186.94  5183.7  5210.21  4905.4  5210.38  5143.83  5024.34  5115.64  4965.22  4533  4848.85  1954.29  136.716  108.994  
5494.7  5533.14  5364.36  5522.98  5566.74  5552.95  5540.15  5467.86  5566.32  5568.26  5522.38  5484.13  5477.54  5542.94  5451.72  5508.33  5563.98  5175.38  5413.1  1664.78  4502.01  3805.1  5324.74  4660.87  
5159.26  5277.12  5303.15  5246.28  5302.72  5288.21  5226.69  5224.4  5246.28  5301  5287.45  5265.61  5288.72  5217.85  5164.99  5262.66  5242.7  4660.49  5062.46  2646.6  4730.87  693.409  461.113  2350.95  
5294.6  5312.27  5327.6  5270.15  5351.88  5335.89  5351.46  5251.7  5341.35  5313.07  5324.26  5307.79  5311.42  5330.59  5286.19  5305.92  5326.39  5223.44  4032.08  1955.99  5039.23  114.46  1516.36  3366.5  
5528.24  5556.73  5370.6  5550.93  5588.33  5574.93  5555.25  5489.98  5558.68  5594.75  5538.21  5502.7  5495.75  5559.87  5500.74  5528.92  5585.4  5212.96  5445.18  1129.73  4553.11  4160.63  5432.28  4696.36  
5067.46  4718.54  5195.89  5171.14  5174.16  5162.99  5039.33  5157.68  4843.91  5203.79  5190.98  5182.97  4740.2  4918.11  5201.91  5148.68  5031.88  5019.27  4988.92  5089.96  4567.57  1748.6  183.318  290.536  
5151.97  5245.39  5266.28  5221.64  5264.26  5250.64  5177.27  5203.35  5079.03  5266.11  5258.54  5234.13  5266.31  5132.13  5183.62  5228.39  5181.27  4940.17  5020.78  4113.02  4270.96  725.892  535.895  1750.39  
5494.7  5533.14  5364.36  5522.98  5566.74  5552.95  5540.15  5467.86  5566.32  5568.26  5522.38  5484.13  5477.54  5542.94  5451.72  5508.33  5563.98  5175.38  5413.1  1664.78  4502.01  3805.1  5324.74  4660.87  
