12087.5  12157.4  12047.6  12033  12136.2  12117.4  12130.3  12137.5  12149.9  12086.6  12121.4  12146.4  12148.3  11970.9  12000.2  10698.9  9015.98  6194.13  
12285.1  12293.4  12195.1  12195.5  12218.7  12263.8  12284.1  12296.2  12277.3  12220.9  12281.2  12285.1  12286.3  12149.1  11531.9  10626.6  8496.75  9335.75  
11774.6  11771.8  11736  11625.5  11776.4  11758.9  11730.7  11774.3  11782.3  11777.7  11783.7  11784.8  11721  11506  11069.7  10740.9  11319.2  3782.8  
11840.3  11852.4  11785.3  11711.1  11853.2  11834.3  11814.5  11850.2  11860.6  11842.7  11853.4  11857.5  11812.9  11603.1  11396.5  10729.2  10666.2  2041.66  
11993.3  12086.6  11970.8  11949.5  12091.6  12044.4  12052.5  12055.5  12089.8  12022.7  12044.2  12069.9  12082.1  11882.3  11981.6  10741.1  9138.95  5128.08  
11966.3  12007  11886.1  11869.3  12006.7  11974  11973  11992.7  12002.3  11965  11982.1  12004.8  11985.6  11784.9  11973.4  10743.6  9662.3  265.366  
11621.8  11592.1  11606.8  11526  11624.1  11630.5  11580  11623.1  11635.9  11641.2  11643.8  11586.9  11591.1  11341.9  10958.1  10371.9  11333  6857.45  
11904.6  11930.1  11838.2  11787.5  11932.1  11902.1  11893.1  11920.4  11927.9  11903.2  11916.1  11935  11894.6  11692.1  10285.9  10755.5  10279.5  367.641  
11692.5  11684.2  11674.9  11564.5  11703.7  11695.2  11644.5  11703.1  11714.9  11711.2  11715.3  11695.6  11652.3  11423.5  10920.7  10404.2  11487.5  6050.07  
12190.1  12224.1  12125.7  12118.5  12140.8  12195.7  12211.5  12221.5  12216.6  12160.2  12216.7  12196.6  12222.7  12052.9  11574.6  10647.1  8164.55  9024.69  
12363.7  12361.2  12272.1  12274.8  12266.4  12329.8  12359.5  12377.2  12328.3  12298.6  12368.4  12380.6  12359  12238.8  11333.7  10593  8773.6  9576.8  
12594.2  12566.1  12515.6  12522.1  12548.4  12533.7  12591.9  12631.3  12475.9  12541.7  12561.5  12622.9  12578.2  12495.6  11507.9  10432.5  8898.74  10135.5  
12555.7  12574  12471.9  12478.5  12493.6  12483.2  12551.2  12585.9  12449  12495.1  12529.5  12583.1  12541.1  12565.8  11448.2  10526.4  8970.79  10773.4  
11374.9  11270.8  11369.1  11390.5  11346.3  11404.5  11354.9  11343.9  11360  11397.2  11394  11208.1  11377  11057.1  10933.6  10253.6  11018.1  9689.76  
11516  11454.5  11505  11467.7  11505.2  11533.7  11483.6  11503.6  11517.8  11536.7  11536.8  11424.8  11499.3  11219.9  11518.3  10319.7  11262.5  8074.44  
12477.5  12488  12379.3  12386.4  12372.2  12480.8  12464.7  12489.9  12399.3  12401.4  12462.8  12488.2  12457.4  12446.2  11289.1  10578  8508.21  11007.5  
11366.3  11259.5  11360.8  11385.8  11336.6  11396.6  11347  11334.2  11350.4  11388.7  11385.2  11194.8  11369.5  11310.7  10897.7  10249.5  11003.1  9788.79  
11516  11454.5  11505  11467.7  11505.2  11533.7  11483.6  11503.6  11517.8  11536.7  11536.8  11424.8  11499.3  11219.9  11518.3  10319.7  11262.5  8074.44  
12469.6  12489.7  12370.3  12377.4  12361  12470.4  12456.3  12480.6  12393.8  12489.5  12456.2  12480.1  12449.8  12460.6  11276.8  10597.2  8522.95  11138.1  
12372.2  12371.4  12267.7  12273.1  12259.7  12327.1  12357.7  12373.5  12332.5  12290.2  12362.9  12364.9  12354.3  12268.3  11309.1  10612.6  8235.14  8724.22  
