5697.43  5779.1  5748.98  5726.1  5768.02  5732.6  5761.34  5574.52  4086.86  4475.44  5118.43  5681.21  1640.91  3330.25  2561.48  3054.44  
6183.11  6300.35  6309.51  6293.4  6304.24  6297.4  6308.23  6180.39  3209.63  4203.67  4979.25  205.168  642.073  363.916  4108.19  2081.23  
7507.82  7502.53  7559.89  7547.32  7551.73  7554.54  7551.05  6823.88  3184.56  6639.92  2162.67  623.169  4458.95  4434.1  3790.2  2859.82  
7456.69  7455.61  7506.71  7491.67  7503.01  7500.06  7502.78  6927  3291.38  6531.04  1855.7  653.392  4615.4  4202.74  3870.16  3150.55  
6002.62  6234.12  6249.05  6228.56  6240.39  6224.77  6241.43  6095.35  3588.07  3787.7  5276.47  39.656  438.709  1127.71  4367.14  1421.38  
7861.2  7825.75  7926.22  7930.82  7887.34  7929.79  7883.51  6382.51  2505.47  6387.25  3240.56  478.559  3351.67  5787.9  4289.53  2806.54  
5986.21  5983.94  5962.52  5947.77  5977.74  5964.27  5976.47  5816.18  3304.19  5091.83  5066.09  657.603  1256.29  2769.82  2041.45  1245.64  
5999.28  6031.43  6016.18  6000.85  6027.45  6014.53  6026.74  5869.59  3323.71  4795.57  5129.99  413.644  1103.46  2285.73  3402.17  1522.3  
7018.68  7028.61  7001.75  7026.22  7048.44  7053.37  7054.82  6986.37  4085.48  4523.33  4079.38  1374.07  2957.98  4244.84  3639.45  4445.75  
6763.32  6792.18  6729.1  6792.18  6795.87  6789.01  6804.54  6709.61  3750.25  4617.32  5835.45  590.929  2612.29  2257.87  3188.78  1343.85  
7705.59  7686.93  7768.68  7765.48  7743.2  7768.56  7740.7  7508.2  2840.63  5987.89  1230.76  390.708  4029.08  7153.9  7337.41  3170.34  
6542.49  6552.17  6562.07  6542.92  6549.58  6540.44  6560.95  6493.18  3262.97  4099.64  3673.58  758.621  1465.05  8.92741  2989.69  2714.92  
6486.61  6509.76  6519.15  6500.86  6508.23  6499.99  6518.41  6440.59  3232.67  4142  3898.36  712.837  1325.96  0.322674  3462.27  2302.63  
5474.88  5641.16  5628.82  5596.38  5646.44  5587.98  5636.04  5435.7  4921.65  4197.96  4936.18  2505.16  4069.93  3207.96  2387.33  2647.43  
7964.96  7873.49  7976.77  7942.89  7935.04  7977.39  7933.06  7162.11  5.59339  6140.9  3463.34  643.944  2044.29  5328.29  380.297  1747.4  
7277.99  7263.74  7305.4  7269.96  7303.56  7277.25  7305.41  7158.78  4377.28  6600.47  3779.42  149.272  5130.39  6641.13  5006.39  6258.09  
5353.66  5539.83  5521.52  5486.05  5542.25  5474.75  5529.45  5317.2  5228.13  4069.4  4931.54  4620.58  4285.77  3627.43  2049.71  3262.73  
7030.16  7016.75  7042.17  7014.23  7036.18  7043.85  7042.74  6972.93  3955.26  6402.75  4165.73  793.226  2434.29  4006.96  3806.58  4424.38  
6782.96  6779.6  6751.73  6779.38  6783  6780.02  6791.86  6695.42  3577.29  6326.53  5927.51  0.0422916  2230.75  1963.37  2962.17  1356.72  
7277.99  7263.74  7305.4  7269.96  7303.56  7277.25  7305.41  7158.78  4377.28  6600.47  3779.42  149.272  5130.39  6641.13  5006.39  6258.09  
