11690.9  11823.4  11633.7  11724.8  11683.5  11730.6  11709  11829.9  11803.5  11826.8  11692  11765.9  11747.5  11770  11390.8  9307.14  6499.28  10114.8  
11321.3  11369.9  11315.8  11441.6  11419.7  11407.9  11409.8  11337.9  11432.7  11437.3  11320.6  11356.1  11416  11282.4  11018.1  9762.05  8730.42  6556.39  
12553.5  12553.1  12433.1  12388.1  12430.3  12527.1  12550  12544.3  12465.1  12481.8  12553.4  12337.1  12404.7  12457.3  10416.7  9561.28  9636.11  12160.8  
11560  11644.8  11603.3  11620  11534.1  11537.8  11628.2  11638.6  11631.9  11644.9  11543.1  11604.5  11579.2  11605.3  11048.6  9578.38  7368.9  6216.72  
11815.7  11960.9  11617.5  11777.9  11840.1  11848.8  11818.2  11964.1  11948.1  11918.5  11817.8  11843.1  11946.2  11882.4  11793.4  9595.69  6217.71  11112.9  
11657.3  11784.3  11644.9  11707.8  11636.8  11684.9  11677.7  11790.8  11758.5  11792.5  11657.3  11730.5  11686.8  11737.1  11237.5  9375.35  6640.46  9823.67  
12316.1  12325.9  12158.7  11990.9  12171.4  12221.4  12312.9  12283.9  12194.6  12220.8  12262.8  12144.8  12237.6  12263.5  11801.6  10703.5  7563.22  11876.8  
12194.1  12210.4  11956.4  11913.4  12046.3  12137.8  12180.4  12190.1  12134.3  12134.9  12098.6  12041.9  12162.7  12160.3  11893.9  10166.7  5392.55  11651.6  
12349.7  12349.3  12130.5  12127.5  12210  12312.7  12333  12333.6  12281.7  12282.8  12239.7  12155.4  12240.9  12283.4  11694.2  10115.9  8470.58  11874.6  
11596.5  11689  11629.9  11646.8  11562.4  11573.1  11658.9  11686.2  11669.2  11685.4  11579.7  11644.5  11615.6  11659.8  11133.2  9531.51  7158.08  4925.46  
11284.6  11328.7  11263.4  11414  11407.5  11393.5  11374.4  11292.5  11405.7  11407.3  11287.6  11318.9  11396.1  11132.4  11020.3  9780.9  8937.63  7500.69  
12452.2  12449.7  12282.5  12247.1  12343.1  12404.5  12443.5  12439.9  12344.4  12377.5  12446.1  12245.1  12330.5  12371.3  11096.3  9046.68  10134.8  12110.5  
11446.1  11509.8  11492.9  11535.5  11462.1  11455.2  11529.3  11492.2  11525.1  11536.9  11432.7  11482.6  11483.7  11424  10976.1  9696.63  8025.26  5105.79  
12625.9  12625.5  12530.6  12500.5  12496.9  12620.1  12624.4  12621.7  12554.6  12559.8  12610.1  12400.4  12455.4  12517.9  9958.62  10019.8  6513.37  12215.9  
12662.7  12662.3  12583.9  12550.2  12535.2  12661  12663.3  12660.1  12591  12596.7  12659.4  12433  12484  12549.1  9727.4  10007  6252.61  12261.4  
12057.7  12084.7  11740.3  11833.7  11913.2  12084.3  12041.9  12086.1  12075.6  12068.3  11923.6  11979.7  12084.3  12052.5  12083.4  9141.97  7165.64  9442.41  
11785.3  11939.4  11583  11780.3  11827.8  11895.2  11801.4  11949.1  11946.8  11948.9  11792.4  11904.3  11937.9  11869.7  11943.1  8734.15  5910.27  11021.3  
12057.7  12084.7  11740.3  11833.7  11913.2  12084.3  12041.9  12086.1  12075.6  12068.3  11923.6  11979.7  12084.3  12052.5  12083.4  9141.99  7165.57  7962.1  
12182.1  12195.9  11895.6  11972.5  12039.4  12195.7  12164.9  12193.8  12138.9  12168  12049.4  12059.1  12149.6  12150.6  11924  9398.52  8366.88  10154.5  
12442.4  12439.9  12414.7  12234.6  12332.5  12409.8  12433.1  12429.8  12335.6  12367.9  12431  12236.4  12322.6  12362.9  11157.7  9073.35  10078.8  12096.8  
