11725  11722.3  11567.7  11700.9  11682.6  11737.4  11506.8  11585  11686.4  11743.2  11745.8  11664.9  11750.1  11483.7  11374.3  11214.2  4311.23  11254.6  
11785.1  11775.9  11625.9  11747.7  11622.3  11789.3  11561.4  11685.2  11644.1  11769.8  11788.3  11692.8  11812.6  11613.9  10887.7  11111.5  5807.29  11297.8  
11905.6  11880.5  11751.7  11838.2  11825.5  11880.3  11523.8  11817.6  11891.8  11882.8  11905.8  11739.9  11905.4  11566.8  11539.6  11544.1  5670.58  11673.5  
11604  11629.8  11453.8  11621.3  11464.3  11658.4  11631.7  11507.2  11637.6  11664.6  11631  11643.6  11664.9  11539.6  10710  10714.5  6891.23  10556.8  
11454.8  11532.4  11351.4  11538.7  11448.2  11558.7  11489.2  11379.3  11442.7  11322.8  11482  11530.9  11550.9  11338  10537.6  10597.1  7880.65  8115.64  
12456.4  12454.2  12413.7  12338.9  12288  12381.9  12455.5  12211  12162.9  12434.5  12420.5  12359.1  12456.2  12353.8  10973.3  12412.3  3964.68  8182.22  
12224.9  12214.1  12137  12128.7  12232.2  12199.9  12168.3  12050.2  12231.4  12223.3  12227.4  12083.7  12233.8  12220  11617.2  12113.7  1133.57  9733.38  
11316.8  11447.9  11259.4  11466.5  11420.2  11472.3  11454  11258.3  11322.9  11297.4  11360.7  11453.9  11455.9  11283.4  10405  10464.5  8550.72  7779.92  
11231.5  11398.6  11205.7  11424.4  11406.4  11420.9  11372.9  11184.2  11417.5  11280.4  11288.2  11408.3  11400.2  11362.3  10327.1  10225.3  9253.97  4092.43  
11024.8  11234.6  11026.3  11284.1  11128.3  11266  10861.3  10996.9  11202.5  11265.1  11071.2  11263.8  11218.1  11115.5  10071.8  9940.79  8657.36  5324.13  
12001.7  11982.1  11867.4  11926.4  11926.5  11995.2  11710.5  11881.1  12001.6  11989  12015.6  11841.6  12013  11992.1  11451.4  11806.4  3023.29  11334.2  
11065.9  11260.2  11054.2  11305.9  11137.2  11292  10896  11033  11238.2  11272.6  11244.8  11286.9  11246.7  11156.3  10111.7  10011.9  9996.57  603.546  
12098.2  12082.7  11981.8  12013.9  12002.4  12089.4  11891.1  11954  12111.9  12076.8  12111.9  11939  12109.5  12063.9  11566.8  11929.4  2951.04  10302.2  
12540.9  12539.9  12541.6  12414  12437.8  12437.8  12536.6  12315.6  12454.6  12545.9  12497.1  12481.9  12527.3  12529.3  11226.9  12338.3  3089.5  9705.56  
12571.3  12570.8  12587.3  12441.1  12491.2  12457.5  12566  12353.6  12555.8  12577.7  12524.7  12525.2  12552.4  12584.9  11338.4  12314.4  3106.09  10218.2  
12339.1  12331.8  12284.4  12231.8  12312  12285.5  12300.7  12148.1  12325.6  12340.8  12325.2  12228.5  12339.5  12326.7  11494.7  12186.1  2974.25  9813.84  
10899.5  11169.6  10955.8  11228.7  11166.7  11195.6  10896.4  10889.1  11227.8  11235.2  10972  11202.9  11144.3  11184.1  9969.06  9715.81  9384.96  1827.21  
12224.9  12214.1  12137  12128.7  12232.2  12199.9  12168.3  12050.2  12231.4  12223.3  12227.4  12083.7  12233.8  12220  11617.2  12113.7  1133.57  9733.38  
12097.5  12081.9  11980.9  12098.7  12002.1  12088.8  11889.8  11953.5  12111.8  12076.8  12111.2  11938.2  12108.8  12075.6  11571.1  11929.7  1133.41  10303.4  
12339.6  12332.4  12285  12232.3  12312.3  12286  12301.6  12148.5  12325.7  12340.8  12325.7  12229.1  12340  12318.1  11491.6  12185.9  5857.81  9812.92  
