12066.7  12065.8  12032.1  12028.2  12012.1  12064.9  12070.2  12041.1  12004.6  12036  12038  12015.1  11992  12073  10973.4  8691.75  8545.73  8716.11  
12123.6  12118.3  12092.4  12068.8  12085.8  12131.9  12141.2  12143.2  12104.1  12135.2  12128  12083.9  12088.6  12121.7  11256.5  8802.86  7771.57  10679.9  
11583.4  11670.8  11512.4  11608.8  11601.6  11654.5  11482.2  11616.8  11673.1  11480.8  11589.4  11651.1  11674.1  11551.2  11156  10028.4  8590.97  2479.16  
12236.2  12224  12212.7  12305.7  12234.5  12256.7  12290.9  12278.1  12288.1  12260.5  12289.9  12240.1  12279  12166.7  11778.8  9425.21  7675.42  12250  
12285.6  12273.5  12284.8  12370.5  12311.7  12317  12374  12243.7  12378.6  12374.3  12367.2  12328.3  12369.5  12379  12003.7  10856.1  6451.67  12361.7  
12190.4  12178.2  12155.7  12155.3  12150.6  12197.7  12220.2  12215.8  12183  12216.2  12209.7  12156.1  12171.4  12170.3  11532  8926.64  5411.74  11848.6  
12341.9  12324  12411.2  12435.4  12415  12402  12459.2  12367.2  12465.5  12455.9  12450.5  12339.3  12468.4  12287  11826.3  8732.78  5747.23  11149.8  
11445.1  11602.1  11493.2  11536.9  11584.7  11525.8  11564.8  11583.6  11566  11412.5  11514.2  11536.4  11593.8  11545.3  11525.2  8842.33  9595.26  2451.8  
11263.4  11534.3  11482.2  11445.9  11498.9  11399.8  11483  11527.8  11468.8  11369.3  11456.2  11402.6  11532.7  11483.2  11414.9  8369.4  10364.1  4274.61  
12682.3  12552.8  12643.5  12592.4  12573.1  12623.9  12638.7  12602.7  12681.4  12562.9  12526.5  12482.8  12693.7  12046.6  10312.1  10450  11289.8  9069.97  
11201.9  11467.5  11377.7  11379.4  11435.3  11335.2  11392.3  11454.2  11417.7  11263.8  11375.5  11355.1  11479.1  11392.7  11473  8656.85  10263.1  2544.92  
12593.1  12494.1  12588.2  12550.8  12559.8  12594.3  12638.2  12510.3  12627.6  12586.5  12513.6  12440.9  12635.4  12180.6  11151.2  8792.9  9459.2  10980.8  
12408.1  12380.3  12508.1  12499.7  12496.4  12472.8  12531  12427.3  12552.9  12537.2  12521.3  12390.6  12561.9  12309.5  11634.1  8544.64  5323.19  10993.1  
11739.5  11782.3  11684.3  11741.4  11777.5  11770.1  11758.4  11758.2  11762.4  11685  11708.7  11755.8  11745  11752.5  11300.1  8703.43  9275.43  2564.94  
11853.9  11881.7  11814.4  11840.9  11876.3  11879  11870.6  11871.1  11860.5  11825.2  11830  11849.1  11838.6  11869.9  10987.6  8547.84  8582.54  4698.46  
11968.2  11981.1  11942.5  11939.9  11972  11987.5  11982.4  11983.4  11959  11972.4  11952  11943.3  11933.9  11984.9  10781.9  8399.31  7877.3  6756.33  
11739.5  11782.3  11684.3  11741.4  11777.5  11770.1  11758.4  11758.2  11762.4  11685  11708.7  11755.8  11745  11752.5  11300.1  8703.43  9275.43  2564.94  
11853.9  11881.7  11814.4  11840.9  11876.3  11879  11870.6  11871.1  11860.5  11825.2  11830  11849.1  11838.6  11869.9  10987.6  8547.84  8582.54  4698.46  
11968.2  11981.1  11942.5  11939.9  11972  11987.5  11982.4  11983.4  11959  11972.4  11952  11943.3  11933.9  11984.9  10781.9  8399.31  7877.3  6756.33  
12331.7  12411.6  12397.1  12425  12402.4  12391.2  12447.4  12362.4  12451.2  12453.3  12439  12328.8  12453.5  12273.7  11840.9  8664.33  5842.87  11145.8  
