6647.48  6599.23  6627.76  6700.5  6552.79  6667.28  6695.73  6624.59  3857.3  288.945  5155.6  448.986  6192.89  5454.73  4792.49  3967.44  
6166.88  6135.94  6151.27  6231.86  6217.81  6193.58  6225.78  6195.81  3670.82  2715.07  5140.59  2010.54  5732.99  5493.41  4259.87  4763.92  
5680.77  5669.31  5667.4  5624.98  5620.8  5716.13  5733.77  5724.49  4472.16  2420.51  4361.83  3269.63  5269.67  2913.91  3626.55  4719.17  
6086.62  6004.97  6014.25  6099.88  6046.23  6060.95  6104.3  6060.08  3300.47  2759.04  2281.72  2041.37  5603.32  3317.53  4566.91  4723.02  
5794.04  5903.12  5914.08  5995.98  5854.95  5954.71  5989.39  5970.94  4076.93  1100.52  4011.41  4147.25  5501.69  110.356  3495.29  4495.3  
6250.86  6185.78  6201.13  6282.58  6207.75  6245.31  6283.07  6233.19  3503.12  2309.13  5087.77  1591.06  5782.67  5110.75  4591.17  4525.06  
6596.18  6545.45  6572.5  6646.1  6562.02  6612.29  6641.2  6571.93  3826.67  340.833  5041.8  1007.91  6139.5  4448.57  4738.62  4442.05  
5843.72  5776.44  5779.27  5866.4  5868.19  5827  5868.54  5847.36  3368.82  3703.83  5202.76  4398.43  5376.38  4669.82  4144.35  5071.07  
5450.3  5409.18  5388.3  5358.59  5352.7  5450.51  5431.96  5449.01  5447.85  5104.36  4896.62  1451.77  5028.35  1609.05  3118.19  5431.78  
6754.11  6720.75  6757.46  6822.55  6819.72  6789.53  6805.86  6762.02  4261.16  1597.86  4344.76  1461.01  6312.99  5289.56  4187.59  4334.1  
5307.34  5272.01  5248.54  5237.48  5219.5  5310.31  5295.61  5309.66  5313.17  5180.3  4842.51  1044.22  4889.69  84.4341  3606.08  5080.99  
5252.28  5218.92  5194.63  5193.28  5167.32  5256.03  5243.22  5255.97  5256.21  5163.71  4833.82  881.514  4845.52  37.1337  3779.42  4928.09  
6809.27  6768.93  6806.86  6871.32  6862.14  6838.88  6855.54  6804.8  4255.51  1231.65  4300.68  1371.98  4998.54  4258.55  4277.63  4335.81  
5166.75  5137.08  5111.75  5125.15  5086.12  5172.34  5163.15  5173.39  5146.4  5165.16  4808.85  692.267  4752.18  1288.38  4061.34  4673.62  
6389.05  6364.44  6386.9  6462.86  6403.44  6426.87  6454.53  6411.14  3847.4  1711.74  5205.1  1348.91  5959.72  5643.84  4401  4442.35  
5592.66  5541.58  5528.49  5544.21  5464.06  5585.29  5574.72  5589.93  5422.39  4590.15  5345.15  1593  5492.1  1019.51  2410.94  5286.82  
6389.05  6364.44  6386.9  6462.86  6403.44  6426.87  6454.53  6411.14  3847.4  1711.74  5205.1  1348.91  5959.72  5643.84  4401  4442.35  
5587.02  5536.23  5522.54  5535.12  5454.76  5579.79  5567.32  5583.77  5489.7  4643.55  5348.82  1488.86  5505.63  954.91  2462.77  5279.53  
5450.03  5408.88  5388.03  5358.79  5352.28  5450.19  5431.74  5448.75  5446.26  5100.33  4897.47  1453.28  5028.02  1599.64  3115.47  5427.78  
5733.34  5750.98  5673.36  5750.72  5695.54  5721.75  5750.83  5739.74  3963.97  3626.31  5286.33  3775.87  5274.73  2474.54  4710.72  4510.53  
