5023.39  5121.48  5180.91  5115.88  5208.19  5036.67  5177.58  5198.53  5139.96  5173.19  5167.69  5218.36  5213.96  5196.27  5216.99  5062.95  5206.82  4794.34  4498.93  4404.97  3581.72  1961  1681.65  2888.35  
5490.39  5335.73  5441.2  5380.02  5493.07  5423.24  5465.58  5513.08  5499.33  5479.5  5531.02  5512.46  5527.95  5525.81  5487.99  5496.47  5515.34  4729.79  4490.1  4514.59  3892.96  2913.96  3832.35  410.894  
5110.38  5244.24  5282.23  5226.17  5284.29  5121.09  5276.08  5291.93  5212.13  5275.34  5284.98  5309.37  5307.92  5271.17  5310.37  5212.57  5302.06  4815.38  4975.26  4436.08  3438.79  1530.12  1476.38  2804.85  
5221.18  5259.18  5335.56  5269.52  5336.03  5193.88  5331.64  5347.04  5271.59  5332.43  5349.52  5365.15  5364.35  5341.21  5364.03  5302.49  5360.46  4797.52  4897.95  4376.04  3322.91  1376.43  1448.48  2237.51  
5447.69  5293.97  5435.99  5351.5  5437.7  5339.96  5442.52  5456.39  5391.75  5445.66  5478.32  5476.01  5476.45  5477.36  5469.6  5479.53  5476.34  4752.47  4684.79  4256.97  3082.58  1088.42  1502.48  1046.66  
5370.29  5281.16  5403.53  5324.93  5403.85  5290.63  5405.22  5419.74  5350.99  5407.72  5434.99  5438.81  5438.86  5432.36  5434.42  5420.5  5437.51  4769.71  4769.55  4296.87  3165.44  1181.17  1460.01  1460.29  
5042.03  5220.75  5251.07  5197.91  5252.63  5076.01  5238.92  5256.04  5174.23  5237.69  5241.54  5273.22  5271.23  5232.26  5275.97  5155.45  5264.36  4830.56  5018.93  4462.63  3519.23  1631.62  1412.48  3147.46  
4979.62  5053.05  5066.14  5003.18  5139.39  4972.95  5098.51  5120.23  5089.48  5087.48  5073.48  5142.74  5135.7  5116.58  5133.96  4929.34  5126.18  4729.62  3803.15  4390.87  3668.1  2400.45  2395.91  2668.97  
5545.07  5407.43  5522.95  5431.4  5563.2  5488.03  5475.07  5580.38  5586.49  5513.67  5589.46  5554.26  5588.77  5569.11  5509.19  5576.46  5553.12  4727.04  4206.04  3997.68  4155.48  3872.31  4691.77  1996.81  
5682.05  5611.84  5735.2  5562.08  5743.67  5645.86  5663.6  5752.48  5747.36  5598.09  5737.37  5660.97  5744.2  5672.51  5559.03  5725.91  5570.66  4758.94  3566.77  2699.46  4838.95  5362.77  5048.81  3122.86  
4955.24  5006.98  5042.26  4951.9  5032.27  4889.97  5052.45  5061.44  5047.98  5030.9  5020.55  5090.27  5077.3  4991.75  5072.39  4852.36  5090.26  4606.42  3889.88  4256.26  2844.79  2825.48  4800.34  2296.35  
5802.47  5823.23  5843.66  5887.4  5909.13  5854.65  5906.76  5912.31  5787.32  5674.18  5873.5  5760.31  5887.98  5763.19  5600.81  5839.34  5491.16  5057.41  3090.53  4033.92  4104.01  5716.7  3966.83  5897.02  
4924.02  4973.81  5043.83  4908.7  5016.95  4862.57  4988.67  5012.72  5010.71  4972.86  4942.64  5043.81  5028.43  5028.91  5032.31  4793.79  5043.92  4665.38  3784.16  4112.67  3250.21  2991.86  4971.58  2300.68  
5861.04  5923.94  5887.49  5779.83  5988.85  5881.85  5985.5  5989.71  5811.05  5711.2  5939.52  5808.4  5957.62  5807.51  5621.4  5901.01  5463.19  5081.82  2852.56  4255.09  4587.8  5973.21  4097.29  3311.74  
5609.85  5518.41  5627.01  5661.69  5653.12  5565.15  5657.1  5666.03  5626.43  5554.91  5662.62  5607.57  5665.81  5618.91  5531.99  5636.83  5505.42  4914.39  3940.88  5415.6  3707.95  4137.5  4327.13  1652.02  
5740.89  5706.39  5830.89  5803.51  5824.24  5736.11  5795.53  5829.38  5798.56  5635.84  5803.43  5708.89  5813.39  5719.05  5580.56  5792.66  5545.62  4950.43  3307.7  4090.67  3505.36  5830.23  5159.69  4599.76  
5845.05  5899.38  5865.29  5920.38  5967.36  5911.82  5972.54  5969.01  5794.22  5700.95  5921.69  5795.52  5938.98  5794.77  5615.42  5879.26  5464.15  5120.87  2926.41  4162.71  5242.09  5801.12  3644.18  5925.84  
5698.48  5618.87  5740.73  5733.67  5748.14  5695.28  5694.72  5756.63  5742.83  5599.9  5740.82  5663.57  5747.91  5674.5  5559.79  5724.31  5559.72  4845.53  3561.93  3066.54  2527.52  5294.33  4809.11  5505.84  
5608.48  5516.07  5624.82  5656.84  5651.23  5563.53  5653.26  5664.23  5625.58  5554.04  5661.08  5606.45  5664.18  5617.86  5531.51  5635.56  5506.43  4910.45  3946.46  5385.73  3717.38  4131.92  4334.81  1659.28  
5740.89  5706.39  5830.89  5803.51  5824.24  5736.11  5795.53  5829.38  5798.56  5635.84  5803.43  5708.89  5813.39  5719.05  5580.56  5792.66  5545.62  4950.43  3307.7  4090.67  3505.36  5830.23  5159.69  4599.76  
