5229.54  5216.03  5157.92  5225.98  5196.85  5084.95  5197.81  5143.77  5209.09  5197.65  5221.11  5129.79  5174.25  5199.38  5147.45  5215.99  5150.97  4568.29  3329.65  4861.58  3976.84  164.051  4159.7  23.5972  
5541.36  5463.52  5541.64  5607.51  5589.88  5597.72  5541.05  5583.39  5422.31  5570.02  5592.83  5556.4  5479.44  5607.25  5442.53  5509.16  5267.83  4943.24  4573.3  4502.41  5024.33  1346.2  5050.12  626.549  
5518.85  5466.79  5509.51  5584.72  5567.39  5574.5  5510.2  5581.7  5425  5562.91  5569.4  5531.16  5446.8  5582.04  5421.46  5484.1  5219.18  4987.49  4612.01  4284.17  5379.67  1138.78  5130.89  243.131  
5361.74  5343.87  5264.29  5385.97  5395  5335.58  5388.77  5325.37  5399.31  5375.21  5396.55  5376.45  5342.52  5308.4  5273.29  5353.29  5388.46  5303.17  5009.43  3699.33  4840.77  3008.84  4972.09  28.4261  
5344.16  5339.13  5237.07  5364.62  5374.11  5312.71  5365.57  5287.94  5371.88  5359.83  5376.36  5353.14  5339.97  5288.92  5256.6  5339.76  5348.54  5168.95  4949.84  5217.2  4224.59  2817.53  5125.43  205.954  
5414.13  5359.75  5342.22  5449.38  5435.17  5397.44  5362.55  5428.17  5366.72  5419.5  5457.09  5443.24  5350.69  5366.96  5323.03  5395.75  5348.7  5408.6  5211.32  5040.14  4928.46  827.082  4421.72  120.495  
5501.2  5405.35  5475.05  5548.88  5528.87  5485.66  5485.62  5490.22  5390.57  5478.94  5549.19  5519.06  5419.71  5530.85  5404.68  5481.08  5188.1  5044.85  4674.02  3997.88  3258.04  1266.79  5257.63  1164.87  
5452.13  5444.28  5404.64  5498.33  5481.37  5433.39  5417.94  5486.96  5397.43  5479.32  5498.21  5466.78  5348.07  5506.82  5358.76  5429.17  5079.74  5095.15  4809.85  3397.92  4549.64  762.561  3521  1404.31  
5066.93  5005.74  5028.48  5066.47  4851.27  4862.05  5051.04  4891.04  4821.47  5027.27  5032.24  4983.37  5046.09  4776.82  5003.53  5026.73  5014.84  4811.24  4683.36  4700.61  3766.38  1680.15  2661.15  3262.75  
5121.58  5030.34  5115.86  5115.91  4934.03  4945.52  5100.56  4992.69  4860.1  5072.02  5089.49  5022.91  4996.38  4990.88  5051.01  5077.67  5089.95  4948.46  4398.46  4724.79  5038.97  1871.41  3448.73  3986.95  
5180.79  5125.19  5135.59  5179.25  5033.79  5040.84  5143.98  5069.39  4960.93  5146.87  5169.69  5073.74  5066.9  5106.36  5105.07  5151.97  5108.79  4895.32  4676.01  4803.31  4198.38  1518.56  3129.71  2699.59  
5312.26  5318.45  5199.63  5326.45  5313.62  5265.13  5332.16  5231.95  5320.45  5325.82  5338.25  5304.6  5317.04  5255.68  5226.44  5310.5  5304.98  5015.91  4775.67  3463.24  3766.75  2732.08  4999.28  239.513  
5265.79  5264.42  5167.15  5271.77  5154.12  5176.09  5200.72  5166.44  5120.52  5261.6  5279.93  5217.68  5245.25  5212.26  5182.73  5260.09  5134.42  4672.59  4405.91  4916.26  2649  242.11  3857.85  333.044  
5048.57  5017.18  5010.26  5048.84  4824.16  4835.32  5035.56  4860.43  4802.09  5009.39  5010.41  4971.74  5045.33  4719.03  4987.33  5006.81  4995.61  4876.84  4700.35  4684.56  3544.31  1709.54  2624  3252.01  
5307.59  5328.01  5180.66  5320.13  5309.22  5257.76  5236.45  5205.59  5213.88  5324.84  5334.19  5300.49  5330.76  5249.72  5221.9  5312.37  5133.9  4651.5  4816.8  4982  1580.25  68.4761  5304.52  1042.75  
5120.53  5029.24  5114.82  5114.9  4932.48  4944  5099.68  4990.94  4859  5071  5088.24  5022.25  4996.34  4987.59  5050.09  5076.54  5088.85  4948.11  4399.42  4723.87  5026.31  1873.08  3446.61  3986.34  
5652.17  5583.81  5696.92  5714.27  5692.91  5689.45  5692.99  5561.85  5396.54  5577.59  5707.51  5681.72  5639.86  5704.5  5546.17  5635.45  5510.88  4757.49  4365.72  5561.43  203.96  2490.56  5376.24  278.606  
5631.75  5431.13  5659.88  5688.01  5653.79  5584.61  5664.72  5651.69  5619.32  5564.68  5684.42  5665.32  5636.94  5674.69  5526.83  5615.09  5477.55  4773.8  4485.2  4258.2  3173.91  3010.88  5170.84  1486.57  
5400.73  5428.03  5327.83  5436.05  5443.05  5373.18  5445.14  5386.19  5432  5435.73  5438.88  5401.85  5340.71  5447.98  5309.96  5387.55  5125.66  5002.66  4620.47  2086.41  4499.64  2953.58  4082.68  1288.54  
5597.54  5438.78  5621.04  5662.95  5643.53  5649.29  5618.13  5578.85  5647.25  5579.29  5651.1  5619.27  5560.9  5657.46  5495.09  5571.8  5376.45  4849.44  4463.59  5049.34  1936.04  1908.01  5158.53  150.772  
