5231.88  5219.94  5231.75  5183.73  5246.44  5236.62  5230.53  5234.84  5245.75  5186.48  5258.66  5242.22  5221.86  5258.23  5098.73  5079.2  5214.67  4706.62  4818.66  4985.19  3684.96  4488.49  1371.57  2060.33  
5356.39  5391.35  5396.27  5391.75  5318.57  5362.42  5398.16  5360.2  5401.95  5364.94  5387.91  5294.24  5324.78  5377.81  5252.48  5334.5  5229.02  4640.79  4033.07  4955.03  1126.46  4185.68  16.0851  2862.48  
5368.17  5370.39  5385.73  5414.04  5336.37  5377.01  5410.38  5373.56  5415.03  5381.79  5401.66  5334.82  5402.6  5396.87  5268.3  5350.01  5314.4  4993.03  4329.1  4782.53  494.822  1989.94  913.367  4113.94  
5260.28  5198.23  5264.93  5279.86  5274.68  5267.42  5277.47  5266.04  5288.11  5234.14  5290.75  5274.24  5287.79  5291.31  5135.09  5144.28  5275.68  4693.59  4734.69  5148.37  1668.05  4519.52  1745.49  1825.32  
5146.67  4965.71  5132.26  4894.79  5160.75  5144.04  5089.31  5141.05  5118.11  5042.95  5162.19  5144.66  5020.92  5158.53  4989.48  4883.38  5028.12  4745.63  5062.67  4479.86  2962.34  4387.77  209.739  2792.38  
5447.36  5475.37  5420.51  5469.67  5348.61  5453.21  5476.19  5443.38  5472.76  5457.38  5473.95  5367.52  5402.47  5464.22  5360.66  5447.97  5304.26  4664.31  4342.5  4616.59  1822.18  3505.67  2.98336  785.338  
5132.35  4936.63  5135.17  4898.89  5145.57  5128.1  5049.74  5124.85  5095.82  5017.73  5145.55  5121.64  4975.53  5140.57  4972.92  4850.31  5006.67  4749.74  5131.83  4546.85  3114.01  4367.89  64.5646  2525.67  
5594.55  5545.84  5417.56  5607.65  5390.37  5601.73  5602.32  5575.05  5587.56  5588.64  5610.24  5548.37  5541.32  5608.15  5537.59  5579.17  5413.36  4762.74  4792.83  4669.82  3560.16  195.011  2470.03  2251.16  
5574.72  5557.25  5536.87  5588.46  5482.74  5586.39  5598.03  5561.24  5599.93  5574.79  5595.87  5506.88  5541.68  5593.04  5519.85  5585.45  5406.56  4737.64  3894.88  4229.15  3250.11  3477.4  1058.98  2756.88  
5514.58  5538.55  5441.55  5528.37  5370.7  5520.43  5533.96  5504.96  5525.11  5525.82  5537.63  5420.38  5489.9  5528.1  5440.73  5532.66  5360.1  4680.99  4576.83  4343.68  2335  2991.21  0.456843  3616.29  
5188.21  5051  5167.84  5198.6  5205.56  5189.94  5174.95  5187.7  5182.57  5115.42  5210.14  5203.06  5140.17  5209.62  5041.68  4980.22  5181.51  4729.41  4948.62  4667.94  3328.68  4474.95  1580.64  2055.78  
4884.73  4912.49  4777.68  4737.01  4896.82  4859.39  4854.6  4854.5  4744.41  4617.79  4867.51  4740.16  4909.78  4863.35  4919.32  4894.63  4799.73  4876.68  3821.34  3395.7  2147.26  4911.13  2196.13  442.391  
5007.31  5026.41  4957.09  5014.26  5023.2  4993.51  4954.45  4989.49  4920.07  4817.93  5006.32  4926.75  4974.63  5016.2  4953.62  5025.91  4901.2  4814.38  4412.28  3910.62  1420.6  3802.33  1405.89  1621.79  
4988.36  5005.23  4929.03  4999.02  5003.55  4972.73  4939.16  4968.58  4892.86  4786.92  4984.82  4896.48  4963.8  4992.02  4948.16  5000.48  4885.64  4824.02  4321.56  3839.08  1552.5  4004.7  1521.29  1466.46  
4970.21  4984.95  4902.16  4984.43  4984.73  4952.84  4924.51  4948.56  4866.81  4757.23  4964.23  4867.5  4953.43  4968.87  4942.93  4976.13  4870.73  4833.26  4234.72  3906.52  1678.77  4198.43  1631.77  1317.77  
5310.63  5301.49  5333.51  5336.73  5308.94  5319.12  5344.39  5317.77  5354.07  5309.11  5344.07  5302.07  5344.25  5341.84  5198.27  5250.68  5290.9  5005.12  4462.91  5242.36  1012.75  4448.45  1287.44  2054.98  
4884.73  4912.49  4777.68  4737.01  4896.82  4859.39  4854.6  4854.5  4744.41  4617.79  4867.51  4740.16  4909.78  4863.35  4919.32  4894.63  4799.73  4876.68  3821.34  3395.7  2147.26  4911.13  2196.13  442.391  
5063.36  5034.71  5038.33  5053.37  5079.59  5054.36  4998.49  5050.72  4999.64  4908.5  5069.28  5015.14  4990.05  5079.37  4965.83  5018.17  4947.94  4785.63  4709.27  4171.55  1626.32  3700.32  924.862  2073.35  
5511.77  5536.61  5442.63  5526.59  5369.71  5517.7  5531.61  5502.45  5522.94  5523.04  5535.04  5417.36  5510.36  5525.45  5437.46  5529.65  5357.93  4679.85  4571.2  4342.05  2312.66  3005.35  0.734248  2962.11  
5444.08  5473.66  5423.4  5468.21  5347.4  5450.09  5473.52  5440.51  5470.24  5454.2  5470.98  5363.33  5435.86  5461.14  5356.92  5444.89  5301.85  4662.62  4332.27  4601.08  1795.6  4957.95  0.00403521  5467.72  
