5947.15  5865.24  5896.7  5930.23  5924.15  5942.65  5919.51  5879.97  4078.17  3457.48  3658.08  2090.26  5244.16  2948.76  3809.8  2997.81  
6393.93  6351.21  6328.83  6397.14  6389.08  6391.74  6356.25  6351  4945.47  2945.18  3699.42  646.534  6290.39  2103.82  2112.95  3341.68  
6161.48  6110.27  6114.19  6177.01  6158.96  6165.77  6107.6  6169.36  3391.88  3413.51  3906.06  2177.57  5802.96  3161.21  5157.25  2958.11  
6707.57  6718.07  6638.81  6691.78  6677.48  6723.87  6616.58  6650.24  2899.9  6087.61  6149.63  3270.73  1277.85  4896.22  5620.73  5284.38  
6257.27  6196.53  6196.08  6258.47  6248.21  6249.03  6211.11  6259.6  3017.05  2216.05  4688.01  3207.9  5997  2004.89  5653.55  2280.34  
6037.74  5961.83  5984.24  6018.77  6019.46  6031.99  6001.24  6015.81  3753.12  3237.98  4016.29  2319.25  5464.39  3253.48  4498.66  2826.87  
5854.83  5767.34  5807.83  5841.18  5827.31  5851.98  5836.06  5812.56  4412.03  3696.18  3274.1  1842.55  5020.92  3565.36  3098.89  4064.62  
6564.59  6580.29  6514.12  6580.38  6545.78  6604.18  6458.35  6525.15  5177.38  6009.83  2467.94  3788.79  6549.05  653.581  3585.52  5423.16  
6498.44  6465.77  6420.91  6489.42  6422.93  6497.3  6460.92  6439.79  3908.96  6485.48  2599.47  3189.89  5916.93  408.713  1535.36  4898.79  
6842.6  6875.47  6777.81  6826.09  6835.49  6872.35  6732.38  6675.95  3293.03  6423.04  6646.44  3776.73  1379  5721.74  6571.48  3655.67  
6909.32  6924.05  6823.46  6872.87  6885.78  6920.71  6789.62  6627.08  3167.56  6465.02  5899.58  3911.35  2027.26  5054.53  6246.7  3359.37  
5644.72  5563.35  5620.24  5679.06  5628.61  5658.68  5611.73  5602.35  5073.98  4249.66  2208.14  32.6605  4567.64  5179.01  2630.54  2246.93  
7165.46  7172.86  7054.31  7110.24  7156.37  7174.51  7068.94  6356.38  2795.46  6737.7  706.112  4764.6  6450.84  300.214  3902.27  3561.24  
5508.55  5369.97  5469.52  5519.8  5499.22  5488.68  5522.36  5424.26  4963  3693.54  3251.43  2371.27  4166.15  5154.74  3635.98  1133.57  
5692.91  5612.02  5662.25  5722.06  5666.7  5704.62  5684.44  5648.67  5079.87  4587.31  2004.73  956.357  4666.87  3960.17  1571.35  2440.35  
5347.56  5224.31  5334.08  5384.74  5364.67  5348.24  5373.02  5272.9  5114.56  5231.1  2934.91  1895.28  3864.6  3629.77  3492.71  727.276  
5052.23  5035.03  5135.62  5191.75  5111.35  5139.24  5150.89  5102.9  5081.7  4764.53  3801.14  3364.11  3948.32  4288  4416.29  117.347  
7165.46  7172.86  7054.31  7110.24  7156.37  7174.51  7068.94  6356.38  2795.46  6737.7  706.112  4764.6  6450.84  300.214  3902.27  3561.24  
5073.13  5047.63  5149.04  5204.81  5129.79  5153.63  5165.9  5113.13  5079.6  4967.67  3183.57  3214.66  3931.45  4016.19  3797.22  1866.55  
5336.41  5217.11  5326.56  5377.41  5355.1  5340.31  5364.6  5266.43  5113.78  5211.63  2945.57  1949.68  3867.43  3658.01  3505.51  774.46  
