11886.5  11844  11863.5  11883.6  11877.9  11751  11803.4  11886.9  11819.5  11847.7  11887.3  11892.6  11876.3  11816.4  11039.3  10870.1  8923.72  10409.5  
11920  11889.2  11896  11923.2  11914.4  11799.3  11831.9  11922.5  11857.6  11883.6  11920.1  11927.4  11908.6  11851.8  11834.3  10258.9  9045.48  11513.8  
11290.1  11248.2  11341  11248.9  11307.8  11138.8  11331.5  11334.6  11228.1  11287.9  11234.8  11341  11233  11225.5  10967.5  8721.84  10511.2  10678.1  
11509.4  11421.1  11598.2  11493.7  11560  11350.2  11598.3  11596.8  11509  11554.1  11556.9  11601.5  11601.2  11279.3  11479.6  9686.71  10342.8  8341.32  
12285.1  12256.3  12222.1  12275.4  12256.3  12290.7  12168.9  12285.1  12241.6  12241.6  12274.8  12254.3  12271.3  12286.9  11765.8  11936  4898.7  8708.45  
11420.9  11363.9  11527  11420.6  11478.7  11213.5  11281.4  11518.7  11425.5  11475.8  11443.3  11524.4  11399.2  11335  11146.1  10733.1  10384.3  10731.3  
11358.4  11326.7  11476.7  11368.9  11418.2  11137.4  11465.9  11463.5  11366.5  11420.4  11375.9  11470.5  11348.3  11369.4  11108  7244.2  10406.6  10807.7  
11606.3  11481.5  11676.1  11572.9  11661.1  11441.8  11513.6  11681.8  11600.1  11640.8  11666.6  11685.8  11666.5  11371.6  11444.2  7532.07  10285.2  8544  
11786.2  11708.1  11768  11761.5  11770.8  11607.9  11717.6  11782  11707.4  11742.3  11790.7  11790.3  11780.3  11665.7  11473.3  8749.72  8439.86  6549.88  
12387.1  12415.6  12303.2  12415  12422  12423.3  12267.7  12376  12338.4  12329  12372.1  12317.7  12403.9  12326  11933.5  12313.3  6395.32  8966.77  
12324.3  12310.3  12253.9  12308.9  12271  12341.2  12206.8  12318.6  12279.1  12276.2  12311.3  12283.7  12313.7  12325.4  11940.5  11644.5  5998.37  9936.06  
12430.9  12480  12338.4  12444.8  12407.3  12480.6  12310  12415.1  12380.4  12367  12414.2  12345.7  12460.4  12346.3  11887.3  11281.6  7516.51  9300.27  
12503.9  12594.8  12396.2  12557.4  12490.3  12575.2  12380.8  12479.8  12449.4  12429.2  12483.6  12390.9  12554.9  12373.9  11914  11060.8  8463.83  9135.88  
12176.3  12053  12132.8  12180.8  12175.3  12152.7  12063.6  12184.1  12136.2  12143.8  12174  12166.2  12165.6  12149.8  10648.8  11811.5  10035.5  11756.7  
11107  11150.1  11168  11099.4  11169.8  11167  11173  11173.8  11055.5  11122.8  11057.2  11179.8  11089.1  11049.8  10818.9  8900.38  10640.9  10414.8  
12046.9  12054.2  12028.2  12064.7  12065.5  11984.2  11975.2  12067.5  12012.5  12029.7  12053.7  12068.4  12032  12020.2  10239.1  12014.7  9962.23  11107.2  
11100.2  11145.5  11158.1  11092.4  11163  11166  11170.6  11166.3  11047.4  11115.1  11048.8  11172.2  11082.4  11043.6  10811.7  8860.29  10646.5  10407.9  
11290.1  11248.2  11341  11248.9  11307.8  11138.8  11331.5  11334.6  11228.1  11287.9  11234.8  11341  11233  11225.5  10967.5  8721.84  10511.2  10678.1  
12495.8  12582.9  12389.7  12546.8  12582.7  12564.8  12373  12472.9  12441.8  12422.3  12476.1  12385.4  12545.4  12368.4  12225.7  12487  8303.73  8942.62  
12046.8  12054.2  12028.1  12064.7  12065.4  11984.1  11975.1  12067.4  12012.5  12029.6  12053.6  12068.3  12031.9  12020.2  10238.9  12014.8  9962.19  11106.9  
