4  8  11  15  19  20  20  20  20  20  20  20  20  20  20  20  20  20  20  20  
4  8  11  15  19  20  20  20  20  20  20  20  20  20  20  20  20  20  20  20  
4  7  11  15  19  20  20  20  20  20  20  20  20  20  20  20  20  20  20  20  
20  4  6  10  14  18  20  20  20  20  20  20  20  20  20  20  20  20  20  20  
4  6  10  14  18  20  20  20  20  20  20  20  20  20  20  20  20  20  20  20  
4  7  11  14  18  20  20  20  20  20  20  20  20  20  20  20  20  20  20  20  
4  7  10  14  18  20  20  20  20  20  20  20  20  20  20  20  20  20  20  20  
3  8  12  16  20  20  20  20  20  20  20  20  20  20  20  20  20  20  20  20  
4  8  11  15  19  20  20  20  20  20  20  20  20  20  20  20  20  20  20  20  
3  7  10  14  18  20  20  20  20  20  20  20  20  20  20  20  20  20  20  20  
4  7  11  15  19  20  20  20  20  20  20  20  20  20  20  20  20  20  20  20  
4  6  10  14  18  20  20  20  20  20  20  20  20  20  20  20  20  20  20  20  
4  7  11  15  19  20  20  20  20  20  20  20  20  20  20  20  20  20  20  20  
3  7  10  14  18  20  20  20  20  20  20  20  20  20  20  20  20  20  20  20  
4  8  9  12  16  20  20  20  20  20  20  20  20  20  20  20  20  20  20  20  
3  6  10  14  18  20  20  20  20  20  20  20  20  20  20  20  20  20  20  20  
4  6  10  14  18  20  20  20  20  20  20  20  20  20  20  20  20  20  20  20  
3  6  10  14  18  20  20  20  20  20  20  20  20  20  20  20  20  20  20  20  
4  8  12  15  19  20  20  20  20  20  20  20  20  20  20  20  20  20  20  20  
3  6  10  14  18  20  20  20  20  20  20  20  20  20  20  20  20  20  20  20  
4  7  11  15  18  20  20  20  20  20  20  20  20  20  20  20  20  20  20  20  
4  6  10  14  18  20  20  20  20  20  20  20  20  20  20  20  20  20  20  20  
2  5  9  13  17  20  20  20  20  20  20  20  20  20  20  20  20  20  20  20  
4  8  10  14  18  20  20  20  20  20  20  20  20  20  20  20  20  20  20  20  
4  7  11  15  19  20  20  20  20  20  20  20  20  20  20  20  20  20  20  20  
2  6  9  14  18  20  20  20  20  20  20  20  20  20  20  20  20  20  20  20  
4  6  10  14  18  20  20  20  20  20  20  20  20  20  20  20  20  20  20  20  
4  8  10  14  18  20  20  20  20  20  20  20  20  20  20  20  20  20  20  20  
4  8  10  14  18  20  20  20  20  20  20  20  20  20  20  20  20  20  20  20  
2  5  9  13  17  20  20  20  20  20  20  20  20  20  20  20  20  20  20  20  
10  6  8  12  16  20  20  20  20  20  20  20  20  20  20  20  20  20  20  20  
0  4  6  10  14  18  20  20  20  20  20  20  20  20  20  20  20  20  20  20  
4  7  11  15  19  20  20  20  20  20  20  20  20  20  20  20  20  20  20  20  
3  7  11  15  19  20  20  20  20  20  20  20  20  20  20  20  20  20  20  20  
4  6  10  14  18  20  20  20  20  20  20  20  20  20  20  20  20  20  20  20  
0  4  6  10  14  18  20  20  20  20  20  20  20  20  20  20  20  20  20  20  
4  7  10  14  18  20  20  20  20  20  20  20  20  20  20  20  20  20  20  20  
4  8  11  15  19  20  20  20  20  20  20  20  20  20  20  20  20  20  20  20  
20  4  8  12  16  20  20  20  20  20  20  20  20  20  20  20  20  20  20  20  
2  6  10  14  18  20  20  20  20  20  20  20  20  20  20  20  20  20  20  20  
