4  6  10  13  17  20  20  20  19  18  20  20  20  17  16  18  17  16  15  15  
2  3  6  10  13  14  17  14  13  13  14  14  14  14  14  13  15  16  16  16  
0  4  8  11  15  19  18  17  15  15  17  17  16  16  16  16  16  16  16  17  
4  4  7  12  14  18  20  18  19  18  17  17  18  18  17  18  18  14  17  16  
3  5  9  11  15  18  20  20  20  20  20  20  20  20  20  20  20  20  20  19  
4  7  9  14  17  20  20  20  20  19  18  18  18  20  20  20  19  20  18  17  
2  6  7  11  15  20  19  20  18  17  20  19  16  15  19  20  20  20  20  18  
2  7  10  13  18  18  20  20  20  19  18  18  19  20  20  20  20  20  20  20  
4  4  6  9  14  19  17  17  19  16  15  15  13  14  13  14  14  14  14  14  
4  8  11  14  18  17  19  20  20  20  20  20  20  20  18  19  19  19  18  19  
0  4  6  6  10  12  16  20  20  20  20  19  20  18  18  18  18  17  16  16  
0  0  4  7  10  12  16  20  20  18  17  16  16  16  16  16  16  15  15  14  
2  6  9  15  19  18  19  20  20  18  18  17  17  18  18  18  18  18  18  18  
4  8  10  12  16  18  18  20  20  19  20  20  19  19  18  19  16  15  15  15  
3  6  10  14  17  18  17  17  15  15  15  15  14  14  13  14  14  14  14  15  
1  4  7  9  16  18  20  20  20  20  20  20  18  18  18  18  18  18  18  18  
4  4  6  10  14  18  18  20  20  20  17  17  17  20  19  18  18  18  18  18  
4  7  8  9  14  17  18  19  20  20  20  20  20  20  20  17  20  20  20  20  
18  3  4  8  13  15  18  18  18  17  17  18  18  20  19  18  19  19  20  20  
4  4  7  10  13  18  19  16  19  19  18  19  19  18  17  16  17  17  17  16  
4  4  8  12  15  19  20  20  20  19  19  19  19  18  18  18  18  18  17  18  
0  0  0  0  0  0  0  0  0  0  0  0  0  0  0  0  0  0  0  0  
3  5  11  14  18  15  15  14  15  14  15  16  17  17  17  17  17  17  18  18  
4  3  6  8  12  12  19  17  17  18  18  18  18  18  17  17  16  16  16  16  
4  4  6  9  12  15  14  16  13  12  17  19  20  18  18  18  20  20  20  19  
2  2  7  10  13  17  20  20  19  20  20  20  20  20  20  20  20  20  20  19  
17  4  8  11  14  20  17  20  19  17  17  17  17  16  17  16  19  19  19  19  
0  6  10  10  14  18  20  20  18  18  20  20  19  20  19  18  18  16  20  18  
2  6  10  13  16  18  16  18  16  17  18  18  18  18  17  17  17  16  17  19  
3  3  6  10  12  12  16  19  18  18  20  20  20  19  19  20  20  16  14  14  
1  3  6  10  14  18  18  17  18  14  17  16  16  20  20  20  20  20  16  16  
0  4  6  12  14  16  15  14  14  14  18  17  17  17  18  17  18  18  18  18  
2  5  9  12  15  17  16  17  16  17  17  18  18  20  20  20  20  20  20  20  
3  5  9  12  16  19  18  16  20  20  18  20  20  17  17  19  19  17  17  17  
1  4  6  10  13  14  17  17  17  16  16  19  19  19  19  19  20  17  18  18  
2  6  8  12  15  18  18  18  16  17  17  17  13  13  13  13  15  16  16  16  
4  6  11  11  15  19  19  18  18  20  20  20  18  18  18  18  18  18  18  17  
5  3  6  10  13  13  17  19  19  19  20  20  20  20  20  20  20  18  18  18  
4  4  9  11  15  19  20  20  20  20  20  20  18  19  19  17  17  18  18  19  
4  4  8  10  15  20  19  18  17  17  20  20  20  20  20  18  18  19  18  18  
