0  14  4  7  11  13  15  15  15  12  13  14  15  14  13  17  18  16  15  13  
0  4  4  6  12  14  15  15  16  15  13  11  12  12  14  14  13  17  20  20  
0  9  4  3  6  8  12  15  16  15  16  16  14  17  17  14  16  16  18  16  
0  4  11  14  17  18  16  20  19  15  13  13  13  17  20  20  20  16  16  16  
0  3  2  8  9  11  10  14  14  13  16  16  17  17  14  13  12  13  15  17  
0  4  3  6  8  8  12  16  19  16  19  19  15  16  17  13  11  10  10  10  
0  2  2  7  10  12  12  14  14  12  15  15  15  13  13  14  16  16  16  16  
0  8  4  8  9  13  14  14  13  14  15  15  19  19  18  17  17  17  17  17  
0  4  4  7  10  13  17  17  17  18  16  16  16  16  16  14  17  17  17  17  
0  3  4  5  6  10  13  17  14  12  9  12  16  14  14  14  14  13  14  14  
0  15  4  7  12  14  16  16  17  18  18  20  18  18  18  17  20  18  17  16  
0  0  0  4  7  12  13  18  15  15  14  13  14  13  15  16  15  17  17  17  
0  4  2  7  10  11  18  16  20  19  16  14  16  16  16  17  17  16  15  14  
0  2  4  6  11  14  17  16  17  15  17  18  16  17  15  17  18  18  19  20  
0  4  2  5  10  13  14  19  20  18  18  18  18  20  18  18  16  14  13  13  
0  4  3  8  11  13  12  12  12  16  20  17  19  20  20  20  20  18  20  17  
0  0  0  4  6  8  13  17  19  18  15  17  17  15  16  15  14  15  15  16  
0  3  3  6  8  15  19  20  19  20  20  19  20  20  20  20  20  20  20  20  
0  4  3  8  9  15  17  16  17  19  15  16  16  14  15  15  15  15  15  14  
0  0  3  4  6  12  15  14  14  13  19  16  15  15  18  16  15  16  16  17  
0  7  3  4  7  10  14  16  19  19  19  14  11  15  17  20  18  17  17  15  
0  2  4  7  5  9  16  18  19  19  17  17  17  20  16  15  14  14  11  13  
0  8  3  3  6  8  12  14  17  20  17  17  17  13  13  13  13  15  16  15  
0  0  4  8  12  16  20  13  12  17  18  18  19  17  19  19  17  17  14  15  
0  12  3  5  10  13  16  20  18  17  17  14  14  16  16  16  16  16  16  17  
0  0  0  0  0  0  0  4  6  8  11  15  12  16  17  18  18  17  17  17  
0  19  2  4  7  10  15  20  19  17  17  16  19  18  18  20  20  20  20  20  
0  6  2  8  10  15  17  18  19  20  19  16  20  18  18  19  19  19  16  19  
0  5  3  5  8  10  10  13  17  16  14  13  11  9  10  10  10  13  14  13  
0  3  3  5  10  14  15  15  15  15  14  16  18  17  16  13  13  13  15  16  
0  6  4  4  8  12  13  16  20  19  15  15  13  13  17  16  15  18  15  14  
0  0  0  0  3  6  9  15  17  19  19  18  16  17  17  15  15  17  17  15  
0  4  4  7  10  13  16  15  17  15  18  16  15  15  17  16  17  17  18  18  
0  20  1  5  7  12  14  15  20  19  15  13  11  15  15  16  16  16  16  16  
0  8  3  5  8  9  13  16  19  18  15  12  12  10  11  11  12  11  12  12  
0  0  4  8  9  16  16  15  15  14  14  15  15  14  14  13  12  13  13  14  
0  3  3  8  12  14  17  18  18  19  19  20  20  20  17  17  17  17  15  16  
0  3  7  10  13  15  16  16  16  16  20  19  19  17  17  17  15  15  16  15  
0  11  0  0  4  7  10  10  14  18  19  19  19  20  20  18  19  18  16  17  
0  2  4  6  10  14  15  16  16  18  19  18  20  20  17  18  17  16  18  19  
