6  1  5  9  13  14  13  12  12  15  18  20  19  17  15  13  14  13  13  13  
0  3  4  8  11  16  19  17  15  14  12  12  12  13  14  14  15  15  15  17  
0  0  3  2  5  6  6  6  7  8  11  11  11  13  14  16  16  14  13  12  
16  4  7  5  9  13  17  17  17  16  16  14  13  12  15  16  15  15  13  11  
0  4  7  7  9  10  13  14  17  15  15  14  12  15  15  17  14  17  17  16  
2  4  6  8  14  15  15  17  11  16  17  17  18  18  18  18  16  15  14  14  
0  3  6  8  9  10  13  12  9  10  8  9  10  11  14  11  11  12  12  12  
0  3  6  8  12  14  12  13  12  10  8  8  8  8  8  8  8  8  8  8  
7  2  5  5  11  10  11  9  15  14  16  13  15  14  14  14  14  8  11  11  
3  2  3  3  9  13  17  20  20  16  17  16  13  13  14  14  15  14  13  12  
2  4  6  6  8  6  8  6  8  7  5  5  5  5  7  7  12  13  12  11  
3  4  8  9  11  11  13  13  12  12  12  11  11  10  13  14  10  11  12  13  
0  3  5  6  9  15  17  13  15  16  16  18  19  20  20  20  20  20  20  20  
3  3  7  8  5  6  7  7  10  13  13  15  18  19  20  20  16  16  14  12  
4  6  9  12  12  13  14  12  15  15  12  13  10  13  15  14  15  15  12  11  
7  0  0  0  0  0  0  0  0  0  0  0  0  0  0  0  0  0  0  0  
0  2  5  11  11  11  13  12  12  13  13  12  13  13  13  13  13  14  14  14  
0  0  4  4  9  12  12  16  17  16  17  19  16  16  14  17  15  14  14  14  
0  4  6  10  10  10  11  17  19  19  17  18  18  16  17  14  14  15  19  18  
0  4  6  3  6  7  5  5  5  6  6  6  6  8  10  10  9  9  8  8  
4  5  7  10  11  14  17  18  18  17  18  18  18  17  17  18  16  15  16  15  
0  3  6  9  9  5  7  7  5  3  4  5  5  5  5  5  4  5  6  8  
7  0  0  0  0  0  0  0  0  0  0  0  0  0  0  0  0  0  0  0  
0  1  4  5  4  9  10  10  15  14  17  15  13  13  12  11  12  13  12  14  
3  3  8  8  9  13  15  13  13  16  15  16  16  17  17  16  16  16  12  12  
0  1  1  6  7  7  9  12  10  11  11  10  10  11  11  11  14  12  10  11  
8  2  5  7  10  13  15  15  12  13  14  14  14  16  20  20  18  17  17  17  
0  0  5  6  11  13  11  10  11  13  11  9  7  7  5  5  5  5  6  6  
1  4  7  11  15  17  18  18  18  18  19  19  18  18  20  19  18  18  18  17  
1  2  6  6  8  9  10  13  13  15  13  12  13  11  14  11  11  13  15  15  
5  2  7  5  8  13  14  17  15  18  15  16  17  15  14  12  11  11  10  10  
0  4  5  10  13  14  16  18  18  17  17  15  14  16  16  15  14  16  18  14  
0  0  0  0  0  0  0  0  1  3  7  9  12  17  16  15  14  15  16  17  
6  4  8  11  13  15  17  16  17  16  17  19  18  19  18  16  16  16  16  16  
0  2  6  8  9  9  10  14  15  15  15  17  17  18  17  19  19  15  17  15  
1  3  7  9  10  10  11  14  14  13  11  11  11  11  11  11  11  12  12  12  
0  2  5  9  12  14  11  12  14  12  13  12  15  17  16  15  15  15  12  14  
0  2  7  9  5  6  6  4  4  4  4  4  3  5  7  11  15  17  15  12  
3  2  5  6  9  12  16  19  16  15  15  15  16  17  16  16  16  17  14  12  
0  5  6  9  13  17  18  18  16  18  15  15  18  18  17  17  13  9  10  11  
