317.3  317.5  319.2  322.2  325.1  327  328  328  327.2  326.1  324.8  323.5  321.9  320.3  318.4  316.4  
317.3  317.5  319.2  322.1  325.1  327  327.9  327.9  327.1  326  324.7  323.3  321.7  320  318.2  316.1  
317.3  317.6  319.3  322.2  325.2  327.1  328.1  328.1  327.4  326.2  325  323.6  322.1  320.5  318.7  316.7  
317.3  317.4  319  321.9  324.8  326.7  327.5  327.5  326.6  325.4  324.1  322.6  321  319.2  317.2  315  
317.3  317.5  319.1  322.1  325  326.8  327.8  327.7  326.9  325.7  324.5  323  321.4  319.7  317.8  315.7  
317.3  317.3  318.9  321.7  324.6  326.4  327.2  327.1  326.2  325  323.6  322  320.3  318.4  316.3  314  
317.3  317.5  319.2  322.2  325.1  327.1  328  328  327.3  326.1  324.9  323.5  322  320.3  318.5  316.5  
317.3  317.4  319.1  322  324.9  326.8  327.7  327.6  326.8  325.6  324.3  322.9  321.3  319.5  317.6  315.5  
317.3  317.5  319.1  322.1  325  326.9  327.8  327.8  327  325.9  324.6  323.2  321.6  319.9  318  315.9  
317.3  317.4  319.1  322  324.9  326.7  327.6  327.5  326.7  325.5  324.2  322.8  321.1  319.4  317.4  315.3  
317.3  317.5  319.2  322.2  325.1  327  327.9  327.9  327.2  326  324.8  323.3  321.8  320.1  318.3  316.2  
317.3  317.3  318.9  321.8  324.7  326.5  327.3  327.2  326.4  325.1  323.8  322.2  320.5  318.7  316.6  314.4  
317.3  317.3  318.8  321.7  324.5  326.3  327.1  327  326.1  324.8  323.4  321.8  320.1  318.2  316  313.7  
317.2  317.2  318.8  321.6  324.4  326.2  327  326.9  326  324.7  323.2  321.6  319.9  317.9  315.8  313.4  
317.4  317.6  319.3  322.3  325.3  327.2  328.2  328.2  327.5  326.4  325.1  323.8  322.3  320.7  318.9  317  
317.3  317.4  319  321.9  324.7  326.6  327.4  327.4  326.5  325.3  323.9  322.4  320.8  318.9  316.9  314.7  
317.2  317.2  318.8  321.6  324.4  326.2  327  326.9  326  324.7  323.2  321.6  319.9  317.9  315.8  313.4  
317.4  317.6  319.3  322.3  325.3  327.2  328.2  328.2  327.5  326.4  325.1  323.8  322.3  320.7  318.9  317  
317.3  317.4  319  321.9  324.7  326.6  327.4  327.4  326.5  325.3  323.9  322.4  320.8  318.9  316.9  314.7  
317.3  317.3  318.9  321.8  324.7  326.5  327.3  327.2  326.4  325.1  323.8  322.2  320.5  318.7  316.6  314.4  
