317.6  316.4  315.9  316.1  316.6  317.1  318.4  320.1  321.6  322.7  323.5  324.3  324.7  324.7  324.4  323.9  323.1  322  
317.7  316.7  316.4  316.8  317.4  318.1  319.6  321.4  322.9  324.1  325.1  326  326.6  326.7  326.6  326.2  325.6  324.6  
317.6  316.2  315.6  315.8  316.1  316.6  317.8  319.4  320.8  321.8  322.6  323.3  323.6  323.6  323.2  322.5  321.6  320.4  
317.6  316.5  316.1  316.3  316.8  317.4  318.8  320.5  322  323.1  324  324.8  325.3  325.3  325.1  324.6  323.8  322.8  
317.6  316.4  316  316.3  316.7  317.3  318.6  320.4  321.8  322.9  323.9  324.6  325.1  325.1  324.8  324.3  323.6  322.5  
317.5  316.2  315.6  315.7  316  316.5  317.7  319.3  320.7  321.7  322.5  323.1  323.5  323.4  323  322.3  321.4  320.2  
317.6  316.4  316  316.2  316.7  317.3  318.6  320.3  321.8  322.9  323.8  324.5  325  325  324.8  324.2  323.5  322.4  
317.6  316.5  316.1  316.4  316.9  317.6  318.9  320.7  322.1  323.3  324.2  325  325.5  325.6  325.3  324.9  324.2  323.1  
317.6  316.5  316.1  316.4  316.9  317.6  318.9  320.6  322.1  323.2  324.2  325  325.4  325.5  325.3  324.8  324.1  323.1  
317.7  316.5  316.1  316.5  317  317.6  319  320.7  322.2  323.4  324.3  325.1  325.6  325.7  325.5  325  324.3  323.3  
317.6  316.5  316  316.3  316.8  317.4  318.7  320.5  321.9  323.1  324  324.7  325.2  325.3  325  324.5  323.8  322.7  
317.6  316.5  316.1  316.4  316.9  317.6  318.9  320.7  322.2  323.3  324.3  325  325.5  325.6  325.4  324.9  324.2  323.2  
317.6  316.4  316  316.2  316.7  317.3  318.6  320.3  321.7  322.8  323.7  324.5  324.9  325  324.7  324.2  323.4  322.3  
317.6  316.4  316  316.3  316.7  317.3  318.6  320.4  321.8  322.9  323.8  324.6  325  325.1  324.8  324.3  323.5  322.4  
317.7  316.5  316.2  316.5  317  317.7  319  320.8  322.3  323.4  324.4  325.2  325.7  325.8  325.6  325.1  324.4  323.4  
317.7  316.7  316.4  316.8  317.4  318.1  319.5  321.3  322.8  324.1  325.1  325.9  326.5  326.7  326.5  326.1  325.5  324.5  
317.6  316.4  315.9  316.2  316.6  317.2  318.4  320.2  321.6  322.7  323.6  324.3  324.7  324.8  324.5  323.9  323.1  322  
317.7  316.7  316.4  316.8  317.4  318.2  319.6  321.4  323  324.2  325.2  326.1  326.7  326.9  326.7  326.3  325.7  324.8  
317.7  316.7  316.4  316.8  317.3  318.1  319.5  321.3  322.8  324  325  325.9  326.4  326.6  326.5  326.1  325.4  324.5  
317.7  316.7  316.5  316.9  317.5  318.3  319.7  321.6  323.1  324.3  325.4  326.3  326.9  327.1  326.9  326.6  326  325.1  
317.7  316.7  316.4  316.9  317.5  318.2  319.7  321.5  323  324.2  325.3  326.1  326.7  326.9  326.8  326.4  325.8  324.9  
317.6  316.5  316.1  316.4  316.9  317.5  318.9  320.6  322.1  323.2  324.1  324.9  325.4  325.5  325.2  324.8  324  323  
317.7  316.6  316.3  316.7  317.3  318.1  319.5  321.3  322.8  324  325  325.8  326.4  326.6  326.4  326  325.4  324.4  
317.6  316.4  315.9  316.2  316.6  317.2  318.5  320.2  321.6  322.7  323.6  324.4  324.8  324.8  324.5  324  323.2  322.1  
317.6  316.2  315.7  315.8  316.1  316.6  317.8  319.5  320.8  321.8  322.7  323.3  323.7  323.6  323.2  322.6  321.7  320.4  
317.7  316.7  316.4  316.8  317.4  318.2  319.6  321.4  322.9  324.2  325.2  326  326.6  326.8  326.7  326.3  325.6  324.7  
317.7  316.7  316.5  316.9  317.5  318.3  319.8  321.6  323.1  324.4  325.4  326.3  326.9  327.1  327  326.6  326  325.1  
317.6  316.3  315.8  315.9  316.3  316.8  318  319.7  321.1  322.1  323  323.7  324  324  323.7  323  322.2  321  
317.6  316.4  315.9  316.1  316.5  317.1  318.4  320.1  321.5  322.6  323.5  324.2  324.6  324.7  324.4  323.8  323  321.9  
317.6  316.4  315.9  316.1  316.5  317.1  318.3  320.1  321.4  322.5  323.4  324.1  324.6  324.6  324.3  323.7  322.9  321.7  
317.6  316.3  315.7  315.9  316.2  316.8  318  319.7  321  322.1  322.9  323.6  324  324  323.6  323  322.1  320.9  
317.7  316.6  316.3  316.6  317.2  317.9  319.3  321.1  322.6  323.8  324.7  325.6  326.1  326.2  326.1  325.6  325  324  
317.7  316.8  316.6  317.1  317.8  318.6  320.1  321.9  323.5  324.8  325.9  326.8  327.5  327.7  327.6  327.3  326.8  325.9  
317.7  316.8  316.6  317.1  317.7  318.5  320  321.8  323.4  324.7  325.8  326.7  327.3  327.5  327.5  327.1  326.6  325.7  
317.6  316.3  315.8  316  316.3  316.9  318.1  319.8  321.2  322.2  323.1  323.8  324.2  324.2  323.8  323.2  322.4  321.2  
317.6  316.3  315.8  316  316.4  317  318.2  319.9  321.3  322.4  323.2  323.9  324.3  324.3  324  323.4  322.6  321.4  
317.7  316.8  316.5  317  317.6  318.4  319.9  321.7  323.3  324.5  325.6  326.5  327.1  327.3  327.2  326.9  326.3  325.4  
317.7  316.8  316.6  317.1  317.8  318.6  320.1  322  323.6  324.8  325.9  326.9  327.5  327.8  327.7  327.4  326.8  326  
317.7  316.7  316.5  316.9  317.5  318.3  319.7  321.5  323.1  324.3  325.3  326.2  326.8  327  326.9  326.5  325.9  325  
317.7  316.6  316.2  316.6  317.1  317.8  319.2  320.9  322.4  323.6  324.6  325.4  325.9  326  325.8  325.4  324.7  323.7  
317.7  316.7  316.5  317  317.6  318.4  319.8  321.7  323.2  324.5  325.5  326.4  327  327.2  327.1  326.8  326.2  325.3  
317.7  316.6  316.2  316.6  317.1  317.8  319.2  321  322.5  323.7  324.6  325.4  326  326.1  325.9  325.5  324.8  323.8  
317.6  316.3  315.7  315.9  316.2  316.7  317.9  319.6  321  322  322.9  323.5  323.9  323.9  323.5  322.9  322  320.8  
317.6  316.4  315.9  316.1  316.5  317.1  318.4  320.1  321.5  322.6  323.4  324.2  324.6  324.6  324.3  323.7  322.9  321.8  
317.7  316.8  316.6  317.1  317.7  318.5  320  321.9  323.4  324.7  325.8  326.7  327.3  327.5  327.5  327.2  326.6  325.7  
317.6  316.3  315.8  315.9  316.3  316.8  318.1  319.8  321.1  322.2  323.1  323.7  324.1  324.1  323.8  323.2  322.3  321.1  
317.7  316.6  316.3  316.6  317.2  317.9  319.2  321  322.5  323.7  324.7  325.5  326  326.2  326  325.6  324.9  323.9  
317.6  316.3  315.7  315.8  316.2  316.7  317.9  319.5  320.9  321.9  322.8  323.4  323.8  323.8  323.4  322.7  321.9  320.6  
317.7  316.6  316.2  316.5  317  317.7  319.1  320.9  322.3  323.5  324.5  325.3  325.8  325.9  325.7  325.3  324.6  323.6  
317.7  316.8  316.6  317  317.7  318.5  320  321.8  323.4  324.6  325.7  326.6  327.2  327.5  327.4  327  326.5  325.6  
317.6  316.4  315.9  316.1  316.5  317  318.3  320  321.4  322.5  323.4  324.1  324.5  324.5  324.2  323.6  322.8  321.6  
317.6  316.3  315.7  315.9  316.2  316.7  318  319.6  321  322  322.9  323.6  323.9  323.9  323.5  322.9  322  320.8  
317.7  316.7  316.5  317  317.6  318.4  319.9  321.7  323.2  324.5  325.5  326.4  327.1  327.3  327.2  326.8  326.2  325.3  
317.7  316.6  316.3  316.7  317.2  318  319.4  321.2  322.7  323.9  324.9  325.7  326.2  326.4  326.2  325.8  325.1  324.2  
317.6  316.4  315.8  316.1  316.4  317  318.3  320  321.4  322.4  323.3  324  324.4  324.4  324.1  323.5  322.7  321.6  
317.7  316.6  316.3  316.7  317.3  318  319.4  321.2  322.7  323.9  324.9  325.8  326.3  326.5  326.3  325.9  325.3  324.3  
317.7  316.6  316.3  316.7  317.2  317.9  319.3  321.1  322.6  323.8  324.8  325.6  326.2  326.3  326.1  325.7  325.1  324.1  
317.6  316.5  316  316.3  316.8  317.4  318.7  320.4  321.9  323  323.9  324.7  325.1  325.2  324.9  324.4  323.7  322.6  
317.6  316.3  315.8  316  316.4  316.9  318.1  319.8  321.2  322.3  323.2  323.9  324.2  324.2  323.9  323.3  322.5  321.3  
317.6  316.5  316.1  316.4  316.8  317.5  318.8  320.6  322  323.1  324.1  324.8  325.3  325.4  325.1  324.7  323.9  322.9  
317.6  316.4  316  316.2  316.6  317.2  318.5  320.2  321.7  322.8  323.7  324.4  324.8  324.9  324.6  324.1  323.3  322.2  
317.7  316.8  316.5  317  317.7  318.5  319.9  321.8  323.3  324.6  325.6  326.5  327.2  327.4  327.3  327  326.4  325.5  
317.7  316.7  316.5  316.9  317.6  318.3  319.8  321.6  323.2  324.4  325.5  326.4  327  327.2  327.1  326.7  326.1  325.2  
317.7  316.8  316.6  317.1  317.8  318.6  320.1  321.9  323.5  324.8  325.8  326.8  327.4  327.6  327.5  327.2  326.7  325.8  
317.7  316.6  316.2  316.5  317.1  317.7  319.1  320.9  322.3  323.5  324.5  325.3  325.8  325.9  325.7  325.3  324.6  323.6  
317.6  316.3  315.7  315.8  316.2  316.7  317.9  319.6  320.9  322  322.8  323.5  323.8  323.8  323.4  322.8  321.9  320.6  
317.6  316.3  315.8  316  316.4  317  318.2  319.9  321.3  322.4  323.2  323.9  324.3  324.3  324  323.4  322.6  321.4  
317.7  316.6  316.2  316.6  317.1  317.8  319.2  320.9  322.4  323.6  324.6  325.4  325.9  326  325.8  325.4  324.7  323.7  
317.7  316.6  316.3  316.7  317.3  318  319.4  321.2  322.7  323.9  324.9  325.8  326.3  326.5  326.3  325.9  325.3  324.3  
317.6  316.5  316  316.3  316.8  317.4  318.7  320.4  321.9  323  323.9  324.7  325.1  325.2  324.9  324.4  323.7  322.6  
317.6  316.3  315.8  316  316.4  316.9  318.1  319.8  321.2  322.3  323.2  323.9  324.2  324.2  323.9  323.3  322.5  321.3  
317.6  316.5  316.1  316.4  316.8  317.5  318.8  320.6  322  323.1  324.1  324.8  325.3  325.4  325.1  324.7  323.9  322.9  
317.6  316.4  316  316.2  316.6  317.2  318.5  320.2  321.7  322.8  323.7  324.4  324.8  324.9  324.6  324.1  323.3  322.2  
317.6  316.4  315.9  316.1  316.4  317  318.3  320  321.4  322.4  323.3  324  324.4  324.4  324.1  323.5  322.7  321.6  
317.7  316.8  316.5  317  317.7  318.5  319.9  321.8  323.3  324.6  325.6  326.5  327.2  327.4  327.3  327  326.4  325.5  
317.7  316.8  316.6  317  317.7  318.5  320  321.8  323.4  324.6  325.7  326.6  327.3  327.5  327.4  327.1  326.5  325.6  
317.7  316.6  316.2  316.6  317.1  317.8  319.2  321  322.5  323.7  324.6  325.5  326  326.1  325.9  325.5  324.8  323.8  
317.7  316.7  316.5  316.9  317.6  318.3  319.8  321.6  323.2  324.4  325.5  326.4  327  327.2  327.1  326.7  326.1  325.2  
317.6  316.3  315.8  316  316.3  316.8  318.1  319.8  321.1  322.2  323.1  323.8  324.1  324.1  323.8  323.2  322.3  321.1  
317.7  316.8  316.6  317.1  317.8  318.6  320.1  321.9  323.5  324.8  325.8  326.8  327.4  327.6  327.5  327.2  326.7  325.8  
