316.9  315.2  313.5  311.7  309.9  308.1  306.4  304.7  303.7  303.8  305  307.2  311.1  316.9  321.8  324.2  324.9  324.6  324.2  323.4  322.5  321.5  320.2  318.8  
316.9  315.4  313.8  312.1  310.4  308.7  307.1  305.6  304.8  305  306.3  308.5  312.3  318.1  322.9  325.3  326.1  325.9  325.5  324.9  324.1  323.1  322  320.7  
316.9  315.2  313.4  311.6  309.8  307.9  306.1  304.5  303.5  303.5  304.7  306.8  310.7  316.5  321.5  323.9  324.5  324.3  323.8  323  322.1  321  319.7  318.2  
316.9  315.3  313.6  311.8  310  308.2  306.5  304.9  303.9  304  305.2  307.4  311.3  317.1  322  324.4  325.1  324.8  324.4  323.7  322.8  321.8  320.5  319.1  
317  315.4  313.9  312.3  310.7  309.1  307.5  306.1  305.3  305.6  306.9  309.2  313  318.7  323.5  325.9  326.7  326.6  326.2  325.6  324.9  324  322.9  321.7  
317  315.5  313.9  312.3  310.7  309.2  307.7  306.3  305.5  305.8  307.2  309.5  313.2  318.9  323.7  326.2  326.9  326.8  326.5  325.9  325.2  324.3  323.2  322  
317  315.6  314.1  312.6  311  309.5  308.1  306.8  306.1  306.5  307.9  310.2  314  319.6  324.3  326.8  327.6  327.5  327.3  326.7  326  325.2  324.2  323.1  
316.9  315.1  313.3  311.4  309.5  307.6  305.7  304  302.9  302.9  304  306.1  310  315.9  320.9  323.3  323.9  323.6  323  322.2  321.2  320.1  318.7  317.1  
317  315.4  313.8  312.2  310.5  308.9  307.3  305.9  305  305.3  306.6  308.9  312.7  318.4  323.2  325.7  326.4  326.3  325.9  325.3  324.5  323.6  322.5  321.2  
316.9  315.1  313.3  311.4  309.5  307.5  305.7  303.9  302.8  302.8  303.9  306  309.9  315.8  320.8  323.2  323.8  323.5  322.9  322.1  321.1  319.9  318.5  316.9  
316.9  315.1  313.4  311.5  309.6  307.7  305.9  304.2  303.1  303.2  304.3  306.4  310.3  316.2  321.1  323.5  324.2  323.9  323.4  322.6  321.6  320.5  319.1  317.6  
316.9  315.3  313.7  312  310.3  308.5  306.9  305.4  304.5  304.7  305.9  308.1  312  317.7  322.6  325  325.7  325.5  325.1  324.5  323.6  322.6  321.5  320.2  
316.9  315.3  313.6  311.9  310.1  308.4  306.7  305.1  304.2  304.3  305.6  307.8  311.6  317.4  322.3  324.7  325.4  325.2  324.7  324.1  323.2  322.2  321  319.6  
317  315.6  314.1  312.6  311.1  309.7  308.3  307  306.3  306.7  308.1  310.5  314.2  319.8  324.5  327  327.9  327.8  327.5  327  326.3  325.5  324.5  323.4  
317  315.6  314.2  312.7  311.2  309.8  308.5  307.2  306.5  307  308.4  310.8  314.5  320.1  324.8  327.3  328.2  328.1  327.9  327.4  326.7  325.9  324.9  323.9  
317  315.5  314  312.4  310.9  309.4  307.9  306.5  305.8  306.1  307.5  309.8  313.6  319.2  324  326.5  327.3  327.2  326.9  326.3  325.6  324.7  323.7  322.5  
317  315.6  314.2  312.7  311.2  309.8  308.5  307.2  306.5  307  308.4  310.8  314.5  320.1  324.8  327.3  328.2  328.1  327.9  327.4  326.7  325.9  324.9  323.9  
317  315.5  314  312.4  310.9  309.4  307.9  306.5  305.8  306.1  307.5  309.8  313.6  319.2  324  326.5  327.3  327.2  326.9  326.3  325.6  324.7  323.7  322.5  
316.9  315.2  313.4  311.6  309.8  307.9  306.1  304.5  303.5  303.5  304.7  306.8  310.7  316.5  321.5  323.9  324.5  324.3  323.8  323  322.1  321  319.7  318.2  
316.9  315.4  313.8  312.1  310.4  308.7  307.1  305.6  304.7  305  306.2  308.5  312.3  318  322.9  325.3  326  325.9  325.5  324.8  324  323.1  321.9  320.7  
