317.4  317.8  319.6  322.7  325.8  327.8  328.9  329.1  328.5  327.5  326.4  325.2  323.8  322.4  320.9  319.2  
317.4  317.7  319.6  322.6  325.7  327.7  328.8  328.9  328.2  327.2  326.1  324.8  323.5  322  320.4  318.7  
317.3  317.4  319.1  322  324.9  326.7  327.6  327.6  326.8  325.6  324.3  322.8  321.2  319.4  317.5  315.3  
317.3  317.5  319.2  322.1  325  326.9  327.9  327.9  327.1  325.9  324.6  323.2  321.7  320  318.1  316  
317.2  317.1  318.6  321.4  324.1  325.8  326.5  326.3  325.3  324  322.4  320.7  318.8  316.7  314.3  311.8  
317.3  317.4  319  321.9  324.8  326.6  327.5  327.4  326.5  325.3  324  322.5  320.8  319  317  314.8  
317.4  317.7  319.5  322.5  325.5  327.5  328.5  328.6  327.9  326.9  325.7  324.4  323  321.5  319.9  318  
317.1  316.9  318.3  321  323.6  325.2  325.9  325.5  324.4  322.9  321.3  319.4  317.3  314.9  312.3  309.4  
317.2  317  318.4  321.2  323.9  325.6  326.3  326  325  323.6  322  320.2  318.2  316  313.5  310.9  
317.2  317.2  318.7  321.5  324.3  326  326.8  326.6  325.7  324.3  322.9  321.2  319.4  317.4  315.1  312.7  
317.3  317.3  318.8  321.7  324.5  326.3  327.1  327  326.1  324.8  323.4  321.8  320.1  318.1  316  313.7  
317.5  317.9  319.8  322.9  326  328.1  329.2  329.4  328.8  327.9  326.8  325.6  324.3  322.9  321.4  319.8  
317.1  316.7  317.9  320.5  323.1  324.6  325.1  324.7  323.5  321.8  320  317.8  315.5  312.9  309.9  306.6  
317.1  316.8  318.1  320.7  323.4  324.9  325.5  325.1  323.9  322.4  320.6  318.6  316.3  313.8  311.1  308  
317.5  318  319.9  323.1  326.2  328.4  329.5  329.8  329.3  328.4  327.4  326.2  325  323.7  322.3  320.8  
317.4  317.6  319.3  322.3  325.3  327.2  328.2  328.2  327.5  326.4  325.2  323.8  322.4  320.8  319  317.1  
317.1  316.7  317.9  320.6  323.2  324.7  325.2  324.8  323.5  321.9  320.1  318  315.6  313  310.2  306.9  
317.5  317.9  319.9  323  326.2  328.3  329.5  329.7  329.2  328.3  327.3  326.1  324.9  323.6  322.1  320.6  
317.1  316.9  318.3  321  323.7  325.3  325.9  325.6  324.5  323  321.3  319.5  317.3  315  312.4  309.5  
317.4  317.6  319.3  322.3  325.3  327.2  328.2  328.2  327.5  326.4  325.2  323.8  322.4  320.8  319  317.1  
