316.9  315.2  313.4  311.6  309.7  307.8  306  304.3  303.3  303.3  304.5  306.6  310.5  316.3  321.3  323.7  324.3  324.1  323.6  322.8  321.9  320.7  319.4  317.9  
316.9  315.3  313.6  311.9  310.1  308.4  306.7  305.1  304.2  304.3  305.6  307.8  311.6  317.4  322.3  324.7  325.4  325.2  324.7  324.1  323.2  322.2  321  319.6  
316.9  315.3  313.7  311.9  310.2  308.5  306.8  305.3  304.3  304.6  305.8  308  311.9  317.6  322.5  324.9  325.6  325.4  325  324.3  323.5  322.5  321.3  320  
316.9  315.2  313.4  311.6  309.7  307.9  306.1  304.4  303.4  303.5  304.6  306.7  310.6  316.5  321.4  323.8  324.5  324.2  323.7  323  322  320.9  319.6  318.1  
316.9  315.1  313.3  311.5  309.5  307.6  305.8  304.1  303  303  304.1  306.2  310.1  316  321  323.4  324  323.7  323.2  322.4  321.4  320.3  318.9  317.3  
316.9  315.1  313.3  311.4  309.5  307.6  305.7  304  302.9  302.9  304  306  309.9  315.8  320.8  323.2  323.9  323.5  323  322.2  321.2  320  318.6  317  
316.9  315.2  313.5  311.7  309.9  308  306.3  304.7  303.7  303.8  304.9  307.1  311  316.8  321.7  324.1  324.8  324.5  324  323.3  322.4  321.3  320.1  318.6  
317  315.5  314  312.4  310.8  309.3  307.8  306.4  305.7  306  307.4  309.7  313.4  319.1  323.8  326.3  327.1  327  326.7  326.1  325.4  324.5  323.5  322.3  
316.9  315.3  313.6  311.8  310  308.2  306.5  304.9  303.9  304.1  305.3  307.4  311.3  317.1  322  324.4  325.1  324.9  324.4  323.7  322.8  321.8  320.6  319.2  
317  315.4  313.8  312.2  310.5  308.9  307.3  305.9  305  305.3  306.6  308.8  312.6  318.3  323.2  325.6  326.4  326.2  325.8  325.2  324.4  323.5  322.4  321.1  
317  315.5  314  312.5  310.9  309.4  308  306.6  305.9  306.3  307.7  310  313.7  319.4  324.1  326.6  327.4  327.3  327  326.5  325.8  324.9  323.9  322.7  
316.9  315.4  313.7  312  310.3  308.7  307  305.5  304.7  304.9  306.1  308.4  312.2  317.9  322.8  325.2  325.9  325.8  325.4  324.7  323.9  322.9  321.8  320.5  
317  315.5  313.9  312.3  310.7  309.1  307.6  306.1  305.3  305.6  307  309.3  313.1  318.7  323.5  326  326.7  326.6  326.3  325.7  324.9  324  323  321.7  
317  315.4  313.8  312.2  310.5  308.8  307.3  305.8  305  305.2  306.5  308.8  312.6  318.3  323.1  325.6  326.3  326.1  325.8  325.2  324.4  323.4  322.3  321.1  
316.8  315.1  313.2  311.3  309.3  307.4  305.5  303.7  302.6  302.5  303.6  305.6  309.5  315.5  320.5  322.9  323.5  323.2  322.6  321.8  320.7  319.5  318.1  316.4  
316.8  315  313.2  311.2  309.2  307.2  305.2  303.4  302.2  302.1  303.2  305.2  309.1  315.1  320.1  322.5  323.1  322.7  322.1  321.3  320.2  318.9  317.5  315.7  
316.8  315  313.2  311.2  309.2  307.2  305.2  303.4  302.2  302.1  303.2  305.2  309.1  315.1  320.1  322.5  323.1  322.7  322.1  321.3  320.2  318.9  317.5  315.7  
317  315.5  314  312.5  310.9  309.4  308  306.6  305.9  306.2  307.6  310  313.7  319.3  324.1  326.6  327.4  327.3  327  326.4  325.7  324.9  323.9  322.7  
317  315.5  313.9  312.3  310.7  309.1  307.6  306.1  305.3  305.6  307  309.3  313.1  318.7  323.5  326  326.8  326.6  326.3  325.7  324.9  324  323  321.8  
316.8  315.1  313.2  311.3  309.3  307.4  305.5  303.7  302.6  302.5  303.6  305.6  309.5  315.5  320.5  322.9  323.5  323.2  322.6  321.8  320.8  319.5  318.1  316.4  
