317.3  317.5  319.2  322.1  325.1  327  327.9  327.9  327.1  326  324.7  323.3  321.8  320.1  318.2  316.2  
317.3  317.4  319  321.9  324.8  326.6  327.5  327.5  326.6  325.4  324.1  322.6  321  319.2  317.2  315  
317.2  317.2  318.6  321.5  324.2  326  326.7  326.5  325.6  324.2  322.7  321.1  319.2  317.2  314.9  312.4  
317.4  317.6  319.3  322.3  325.2  327.2  328.2  328.2  327.5  326.4  325.1  323.8  322.3  320.7  318.9  316.9  
317.3  317.3  318.8  321.7  324.5  326.3  327.1  327  326.1  324.8  323.4  321.8  320.1  318.1  316  313.7  
317.3  317.3  318.9  321.8  324.7  326.5  327.3  327.2  326.3  325.1  323.7  322.2  320.5  318.6  316.6  314.3  
317.3  317.4  319.1  322  324.9  326.8  327.7  327.7  326.9  325.7  324.4  322.9  321.4  319.6  317.7  315.6  
317.2  317.2  318.7  321.5  324.3  326  326.8  326.6  325.7  324.4  322.9  321.3  319.4  317.4  315.2  312.8  
317.5  317.9  319.8  322.9  326  328.1  329.2  329.4  328.8  327.9  326.8  325.7  324.4  323  321.5  319.9  
317.4  317.8  319.7  322.8  325.9  328  329.1  329.3  328.7  327.8  326.7  325.5  324.2  322.8  321.3  319.7  
317.4  317.7  319.6  322.6  325.7  327.7  328.8  328.9  328.3  327.3  326.1  324.9  323.5  322  320.5  318.7  
317.4  317.6  319.4  322.4  325.4  327.4  328.4  328.5  327.8  326.7  325.6  324.2  322.8  321.3  319.6  317.7  
317.6  318.2  320.2  323.5  326.7  329  330.2  330.6  330.2  329.5  328.6  327.6  326.5  325.3  324.1  322.7  
317.6  318.2  320.2  323.5  326.7  328.9  330.2  330.5  330.1  329.4  328.5  327.5  326.3  325.2  323.9  322.6  
317.5  318  320  323.1  326.3  328.5  329.7  329.9  329.4  328.6  327.6  326.5  325.3  324  322.6  321.2  
317.5  318  320  323.2  326.4  328.6  329.8  330  329.5  328.7  327.8  326.7  325.5  324.2  322.9  321.4  
317.4  317.7  319.6  322.6  325.7  327.7  328.8  328.9  328.3  327.3  326.1  324.9  323.5  322.1  320.5  318.7  
317.2  317.1  318.6  321.4  324.2  325.9  326.6  326.4  325.4  324.1  322.6  320.9  319  316.9  314.6  312.1  
317.4  317.6  319.4  322.4  325.4  327.4  328.4  328.5  327.8  326.8  325.6  324.3  322.8  321.3  319.6  317.7  
317.5  317.9  319.9  323  326.2  328.3  329.5  329.7  329.2  328.3  327.3  326.2  324.9  323.6  322.2  320.7  
