317.3  317.4  319  321.9  324.8  326.6  327.5  327.5  326.6  325.4  324.1  322.6  320.9  319.1  317.2  315  
317.3  317.4  319.1  322  324.9  326.7  327.6  327.5  326.8  325.6  324.3  322.8  321.2  319.4  317.5  315.3  
317.3  317.6  319.3  322.2  325.2  327.1  328.1  328.1  327.4  326.3  325  323.6  322.1  320.5  318.7  316.7  
317.3  317.3  318.9  321.8  324.7  326.5  327.3  327.2  326.3  325.1  323.7  322.2  320.5  318.6  316.6  314.3  
317.4  317.6  319.4  322.4  325.4  327.3  328.3  328.4  327.7  326.6  325.4  324.1  322.6  321.1  319.4  317.5  
317.3  317.3  318.8  321.7  324.5  326.3  327.1  327  326.1  324.8  323.4  321.8  320.1  318.1  316  313.7  
317.2  317.2  318.7  321.5  324.3  326  326.8  326.6  325.7  324.4  322.9  321.2  319.4  317.4  315.1  312.7  
317.2  317.2  318.6  321.5  324.2  325.9  326.7  326.5  325.5  324.2  322.7  321  319.2  317.1  314.8  312.4  
317.4  317.7  319.5  322.5  325.5  327.5  328.5  328.6  328  326.9  325.7  324.4  323  321.5  319.9  318  
317.3  317.5  319.1  322.1  325  326.9  327.8  327.8  327  325.9  324.6  323.2  321.6  319.9  318  315.9  
317.1  316.9  318.2  320.9  323.5  325.1  325.7  325.3  324.2  322.7  321  319  316.8  314.4  311.8  308.8  
317.2  317  318.4  321.2  323.9  325.6  326.3  326  325  323.6  322  320.2  318.2  316  313.6  310.9  
317.2  317  318.4  321.2  323.9  325.5  326.2  325.9  324.9  323.4  321.8  320  318  315.8  313.3  310.6  
317.2  317  318.3  321  323.7  325.3  326  325.7  324.6  323.1  321.5  319.6  317.6  315.2  312.7  309.9  
317.2  317.1  318.5  321.3  324.1  325.8  326.5  326.3  325.3  323.9  322.4  320.6  318.7  316.6  314.2  311.7  
317.4  317.7  319.5  322.6  325.6  327.7  328.7  328.8  328.2  327.2  326  324.8  323.4  321.9  320.3  318.6  
317.1  316.9  318.2  320.9  323.5  325.1  325.7  325.4  324.3  322.7  321  319.1  316.9  314.5  311.9  308.9  
317.4  317.7  319.5  322.6  325.6  327.7  328.7  328.8  328.2  327.2  326  324.8  323.4  321.9  320.3  318.6  
317.4  317.6  319.3  322.3  325.2  327.1  328.1  328.1  327.4  326.3  325  323.7  322.2  320.5  318.7  316.8  
317.2  317.2  318.8  321.6  324.4  326.2  327  326.9  325.9  324.7  323.2  321.6  319.9  317.9  315.7  313.4  
