317.6  316.3  315.8  316  316.3  316.9  318.1  319.8  321.2  322.2  323.1  323.8  324.2  324.1  323.8  323.2  322.4  321.2  
317.6  316.4  316  316.2  316.6  317.2  318.5  320.2  321.6  322.8  323.7  324.4  324.8  324.9  324.6  324  323.3  322.2  
317.6  316.3  315.8  316  316.4  317  318.2  319.9  321.3  322.4  323.3  324  324.4  324.4  324  323.5  322.6  321.5  
317.7  316.7  316.4  316.8  317.4  318.2  319.6  321.4  322.9  324.2  325.2  326.1  326.6  326.8  326.7  326.3  325.7  324.8  
317.7  316.7  316.4  316.8  317.4  318.1  319.6  321.4  322.9  324.1  325.1  326  326.6  326.7  326.6  326.2  325.6  324.6  
317.7  316.7  316.5  316.9  317.5  318.3  319.8  321.6  323.1  324.4  325.4  326.3  326.9  327.1  327  326.6  326  325.1  
317.7  316.8  316.5  317  317.6  318.4  319.9  321.7  323.3  324.5  325.6  326.5  327.1  327.3  327.2  326.9  326.3  325.4  
317.6  316.4  315.9  316.1  316.5  317.1  318.3  320.1  321.4  322.5  323.4  324.1  324.6  324.6  324.3  323.7  322.9  321.8  
317.6  316.5  316  316.3  316.7  317.4  318.7  320.4  321.8  323  323.9  324.6  325.1  325.2  324.9  324.4  323.6  322.5  
317.7  316.8  316.5  317  317.7  318.5  319.9  321.8  323.3  324.6  325.6  326.6  327.2  327.4  327.3  327  326.4  325.5  
317.6  316.3  315.8  315.9  316.3  316.8  318  319.7  321.1  322.2  323  323.7  324.1  324  323.7  323.1  322.2  321  
317.7  316.8  316.6  317.1  317.7  318.6  320  321.9  323.4  324.7  325.8  326.7  327.3  327.5  327.5  327.2  326.6  325.7  
317.7  316.6  316.3  316.7  317.3  318  319.4  321.2  322.7  323.9  324.9  325.7  326.3  326.4  326.3  325.8  325.2  324.2  
317.7  316.5  316.2  316.5  317  317.7  319  320.8  322.2  323.4  324.4  325.2  325.7  325.8  325.5  325.1  324.4  323.4  
317.6  316.5  316.1  316.4  316.9  317.5  318.8  320.6  322  323.2  324.1  324.9  325.4  325.5  325.2  324.7  324  323  
317.7  316.6  316.2  316.6  317.1  317.8  319.2  321  322.4  323.6  324.6  325.4  325.9  326.1  325.9  325.4  324.8  323.8  
317.7  316.6  316.2  316.6  317.1  317.8  319.2  321  322.4  323.6  324.6  325.4  325.9  326.1  325.9  325.4  324.8  323.8  
317.7  316.6  316.3  316.7  317.3  318  319.4  321.2  322.7  323.9  324.9  325.7  326.3  326.4  326.3  325.8  325.2  324.2  
317.7  316.5  316.2  316.5  317  317.7  319  320.8  322.2  323.4  324.4  325.2  325.7  325.8  325.5  325.1  324.4  323.4  
317.6  316.5  316.1  316.4  316.9  317.5  318.8  320.6  322  323.2  324.1  324.9  325.4  325.5  325.2  324.7  324  323  
