316.9  315.3  313.6  311.8  310  308.2  306.5  304.9  304  304.1  305.3  307.5  311.3  317.1  322  324.5  325.1  324.9  324.4  323.8  322.9  321.8  320.6  319.2  
316.9  315.3  313.7  312  310.2  308.5  306.8  305.3  304.3  304.6  305.8  308  311.9  317.6  322.5  324.9  325.6  325.4  325  324.4  323.5  322.5  321.3  320  
317  315.4  313.9  312.2  310.6  309  307.4  306  305.2  305.4  306.8  309  312.9  318.5  323.3  325.8  326.5  326.4  326  325.4  324.7  323.8  322.7  321.4  
316.9  315.3  313.6  311.8  310  308.2  306.5  304.9  303.9  304  305.2  307.4  311.3  317.1  322  324.4  325.1  324.8  324.4  323.7  322.8  321.8  320.5  319.1  
317  315.5  314  312.5  310.9  309.4  308  306.6  305.9  306.3  307.7  310  313.7  319.4  324.1  326.6  327.4  327.3  327  326.5  325.7  324.9  323.9  322.7  
316.9  315.4  313.8  312.1  310.4  308.7  307.1  305.7  304.8  305  306.3  308.6  312.4  318.1  322.9  325.4  326.1  325.9  325.5  324.9  324.1  323.2  322  320.8  
316.9  315.3  313.7  312  310.3  308.6  307  305.5  304.6  304.8  306  308.3  312.1  317.8  322.7  325.1  325.8  325.7  325.2  324.6  323.8  322.8  321.7  320.3  
317  315.4  313.8  312.2  310.5  308.9  307.3  305.9  305  305.3  306.6  308.8  312.7  318.4  323.2  325.6  326.4  326.2  325.8  325.2  324.4  323.5  322.4  321.2  
316.9  315.3  313.6  311.9  310.1  308.4  306.7  305.1  304.2  304.3  305.6  307.8  311.6  317.4  322.3  324.7  325.4  325.2  324.7  324.1  323.2  322.2  321  319.6  
317  315.5  314  312.4  310.8  309.2  307.7  306.4  305.6  305.9  307.3  309.6  313.3  319  323.8  326.2  327  326.9  326.6  326  325.3  324.4  323.4  322.2  
316.9  315.2  313.5  311.7  309.9  308.1  306.4  304.8  303.8  303.9  305.1  307.2  311.1  316.9  321.8  324.3  324.9  324.7  324.2  323.5  322.6  321.6  320.3  318.8  
317  315.5  314  312.4  310.9  309.4  307.9  306.5  305.8  306.1  307.5  309.8  313.6  319.2  324  326.5  327.3  327.2  326.9  326.3  325.6  324.7  323.7  322.5  
317  315.5  313.9  312.4  310.8  309.2  307.7  306.3  305.5  305.9  307.2  309.5  313.3  319  323.7  326.2  327  326.9  326.5  326  325.2  324.3  323.3  322.1  
316.9  315.2  313.5  311.7  309.9  308  306.3  304.7  303.6  303.7  304.9  307  310.9  316.8  321.7  324.1  324.7  324.5  324  323.3  322.4  321.3  320  318.6  
317  315.6  314.1  312.5  311  309.5  308.1  306.8  306.1  306.5  307.9  310.2  314  319.6  324.3  326.8  327.6  327.5  327.3  326.7  326  325.2  324.2  323.1  
317  315.5  313.9  312.3  310.7  309.1  307.6  306.2  305.4  305.7  307  309.3  313.1  318.8  323.5  326  326.8  326.6  326.3  325.7  325  324.1  323  321.8  
317  315.6  314.1  312.5  311  309.5  308.1  306.8  306.1  306.5  307.9  310.2  314  319.6  324.3  326.8  327.6  327.5  327.3  326.7  326  325.2  324.2  323.1  
316.9  315.4  313.8  312.1  310.4  308.7  307.1  305.7  304.8  305  306.3  308.5  312.4  318.1  322.9  325.4  326.1  325.9  325.5  324.9  324.1  323.1  322  320.7  
316.9  315.3  313.6  311.9  310.1  308.4  306.7  305.1  304.2  304.3  305.6  307.8  311.6  317.4  322.3  324.7  325.4  325.2  324.7  324.1  323.2  322.2  321  319.6  
317  315.5  313.9  312.3  310.7  309.1  307.6  306.2  305.4  305.7  307  309.3  313.1  318.8  323.5  326  326.8  326.6  326.3  325.7  325  324.1  323  321.8  
