316.9  315.4  313.8  312.1  310.4  308.7  307.1  305.6  304.8  305  306.3  308.5  312.4  318.1  322.9  325.4  326.1  325.9  325.5  324.9  324.1  323.1  322  320.7  
316.9  315.3  313.7  311.9  310.2  308.5  306.8  305.3  304.3  304.5  305.7  308  311.8  317.6  322.4  324.9  325.6  325.4  324.9  324.3  323.4  322.4  321.3  319.9  
316.9  315.3  313.5  311.8  310  308.2  306.5  304.9  303.9  304  305.2  307.4  311.2  317  321.9  324.4  325  324.8  324.3  323.6  322.8  321.7  320.5  319  
316.9  315.3  313.6  311.9  310.1  308.3  306.6  305.1  304.1  304.3  305.5  307.7  311.6  317.3  322.2  324.6  325.3  325.1  324.7  324  323.1  322.1  320.9  319.5  
316.9  315.3  313.6  311.8  310.1  308.3  306.6  305  304  304.2  305.4  307.6  311.5  317.2  322.1  324.5  325.2  325  324.6  323.9  323  322  320.8  319.4  
316.9  315.3  313.7  312  310.3  308.5  306.9  305.4  304.5  304.7  305.9  308.1  312  317.7  322.6  325  325.7  325.5  325.1  324.5  323.6  322.7  321.5  320.2  
316.9  315.4  313.7  312  310.3  308.7  307  305.5  304.6  304.9  306.1  308.4  312.2  317.9  322.8  325.2  325.9  325.7  325.3  324.7  323.9  322.9  321.8  320.5  
317  315.5  313.9  312.3  310.7  309.2  307.7  306.3  305.5  305.8  307.1  309.4  313.2  318.9  323.6  326.1  326.9  326.8  326.4  325.9  325.1  324.2  323.2  322  
317  315.4  313.9  312.2  310.6  309  307.4  306  305.2  305.5  306.8  309.1  312.9  318.5  323.3  325.8  326.6  326.4  326.1  325.5  324.7  323.8  322.7  321.5  
317  315.5  314  312.5  310.9  309.4  308  306.7  305.9  306.3  307.7  310  313.8  319.4  324.1  326.6  327.4  327.4  327.1  326.5  325.8  324.9  323.9  322.8  
317  315.4  313.8  312.2  310.5  308.9  307.3  305.8  305  305.2  306.5  308.8  312.6  318.3  323.1  325.6  326.3  326.2  325.8  325.2  324.4  323.4  322.3  321.1  
317  315.5  313.9  312.3  310.7  309.1  307.6  306.2  305.4  305.7  307  309.3  313.1  318.8  323.6  326  326.8  326.7  326.3  325.7  325  324.1  323  321.8  
316.9  315.2  313.5  311.7  309.9  308  306.3  304.7  303.7  303.8  304.9  307.1  311  316.8  321.7  324.1  324.8  324.5  324  323.3  322.4  321.3  320.1  318.6  
316.9  315.2  313.4  311.6  309.7  307.9  306.1  304.4  303.4  303.5  304.6  306.7  310.6  316.5  321.4  323.8  324.5  324.2  323.7  322.9  322  320.9  319.6  318.1  
317  315.6  314.1  312.6  311.1  309.6  308.2  306.9  306.2  306.6  308  310.3  314.1  319.7  324.4  326.9  327.7  327.7  327.4  326.9  326.2  325.3  324.3  323.2  
317  315.5  314  312.4  310.8  309.3  307.8  306.4  305.7  306  307.4  309.7  313.5  319.1  323.9  326.4  327.2  327  326.7  326.2  325.4  324.6  323.5  322.4  
317  315.6  314.1  312.6  311.1  309.6  308.2  306.9  306.2  306.6  308  310.3  314.1  319.7  324.4  326.9  327.7  327.7  327.4  326.9  326.2  325.3  324.3  323.2  
316.9  315.2  313.4  311.6  309.7  307.9  306.1  304.5  303.4  303.5  304.6  306.7  310.6  316.5  321.4  323.8  324.5  324.2  323.7  323  322  320.9  319.6  318.1  
317  315.5  314  312.5  311  309.5  308  306.7  305.9  306.3  307.7  310  313.8  319.4  324.1  326.7  327.5  327.4  327.1  326.5  325.8  325  324  322.8  
317  315.5  314  312.4  310.8  309.3  307.8  306.4  305.7  306  307.4  309.7  313.5  319.1  323.9  326.4  327.2  327  326.7  326.2  325.4  324.6  323.5  322.4  
