317.3  317.3  318.8  321.7  324.5  326.3  327.1  326.9  326  324.7  323.3  321.7  320  318  315.9  313.5  
317.3  317.4  319  321.9  324.8  326.7  327.5  327.5  326.7  325.5  324.1  322.6  321  319.2  317.2  315.1  
317.2  317.2  318.8  321.6  324.4  326.2  327  326.8  325.9  324.6  323.2  321.6  319.8  317.8  315.6  313.2  
317.3  317.4  319  321.9  324.8  326.6  327.5  327.4  326.6  325.4  324  322.5  320.9  319.1  317.1  314.9  
317.3  317.3  318.9  321.7  324.6  326.3  327.2  327.1  326.2  324.9  323.5  321.9  320.2  318.3  316.2  313.9  
317.3  317.3  318.9  321.8  324.6  326.4  327.3  327.2  326.3  325  323.7  322.1  320.4  318.5  316.5  314.2  
317.3  317.5  319.2  322.1  325  326.9  327.8  327.8  327  325.9  324.6  323.2  321.6  319.9  318  316  
317.3  317.4  319.1  322  324.9  326.8  327.7  327.6  326.8  325.6  324.3  322.8  321.2  319.5  317.5  315.4  
317.3  317.5  319.1  322.1  325  326.8  327.8  327.7  326.9  325.7  324.5  323  321.4  319.7  317.8  315.7  
317.3  317.3  318.9  321.8  324.7  326.5  327.4  327.3  326.4  325.2  323.8  322.3  320.6  318.8  316.7  314.5  
317.3  317.5  319.2  322.1  325  326.9  327.9  327.9  327.1  325.9  324.7  323.3  321.7  320  318.1  316.1  
317.3  317.5  319.3  322.2  325.2  327.1  328.1  328.1  327.3  326.2  325  323.6  322.1  320.4  318.6  316.6  
317.3  317.4  319  321.9  324.7  326.5  327.4  327.3  326.5  325.2  323.9  322.4  320.7  318.9  316.8  314.6  
317.4  317.6  319.3  322.3  325.3  327.2  328.2  328.2  327.5  326.4  325.2  323.8  322.4  320.8  319  317.1  
317.3  317.5  319.2  322.2  325.1  327  328  328  327.2  326.1  324.8  323.4  321.9  320.2  318.4  316.4  
317.4  317.6  319.3  322.3  325.2  327.2  328.2  328.2  327.4  326.3  325.1  323.7  322.2  320.6  318.9  316.9  
317.3  317.5  319.2  322.2  325.1  327  328  328  327.2  326.1  324.8  323.4  321.9  320.2  318.4  316.4  
317.3  317.3  318.8  321.7  324.5  326.3  327.1  327  326.1  324.8  323.4  321.8  320.1  318.1  316  313.7  
317.3  317.4  319.1  322  324.9  326.8  327.7  327.7  326.9  325.7  324.4  323  321.4  319.6  317.7  315.6  
317.3  317.5  319.3  322.2  325.2  327.1  328.1  328.1  327.3  326.2  325  323.6  322.1  320.4  318.6  316.6  
