318  318.7  319.7  320.8  321.7  322  321.9  321.5  321  320.9  321.6  322.6  323.2  323.2  
318  318.7  319.7  320.9  321.8  322.1  321.9  321.5  321.1  321  321.6  322.6  323.3  323.3  
318  318.8  319.8  321  322  322.3  322.2  321.9  321.5  321.4  322.1  323.2  323.9  323.9  
318  318.7  319.8  321  321.9  322.2  322.1  321.7  321.3  321.3  321.9  323  323.6  323.6  
318.1  319  320.1  321.5  322.5  323  323  322.8  322.5  322.6  323.4  324.6  325.4  325.5  
318.1  318.9  320  321.3  322.4  322.8  322.8  322.5  322.2  322.3  323  324.1  324.9  325  
318.1  319  320.2  321.5  322.6  323  323.1  322.9  322.6  322.7  323.5  324.6  325.5  325.6  
318.1  319.1  320.4  321.8  322.9  323.5  323.6  323.4  323.2  323.4  324.2  325.5  326.3  326.5  
318  318.8  319.9  321.1  322.1  322.4  322.3  322  321.6  321.6  322.3  323.4  324.1  324.1  
318.1  319.1  320.3  321.7  322.9  323.4  323.5  323.4  323.2  323.4  324.2  325.4  326.3  326.5  
318.1  318.9  320.1  321.4  322.4  322.9  322.9  322.6  322.4  322.4  323.2  324.3  325.1  325.2  
318  318.7  319.7  320.9  321.9  322.2  322  321.6  321.2  321.2  321.8  322.8  323.5  323.5  
318.1  318.9  320  321.2  322.3  322.7  322.6  322.3  322  322  322.7  323.8  324.6  324.6  
318  318.8  319.9  321.2  322.2  322.5  322.5  322.1  321.8  321.8  322.5  323.6  324.3  324.4  
318.1  319.1  320.3  321.7  322.8  323.3  323.4  323.2  323  323.1  323.9  325.1  326  326.2  
318.1  319  320.2  321.6  322.7  323.2  323.2  323  322.8  322.9  323.7  324.9  325.7  325.9  
318.1  319.1  320.3  321.7  322.8  323.3  323.4  323.2  323  323.1  323.9  325.1  326  326.2  
318.1  318.9  320  321.2  322.3  322.7  322.6  322.3  322  322.1  322.8  323.9  324.6  324.7  
318.1  319  320.2  321.6  322.7  323.2  323.2  323  322.8  322.9  323.7  324.9  325.7  325.9  
318  318.8  319.9  321.2  322.2  322.5  322.5  322.2  321.8  321.8  322.5  323.6  324.3  324.4  
