317  315.4  313.8  312.2  310.5  308.9  307.3  305.8  305  305.2  306.6  308.8  312.6  318.3  323.1  325.6  326.3  326.2  325.8  325.2  324.4  323.5  322.4  321.1  
317  315.5  313.9  312.4  310.8  309.2  307.7  306.3  305.5  305.9  307.2  309.5  313.3  318.9  323.7  326.2  327  326.9  326.5  326  325.2  324.3  323.3  322.1  
316.9  315.2  313.5  311.7  309.9  308.1  306.3  304.7  303.7  303.8  305  307.1  311  316.8  321.7  324.2  324.8  324.6  324.1  323.4  322.5  321.4  320.2  318.7  
317  315.5  314  312.5  310.9  309.4  307.9  306.6  305.9  306.2  307.6  309.9  313.7  319.3  324  326.5  327.3  327.3  326.9  326.4  325.7  324.8  323.8  322.6  
317  315.6  314.1  312.6  311  309.6  308.2  306.8  306.1  306.5  307.9  310.3  314  319.6  324.3  326.9  327.7  327.6  327.3  326.8  326.1  325.3  324.3  323.1  
317  315.4  313.9  312.2  310.6  309  307.5  306  305.2  305.5  306.8  309.1  312.9  318.6  323.4  325.9  326.6  326.5  326.1  325.5  324.8  323.9  322.8  321.6  
316.9  315.4  313.7  312.1  310.4  308.7  307.1  305.6  304.7  304.9  306.2  308.4  312.2  318  322.8  325.2  326  325.8  325.4  324.8  324  323  321.8  320.5  
317  315.6  314.1  312.6  311.1  309.7  308.3  307  306.3  306.7  308.2  310.5  314.3  319.9  324.6  327.1  327.9  327.9  327.6  327.1  326.4  325.6  324.6  323.5  
317  315.7  314.3  312.8  311.4  310.1  308.8  307.6  307  307.4  308.9  311.3  315  320.5  325.2  327.8  328.7  328.6  328.4  328  327.3  326.5  325.6  324.6  
317  315.6  314.2  312.7  311.3  309.9  308.5  307.3  306.6  307.1  308.6  310.9  314.6  320.2  324.9  327.4  328.3  328.3  328  327.5  326.9  326.1  325.1  324  
317  315.5  314  312.4  310.8  309.2  307.7  306.4  305.6  305.9  307.3  309.6  313.4  319  323.8  326.2  327  326.9  326.6  326  325.3  324.4  323.4  322.2  
316.9  315.3  313.6  311.8  310.1  308.3  306.6  305  304.1  304.2  305.4  307.6  311.5  317.3  322.1  324.6  325.2  325  324.6  323.9  323  322  320.8  319.4  
316.9  315.2  313.5  311.7  309.8  308  306.3  304.6  303.6  303.7  304.9  307  310.9  316.7  321.6  324.1  324.7  324.5  324  323.3  322.3  321.3  320  318.5  
316.9  315.3  313.7  312  310.2  308.5  306.9  305.3  304.3  304.6  305.9  308.1  311.9  317.7  322.5  325  325.7  325.5  325.1  324.4  323.6  322.6  321.4  320.1  
316.9  315.4  313.8  312.1  310.4  308.7  307.1  305.6  304.8  305  306.3  308.5  312.3  318.1  322.9  325.3  326.1  325.9  325.5  324.9  324.1  323.1  322  320.7  
317.1  315.7  314.3  312.9  311.6  310.2  309  307.8  307.2  307.7  309.3  311.6  315.3  320.8  325.5  328.1  329  329  328.8  328.3  327.7  327  326.1  325  
317.1  315.7  314.3  312.9  311.6  310.2  309  307.8  307.2  307.7  309.3  311.6  315.3  320.8  325.5  328.1  329  329  328.8  328.3  327.7  327  326.1  325  
316.9  315.3  313.6  311.8  310.1  308.3  306.6  305  304.1  304.2  305.4  307.6  311.5  317.3  322.2  324.6  325.3  325  324.6  323.9  323.1  322  320.8  319.4  
317  315.6  314.2  312.7  311.3  309.9  308.5  307.3  306.7  307.1  308.6  310.9  314.6  320.2  324.9  327.5  328.3  328.3  328  327.5  326.9  326.1  325.1  324.1  
316.9  315.3  313.7  312  310.2  308.5  306.9  305.3  304.3  304.6  305.9  308.1  311.9  317.7  322.5  325  325.7  325.5  325.1  324.4  323.6  322.6  321.4  320.1  
