317.3  317.5  319.1  322.1  325  326.9  327.8  327.8  327  325.8  324.6  323.1  321.6  319.9  318  315.9  
317.3  317.3  318.8  321.7  324.5  326.3  327.1  326.9  326  324.7  323.3  321.7  320  318  315.9  313.5  
317.3  317.3  318.9  321.7  324.6  326.4  327.2  327.1  326.2  324.9  323.6  322  320.3  318.4  316.3  314  
317.3  317.4  319  321.9  324.7  326.6  327.4  327.4  326.5  325.3  323.9  322.4  320.8  318.9  316.9  314.7  
317.3  317.4  319  321.9  324.8  326.7  327.5  327.5  326.6  325.5  324.1  322.6  321  319.2  317.2  315.1  
317.3  317.3  318.9  321.7  324.6  326.4  327.2  327.1  326.2  324.9  323.6  322  320.3  318.4  316.3  314  
317.2  317.2  318.8  321.6  324.4  326.2  327  326.8  325.9  324.6  323.2  321.6  319.8  317.9  315.7  313.3  
317.3  317.3  318.9  321.8  324.7  326.5  327.3  327.2  326.3  325.1  323.7  322.2  320.5  318.7  316.6  314.4  
317.3  317.4  319  322  324.9  326.7  327.6  327.5  326.7  325.5  324.2  322.8  321.1  319.4  317.4  315.3  
317.3  317.4  319.1  322  324.9  326.7  327.6  327.5  326.7  325.5  324.2  322.8  321.1  319.4  317.4  315.3  
317.3  317.3  318.9  321.8  324.7  326.5  327.3  327.2  326.4  325.1  323.8  322.2  320.6  318.7  316.7  314.4  
317.2  317.1  318.6  321.4  324.2  325.9  326.7  326.5  325.5  324.2  322.7  321  319.1  317  314.7  312.2  
317.2  317.2  318.7  321.5  324.3  326.1  326.8  326.7  325.7  324.4  322.9  321.3  319.5  317.4  315.2  312.8  
317.2  317  318.3  321.1  323.8  325.4  326.1  325.8  324.7  323.2  321.6  319.8  317.7  315.4  312.9  310.1  
317.1  316.9  318.3  321  323.7  325.3  325.9  325.6  324.5  323  321.4  319.5  317.4  315  312.5  309.6  
317.1  316.8  318.1  320.7  323.3  324.9  325.4  325  323.9  322.3  320.5  318.5  316.2  313.7  311  307.8  
317.1  316.7  318  320.6  323.2  324.7  325.2  324.8  323.6  321.9  320.1  318  315.7  313.1  310.2  306.9  
317.2  317.1  318.5  321.3  324.1  325.8  326.5  326.2  325.2  323.9  322.3  320.6  318.7  316.5  314.2  311.6  
317.1  316.7  317.9  320.5  323.1  324.6  325.1  324.6  323.4  321.7  319.9  317.8  315.4  312.7  309.8  306.4  
317.1  316.8  318.1  320.8  323.5  325  325.6  325.2  324.1  322.6  320.8  318.9  316.7  314.2  311.5  308.5  
