316.9  315.4  313.8  312.1  310.4  308.7  307.1  305.6  304.7  305  306.3  308.5  312.3  318.1  322.9  325.3  326.1  325.9  325.5  324.9  324.1  323.1  322  320.7  
316.9  315.3  313.7  312  310.3  308.6  307  305.5  304.6  304.8  306.1  308.3  312.1  317.9  322.7  325.1  325.9  325.7  325.3  324.6  323.8  322.8  321.7  320.4  
316.9  315.2  313.4  311.6  309.7  307.9  306.1  304.5  303.4  303.5  304.6  306.8  310.7  316.5  321.4  323.9  324.5  324.2  323.7  323  322.1  321  319.7  318.1  
317  315.4  313.8  312.2  310.5  308.8  307.3  305.8  305  305.2  306.5  308.8  312.6  318.3  323.1  325.6  326.3  326.1  325.8  325.1  324.4  323.4  322.3  321.1  
316.9  315.3  313.6  311.9  310.1  308.4  306.7  305.1  304.2  304.3  305.5  307.7  311.6  317.4  322.2  324.7  325.4  325.2  324.7  324  323.2  322.2  321  319.6  
316.9  315.3  313.7  312  310.2  308.5  306.9  305.3  304.3  304.6  305.9  308.1  311.9  317.7  322.5  325  325.7  325.5  325  324.4  323.6  322.6  321.4  320.1  
316.9  315.3  313.6  311.8  310  308.2  306.5  304.9  303.9  304.1  305.3  307.4  311.3  317.1  322  324.4  325.1  324.9  324.4  323.7  322.8  321.8  320.6  319.1  
316.9  315.2  313.4  311.5  309.6  307.8  306  304.3  303.2  303.2  304.3  306.5  310.4  316.2  321.2  323.6  324.2  324  323.4  322.7  321.7  320.6  319.3  317.7  
316.9  315.1  313.4  311.5  309.6  307.7  305.9  304.2  303.1  303.1  304.3  306.4  310.3  316.1  321.1  323.5  324.1  323.8  323.3  322.6  321.6  320.4  319.1  317.5  
317  315.6  314.1  312.6  311  309.5  308.1  306.8  306.1  306.5  307.9  310.2  314  319.6  324.3  326.8  327.6  327.5  327.3  326.8  326  325.2  324.2  323.1  
316.9  315.2  313.5  311.7  309.9  308.1  306.3  304.7  303.7  303.8  305  307.1  311  316.8  321.7  324.2  324.8  324.6  324.1  323.4  322.5  321.4  320.2  318.7  
317  315.5  314  312.4  310.9  309.4  307.9  306.5  305.8  306.1  307.5  309.8  313.6  319.2  324  326.5  327.3  327.2  326.9  326.3  325.6  324.7  323.7  322.5  
317  315.6  314.1  312.7  311.2  309.7  308.4  307.1  306.4  306.8  308.3  310.6  314.3  319.9  324.6  327.2  328  328  327.7  327.2  326.5  325.7  324.7  323.6  
317  315.4  313.9  312.2  310.6  309  307.5  306  305.2  305.5  306.8  309.1  312.9  318.6  323.4  325.8  326.6  326.4  326.1  325.5  324.7  323.8  322.7  321.5  
317  315.5  313.9  312.3  310.7  309.2  307.7  306.3  305.5  305.8  307.1  309.4  313.2  318.9  323.7  326.1  326.9  326.8  326.4  325.9  325.1  324.2  323.2  322  
317  315.6  314.2  312.7  311.2  309.8  308.5  307.2  306.6  307  308.5  310.8  314.5  320.1  324.8  327.4  328.2  328.2  327.9  327.4  326.8  325.9  325  323.9  
317  315.6  314.1  312.5  311  309.5  308.1  306.8  306.1  306.5  307.9  310.2  313.9  319.6  324.3  326.8  327.6  327.5  327.2  326.7  326  325.2  324.2  323  
317  315.5  314  312.4  310.9  309.3  307.9  306.5  305.7  306.1  307.5  309.8  313.5  319.2  323.9  326.4  327.2  327.1  326.8  326.2  325.5  324.6  323.6  322.4  
317  315.6  314.2  312.7  311.2  309.8  308.5  307.2  306.6  307  308.5  310.8  314.5  320.1  324.8  327.4  328.2  328.2  327.9  327.4  326.8  325.9  325  323.9  
317  315.5  313.9  312.3  310.7  309.2  307.7  306.3  305.5  305.8  307.1  309.4  313.2  318.9  323.7  326.1  326.9  326.8  326.4  325.9  325.1  324.2  323.2  322  
