317  315.5  313.9  312.3  310.7  309.1  307.6  306.2  305.4  305.7  307  309.3  313.1  318.8  323.6  326  326.8  326.7  326.3  325.7  325  324.1  323  321.8  
317  315.5  314  312.4  310.9  309.3  307.9  306.5  305.7  306.1  307.5  309.8  313.5  319.2  323.9  326.4  327.2  327.1  326.8  326.2  325.5  324.6  323.6  322.4  
316.9  315.4  313.8  312.1  310.4  308.7  307.1  305.6  304.8  305  306.3  308.5  312.4  318.1  322.9  325.3  326.1  325.9  325.5  324.9  324.1  323.1  322  320.7  
316.9  315.3  313.7  312  310.3  308.6  307  305.4  304.5  304.7  306  308.2  312.1  317.8  322.6  325.1  325.8  325.6  325.2  324.6  323.7  322.8  321.6  320.3  
317  315.5  314  312.4  310.8  309.3  307.8  306.4  305.6  305.9  307.3  309.6  313.4  319  323.8  326.3  327.1  327  326.6  326.1  325.3  324.5  323.4  322.2  
317  315.4  313.9  312.3  310.6  309.1  307.5  306.1  305.3  305.6  306.9  309.2  313  318.7  323.5  325.9  326.7  326.6  326.2  325.6  324.9  324  322.9  321.7  
317  315.5  313.9  312.3  310.8  309.2  307.7  306.3  305.5  305.8  307.2  309.5  313.3  318.9  323.7  326.2  327  326.8  326.5  325.9  325.2  324.3  323.3  322.1  
316.9  315.3  313.7  312  310.3  308.6  307  305.5  304.6  304.8  306.1  308.3  312.1  317.9  322.7  325.1  325.9  325.7  325.3  324.6  323.8  322.8  321.7  320.4  
316.9  315.3  313.7  311.9  310.2  308.5  306.8  305.3  304.3  304.5  305.7  308  311.8  317.6  322.4  324.9  325.6  325.4  324.9  324.3  323.4  322.4  321.2  319.9  
317  315.5  314  312.5  310.9  309.4  308  306.6  305.9  306.3  307.7  310  313.7  319.4  324.1  326.6  327.4  327.3  327  326.5  325.7  324.9  323.9  322.7  
316.9  315.3  313.6  311.9  310.2  308.4  306.7  305.2  304.2  304.3  305.6  307.9  311.7  317.5  322.3  324.8  325.5  325.3  324.8  324.2  323.3  322.3  321.1  319.7  
317  315.5  314  312.5  311  309.5  308  306.7  306  306.3  307.7  310  313.8  319.4  324.2  326.7  327.5  327.4  327.1  326.5  325.8  325  324  322.8  
316.9  315.3  313.7  312  310.2  308.5  306.9  305.3  304.3  304.6  305.9  308.1  311.9  317.7  322.5  325  325.7  325.5  325  324.4  323.6  322.6  321.4  320.1  
316.9  315.3  313.6  311.9  310.1  308.4  306.7  305.1  304.2  304.3  305.5  307.7  311.6  317.4  322.2  324.7  325.4  325.1  324.7  324  323.2  322.2  321  319.6  
317  315.4  313.8  312.2  310.6  308.9  307.4  305.9  305.1  305.4  306.7  309  312.8  318.5  323.3  325.7  326.5  326.3  326  325.4  324.6  323.7  322.6  321.3  
317  315.4  313.8  312.1  310.5  308.8  307.3  305.8  304.9  305.2  306.5  308.8  312.6  318.3  323.1  325.5  326.3  326.1  325.7  325.1  324.3  323.4  322.3  321  
317  315.4  313.8  312.2  310.6  308.9  307.4  305.9  305.1  305.4  306.7  309  312.8  318.5  323.3  325.7  326.5  326.3  326  325.4  324.6  323.7  322.6  321.3  
316.9  315.4  313.8  312.1  310.4  308.7  307.1  305.6  304.7  305  306.3  308.5  312.3  318  322.9  325.3  326  325.9  325.5  324.9  324.1  323.1  322  320.7  
317  315.4  313.8  312.1  310.5  308.8  307.3  305.8  304.9  305.2  306.5  308.8  312.6  318.3  323.1  325.5  326.3  326.1  325.7  325.1  324.3  323.4  322.3  321  
317  315.5  314  312.4  310.8  309.3  307.8  306.5  305.7  306.1  307.4  309.8  313.5  319.2  323.9  326.4  327.2  327.1  326.8  326.2  325.5  324.6  323.6  322.4  
