316.9  315.4  313.7  312.1  310.4  308.7  307.1  305.6  304.7  304.9  306.2  308.5  312.3  318  322.9  325.3  326  325.9  325.5  324.8  324  323.1  321.9  320.6  
317  315.4  313.8  312.2  310.5  308.9  307.3  305.9  305  305.3  306.6  308.9  312.7  318.4  323.2  325.6  326.4  326.2  325.9  325.3  324.5  323.5  322.4  321.2  
317  315.5  314  312.4  310.8  309.3  307.8  306.5  305.7  306.1  307.4  309.8  313.5  319.2  323.9  326.4  327.2  327.1  326.8  326.2  325.5  324.6  323.6  322.4  
317  315.5  314  312.5  311  309.5  308  306.7  306  306.3  307.7  310.1  313.8  319.4  324.2  326.7  327.5  327.4  327.1  326.6  325.8  325  324  322.8  
317  315.6  314.1  312.6  311.1  309.7  308.3  307  306.3  306.7  308.1  310.4  314.2  319.8  324.5  327  327.9  327.8  327.5  327  326.3  325.5  324.5  323.4  
317  315.6  314.2  312.7  311.2  309.7  308.4  307.1  306.4  306.8  308.3  310.6  314.4  319.9  324.7  327.2  328  328  327.7  327.2  326.5  325.7  324.7  323.7  
316.9  315.3  313.7  312  310.2  308.5  306.9  305.3  304.3  304.6  305.9  308.1  311.9  317.7  322.5  325  325.7  325.5  325.1  324.4  323.6  322.6  321.4  320.1  
317  315.5  313.9  312.3  310.7  309.1  307.6  306.2  305.4  305.7  307  309.3  313.1  318.8  323.6  326  326.8  326.7  326.3  325.7  325  324.1  323  321.8  
316.9  315.3  313.6  311.8  310.1  308.3  306.6  305  304.1  304.2  305.4  307.6  311.5  317.3  322.2  324.6  325.3  325  324.6  323.9  323.1  322  320.8  319.4  
317  315.7  314.2  312.8  311.4  310  308.7  307.4  306.8  307.3  308.8  311.1  314.8  320.4  325.1  327.6  328.5  328.5  328.2  327.8  327.1  326.3  325.4  324.3  
317  315.7  314.2  312.8  311.4  310  308.7  307.4  306.8  307.3  308.8  311.1  314.8  320.4  325.1  327.6  328.5  328.5  328.2  327.8  327.1  326.3  325.4  324.3  
316.9  315.3  313.6  311.9  310.1  308.3  306.6  305.1  304.1  304.3  305.5  307.7  311.5  317.3  322.2  324.6  325.3  325.1  324.6  324  323.1  322.1  320.9  319.5  
317.1  316  314.8  313.6  312.4  311.3  310.3  309.3  309  309.7  311.3  313.6  317.3  322.7  327.4  330  330.9  331  331  330.7  330.3  329.7  328.9  328.1  
317.1  315.9  314.7  313.5  312.3  311.2  310.1  309.2  308.8  309.5  311.1  313.4  317.1  322.5  327.2  329.8  330.8  330.9  330.8  330.5  330  329.4  328.7  327.8  
317.1  315.8  314.5  313.2  311.9  310.7  309.5  308.4  308  308.6  310.1  312.5  316.2  321.6  326.3  328.9  329.8  329.9  329.7  329.4  328.8  328.1  327.3  326.3  
317.1  315.8  314.5  313.2  311.8  310.6  309.4  308.3  307.8  308.4  310  312.3  316  321.4  326.1  328.7  329.7  329.7  329.5  329.2  328.6  327.9  327  326.1  
317.1  315.7  314.4  313  311.6  310.3  309.1  308  307.4  307.9  309.5  311.8  315.5  321  325.7  328.3  329.2  329.2  329  328.6  328  327.2  326.3  325.3  
317.1  315.9  314.6  313.4  312.1  311  309.9  308.9  308.5  309.1  310.7  313.1  316.8  322.1  326.8  329.5  330.4  330.5  330.4  330.1  329.6  328.9  328.1  327.2  
317.1  315.7  314.4  313  311.6  310.3  309.1  307.9  307.3  307.9  309.4  311.7  315.4  320.9  325.6  328.2  329.1  329.1  328.9  328.5  327.9  327.1  326.2  325.2  
317.1  315.9  314.6  313.3  312.1  310.9  309.8  308.8  308.4  309  310.6  313  316.7  322  326.7  329.4  330.3  330.4  330.3  329.9  329.4  328.8  328  327  
