317.7  316.7  316.4  316.8  317.3  318.1  319.5  321.3  322.8  324  325.1  325.9  326.5  326.6  326.5  326.1  325.5  324.5  
317.6  316.4  315.9  316.1  316.4  317  318.3  320  321.4  322.5  323.3  324  324.4  324.5  324.1  323.6  322.7  321.6  
317.6  316.4  315.9  316.2  316.6  317.2  318.5  320.2  321.6  322.7  323.6  324.3  324.8  324.8  324.5  324  323.2  322.1  
317.7  316.6  316.3  316.7  317.2  317.9  319.3  321.1  322.6  323.8  324.8  325.6  326.1  326.3  326.1  325.7  325  324.1  
317.6  316.3  315.8  316  316.3  316.9  318.1  319.8  321.2  322.2  323.1  323.8  324.2  324.2  323.8  323.2  322.4  321.2  
317.7  316.6  316.2  316.5  317.1  317.7  319.1  320.9  322.4  323.5  324.5  325.3  325.8  325.9  325.7  325.3  324.6  323.6  
317.6  316.5  316.1  316.4  316.9  317.6  318.9  320.7  322.1  323.3  324.2  325  325.5  325.5  325.3  324.8  324.1  323.1  
317.6  316.3  315.7  315.8  316.2  316.7  317.9  319.6  320.9  322  322.8  323.5  323.8  323.8  323.4  322.8  321.9  320.7  
317.5  316.2  315.6  315.7  316  316.5  317.7  319.3  320.7  321.7  322.5  323.1  323.5  323.4  323  322.3  321.4  320.1  
317.6  316.5  316  316.3  316.7  317.4  318.7  320.4  321.8  323  323.9  324.7  325.1  325.2  324.9  324.4  323.6  322.6  
317.6  316.4  315.9  316.2  316.6  317.2  318.4  320.2  321.6  322.7  323.6  324.3  324.7  324.7  324.5  323.9  323.1  322  
317.6  316.5  316.1  316.4  316.9  317.6  318.9  320.7  322.1  323.3  324.2  325  325.5  325.6  325.3  324.9  324.1  323.1  
317.6  316.3  315.7  315.9  316.2  316.7  317.9  319.6  320.9  322  322.8  323.5  323.8  323.8  323.4  322.8  321.9  320.7  
317.7  316.6  316.3  316.7  317.2  318  319.3  321.1  322.6  323.8  324.8  325.7  326.2  326.3  326.2  325.8  325.1  324.1  
317.6  316.3  315.8  316  316.3  316.9  318.1  319.8  321.2  322.2  323.1  323.8  324.1  324.1  323.8  323.2  322.3  321.1  
317.7  316.7  316.4  316.8  317.4  318.2  319.6  321.4  323  324.2  325.2  326.1  326.7  326.8  326.7  326.3  325.7  324.8  
317.5  316.2  315.6  315.7  316  316.5  317.7  319.3  320.7  321.7  322.5  323.1  323.5  323.4  323  322.3  321.4  320.1  
317.6  316.5  316  316.3  316.7  317.4  318.7  320.4  321.9  323  323.9  324.7  325.1  325.2  324.9  324.4  323.7  322.6  
317.7  316.6  316.2  316.5  317.1  317.8  319.1  320.9  322.4  323.5  324.5  325.3  325.8  325.9  325.7  325.3  324.6  323.6  
317.7  316.7  316.4  316.8  317.4  318.2  319.6  321.4  323  324.2  325.2  326.1  326.7  326.8  326.7  326.3  325.7  324.8  
