317  315.6  314.1  312.6  311.1  309.6  308.2  306.9  306.2  306.6  308  310.4  314.1  319.7  324.4  327  327.8  327.7  327.4  326.9  326.2  325.4  324.4  323.3  
317  315.5  314.1  312.5  311  309.5  308.1  306.7  306  306.4  307.8  310.1  313.9  319.5  324.2  326.7  327.5  327.5  327.2  326.6  325.9  325.1  324.1  323  
316.9  315.2  313.4  311.6  309.7  307.8  306  304.3  303.3  303.3  304.5  306.6  310.5  316.3  321.3  323.7  324.3  324.1  323.6  322.8  321.9  320.7  319.4  317.9  
316.9  315.2  313.4  311.5  309.6  307.8  306  304.3  303.2  303.3  304.3  306.5  310.4  316.2  321.2  323.6  324.2  324  323.5  322.7  321.7  320.6  319.3  317.7  
316.9  315.3  313.6  311.8  310  308.3  306.6  305  304  304.1  305.4  307.5  311.4  317.2  322.1  324.5  325.2  325  324.5  323.8  323  321.9  320.7  319.3  
316.9  315.1  313.3  311.4  309.4  307.5  305.6  303.9  302.7  302.7  303.8  305.9  309.8  315.7  320.7  323.1  323.7  323.4  322.8  322  321  319.8  318.4  316.8  
317  315.5  314  312.4  310.8  309.2  307.8  306.4  305.6  305.9  307.3  309.6  313.4  319  323.8  326.3  327.1  327  326.6  326.1  325.3  324.4  323.4  322.2  
316.9  315.2  313.5  311.7  309.9  308  306.3  304.7  303.6  303.7  304.9  307  310.9  316.7  321.7  324.1  324.7  324.5  324  323.3  322.4  321.3  320  318.6  
316.8  315.1  313.2  311.3  309.3  307.3  305.4  303.7  302.5  302.5  303.5  305.6  309.5  315.4  320.4  322.8  323.4  323.1  322.5  321.7  320.7  319.4  318  316.3  
317  315.4  313.9  312.2  310.6  309  307.5  306  305.2  305.5  306.8  309.1  312.9  318.6  323.4  325.8  326.6  326.5  326.1  325.5  324.8  323.8  322.8  321.5  
316.9  315.4  313.8  312.1  310.4  308.8  307.2  305.7  304.8  305.1  306.4  308.6  312.4  318.1  323  325.4  326.1  326  325.6  325  324.2  323.2  322.1  320.8  
317  315.6  314.2  312.7  311.3  309.9  308.5  307.3  306.6  307.1  308.6  310.9  314.6  320.2  324.9  327.4  328.3  328.3  328  327.5  326.9  326  325.1  324  
317  315.6  314.2  312.8  311.3  309.9  308.6  307.3  306.7  307.1  308.6  310.9  314.7  320.2  324.9  327.5  328.3  328.3  328  327.5  326.9  326.1  325.2  324.1  
316.8  315.1  313.2  311.3  309.3  307.3  305.4  303.6  302.4  302.4  303.5  305.5  309.4  315.3  320.4  322.8  323.4  323  322.4  321.6  320.6  319.3  317.9  316.2  
316.9  315.3  313.7  312  310.2  308.5  306.9  305.3  304.3  304.6  305.9  308.1  311.9  317.7  322.5  325  325.7  325.5  325  324.4  323.6  322.6  321.4  320.1  
316.8  315  313.1  311.2  309.1  307.1  305.1  303.3  302.1  302  303  305.1  308.9  314.9  320  322.4  323  322.6  322  321.1  320  318.8  317.2  315.5  
316.9  315.3  313.7  312  310.2  308.5  306.9  305.3  304.3  304.6  305.9  308.1  311.9  317.7  322.5  325  325.7  325.5  325  324.4  323.6  322.6  321.4  320.1  
317  315.5  314  312.4  310.8  309.2  307.8  306.4  305.6  305.9  307.3  309.6  313.4  319  323.8  326.3  327.1  326.9  326.6  326.1  325.3  324.4  323.4  322.2  
316.9  315.4  313.8  312.1  310.4  308.8  307.2  305.7  304.8  305.1  306.4  308.6  312.4  318.2  323  325.4  326.2  326  325.6  325  324.2  323.2  322.1  320.8  
316.9  315.3  313.6  311.8  310  308.3  306.5  305  304  304.1  305.3  307.5  311.4  317.2  322.1  324.5  325.2  324.9  324.5  323.8  322.9  321.9  320.7  319.3  
