317.5  317.9  319.8  322.9  326  328.1  329.3  329.5  328.9  328  327  325.8  324.5  323.2  321.7  320.1  
317.5  318  320  323.2  326.4  328.6  329.8  330.1  329.6  328.8  327.9  326.8  325.6  324.4  323  321.6  
317.4  317.8  319.6  322.7  325.8  327.8  328.9  329.1  328.5  327.5  326.4  325.2  323.8  322.4  320.9  319.2  
317.4  317.7  319.5  322.6  325.6  327.5  328.6  328.7  328.1  327  325.9  324.6  323.2  321.7  320.1  318.3  
317.5  318.1  320.2  323.4  326.6  328.8  330.1  330.4  330  329.2  328.3  327.3  326.1  324.9  323.7  322.3  
317.5  318  319.9  323.1  326.2  328.4  329.5  329.8  329.2  328.4  327.4  326.2  325  323.7  322.3  320.8  
317.3  317.3  318.9  321.8  324.7  326.5  327.4  327.3  326.4  325.2  323.8  322.3  320.6  318.8  316.7  314.5  
317.4  317.6  319.3  322.3  325.3  327.2  328.2  328.3  327.5  326.4  325.2  323.9  322.4  320.8  319  317.1  
317.3  317.5  319.1  322.1  325  326.9  327.8  327.7  326.9  325.8  324.5  323  321.5  319.7  317.8  315.8  
317.3  317.5  319.1  322.1  325  326.9  327.8  327.8  327  325.8  324.5  323.1  321.5  319.8  317.9  315.8  
317.6  318.2  320.2  323.5  326.7  329  330.2  330.5  330.1  329.4  328.5  327.5  326.4  325.2  324  322.6  
317.6  318.3  320.4  323.7  327  329.2  330.5  330.9  330.5  329.9  329.1  328.1  327.1  325.9  324.7  323.5  
317.4  317.7  319.5  322.5  325.5  327.5  328.6  328.7  328  327  325.8  324.5  323.1  321.6  320  318.2  
317.4  317.8  319.7  322.8  325.8  327.9  329  329.2  328.6  327.6  326.5  325.3  324  322.6  321  319.4  
317.5  318  319.9  323.1  326.2  328.4  329.6  329.8  329.3  328.4  327.4  326.3  325.1  323.8  322.4  320.9  
317.3  317.3  318.9  321.8  324.6  326.4  327.3  327.2  326.3  325  323.7  322.1  320.4  318.5  316.5  314.2  
317.6  318.3  320.4  323.7  327  329.3  330.5  330.9  330.5  329.9  329.1  328.1  327.1  325.9  324.8  323.5  
317.4  317.6  319.3  322.3  325.3  327.2  328.2  328.3  327.5  326.5  325.2  323.9  322.4  320.8  319.1  317.1  
317.5  318  320  323.2  326.4  328.6  329.8  330.1  329.7  328.8  327.9  326.8  325.6  324.4  323  321.6  
317.5  317.9  319.8  322.9  326  328.1  329.3  329.5  328.9  328  327  325.8  324.5  323.2  321.7  320.1  
