317.4  317.8  319.6  322.7  325.8  327.8  328.9  329.1  328.5  327.5  326.4  325.2  323.8  322.4  320.8  319.2  
317.4  317.7  319.5  322.6  325.6  327.6  328.7  328.8  328.1  327.1  326  324.7  323.3  321.8  320.2  318.4  
317.4  317.6  319.3  322.3  325.3  327.2  328.2  328.2  327.5  326.4  325.1  323.8  322.3  320.7  318.9  317  
317.3  317.3  318.8  321.7  324.5  326.3  327.1  327  326.1  324.8  323.4  321.8  320.1  318.2  316  313.7  
317.4  317.8  319.7  322.8  325.9  328  329.1  329.3  328.7  327.8  326.7  325.5  324.2  322.8  321.3  319.7  
317.4  317.7  319.4  322.5  325.5  327.5  328.5  328.6  327.9  326.8  325.7  324.4  322.9  321.4  319.7  317.9  
317.3  317.3  318.9  321.8  324.7  326.5  327.3  327.2  326.3  325.1  323.7  322.2  320.5  318.6  316.6  314.3  
317.2  317.2  318.7  321.5  324.3  326.1  326.8  326.7  325.7  324.4  323  321.3  319.5  317.5  315.2  312.8  
317.5  317.9  319.8  323  326.1  328.2  329.4  329.6  329.1  328.2  327.1  326  324.7  323.4  321.9  320.4  
317.3  317.5  319.2  322.1  325.1  327  327.9  327.9  327.1  326  324.7  323.3  321.7  320.1  318.2  316.1  
317.3  317.4  319  322  324.9  326.7  327.6  327.5  326.7  325.5  324.2  322.7  321.1  319.4  317.4  315.3  
317.2  317.1  318.5  321.3  324  325.7  326.4  326.2  325.1  323.8  322.2  320.5  318.5  316.3  314  311.3  
317.1  316.7  317.9  320.6  323.1  324.6  325.2  324.7  323.5  321.9  320  317.9  315.6  313  310.1  306.7  
317.1  316.8  318.1  320.8  323.4  325  325.5  325.2  324  322.5  320.7  318.7  316.5  314  311.3  308.2  
317.5  318.1  320.1  323.3  326.5  328.7  329.9  330.2  329.8  329  328.1  327  325.8  324.6  323.3  321.9  
317.1  316.9  318.3  321  323.7  325.3  325.9  325.6  324.5  323  321.4  319.5  317.4  315  312.5  309.6  
317.5  318.1  320.1  323.3  326.5  328.7  329.9  330.2  329.8  329  328.1  327  325.8  324.6  323.3  321.9  
317.2  317.1  318.5  321.3  324  325.7  326.4  326.2  325.2  323.8  322.2  320.5  318.5  316.4  314  311.4  
317.1  316.7  318  320.6  323.2  324.7  325.2  324.8  323.6  322  320.2  318.1  315.8  313.2  310.4  307.1  
317.1  316.9  318.3  321  323.7  325.3  325.9  325.6  324.5  323  321.4  319.5  317.4  315  312.5  309.6  
