316.9  315.2  313.5  311.7  309.9  308.1  306.3  304.7  303.7  303.8  305  307.2  311  316.8  321.8  324.2  324.8  324.6  324.1  323.4  322.5  321.4  320.2  318.7  
317  315.4  313.8  312.2  310.5  308.9  307.3  305.9  305  305.3  306.6  308.9  312.7  318.4  323.2  325.6  326.4  326.2  325.9  325.3  324.5  323.5  322.4  321.2  
317  315.4  313.9  312.3  310.6  309  307.5  306.1  305.3  305.6  306.9  309.2  313  318.6  323.4  325.9  326.7  326.5  326.2  325.6  324.8  323.9  322.8  321.6  
316.9  315.4  313.8  312.1  310.4  308.7  307.1  305.6  304.8  305  306.3  308.5  312.3  318.1  322.9  325.3  326.1  325.9  325.5  324.9  324.1  323.1  322  320.7  
316.9  315.2  313.4  311.5  309.6  307.7  305.9  304.2  303.2  303.2  304.3  306.4  310.3  316.2  321.2  323.6  324.2  323.9  323.4  322.6  321.7  320.5  319.2  317.6  
316.9  315.3  313.6  311.8  310  308.3  306.6  305  304  304.2  305.4  307.6  311.4  317.2  322.1  324.5  325.2  325  324.5  323.9  323  321.9  320.7  319.3  
316.9  315.1  313.3  311.4  309.5  307.6  305.7  304  302.9  302.9  304  306  309.9  315.8  320.8  323.3  323.9  323.5  323  322.2  321.2  320.1  318.7  317.1  
316.9  315.2  313.4  311.6  309.8  307.9  306.1  304.5  303.4  303.5  304.7  306.8  310.7  316.5  321.5  323.9  324.5  324.3  323.8  323  322.1  321  319.7  318.2  
316.8  315.1  313.2  311.3  309.3  307.4  305.5  303.7  302.6  302.5  303.6  305.7  309.5  315.5  320.5  322.9  323.5  323.2  322.6  321.8  320.8  319.5  318.1  316.4  
316.8  315  313.2  311.3  309.3  307.3  305.4  303.6  302.4  302.3  303.4  305.4  309.3  315.3  320.3  322.7  323.3  323  322.4  321.6  320.5  319.3  317.8  316.1  
317  315.5  314  312.5  310.9  309.4  307.9  306.6  305.9  306.2  307.6  309.9  313.7  319.3  324  326.5  327.3  327.3  326.9  326.4  325.7  324.8  323.8  322.6  
317  315.5  313.9  312.3  310.7  309.2  307.7  306.3  305.5  305.8  307.2  309.5  313.2  318.9  323.7  326.2  326.9  326.8  326.5  325.9  325.2  324.3  323.2  322  
317  315.6  314.2  312.7  311.2  309.8  308.5  307.2  306.5  307  308.4  310.8  314.5  320.1  324.8  327.3  328.2  328.1  327.9  327.4  326.7  325.9  325  323.9  
316.8  315  313.1  311.1  309  307  305  303.2  301.9  301.8  302.9  304.9  308.7  314.7  319.8  322.2  322.8  322.4  321.8  320.9  319.8  318.5  317  315.2  
316.9  315.3  313.7  311.9  310.2  308.5  306.8  305.3  304.3  304.6  305.8  308  311.9  317.6  322.5  324.9  325.6  325.4  325  324.3  323.5  322.5  321.3  320  
317  315.6  314.1  312.6  311.1  309.6  308.2  306.9  306.2  306.6  308  310.3  314.1  319.7  324.4  326.9  327.8  327.7  327.4  326.9  326.2  325.4  324.4  323.3  
317  315.6  314.2  312.7  311.2  309.8  308.5  307.2  306.5  307  308.4  310.8  314.5  320.1  324.8  327.3  328.2  328.1  327.9  327.4  326.7  325.9  325  323.9  
316.8  315  313.1  311.1  309  307  305  303.2  301.9  301.8  302.9  304.9  308.7  314.7  319.8  322.2  322.8  322.4  321.8  320.9  319.8  318.5  317  315.2  
316.9  315.3  313.7  311.9  310.2  308.5  306.8  305.3  304.3  304.6  305.8  308  311.9  317.6  322.5  324.9  325.6  325.4  325  324.3  323.5  322.5  321.3  320  
317  315.6  314.1  312.6  311.1  309.6  308.2  306.9  306.2  306.6  308  310.3  314.1  319.7  324.4  326.9  327.8  327.7  327.4  326.9  326.2  325.4  324.4  323.3  
