316.9  315.3  313.6  311.9  310.2  308.4  306.8  305.2  304.3  304.5  305.7  307.9  311.8  317.5  322.4  324.8  325.5  325.3  324.9  324.2  323.4  322.4  321.2  319.8  
317  315.5  314  312.4  310.9  309.4  307.9  306.5  305.8  306.1  307.5  309.8  313.6  319.2  324  326.5  327.3  327.2  326.8  326.3  325.6  324.7  323.7  322.5  
317  315.6  314.1  312.6  311.1  309.6  308.2  306.9  306.2  306.5  308  310.3  314  319.6  324.4  326.9  327.7  327.6  327.4  326.8  326.1  325.3  324.3  323.2  
317  315.5  314.1  312.5  311  309.5  308.1  306.7  306  306.4  307.8  310.1  313.9  319.5  324.2  326.7  327.5  327.5  327.2  326.6  325.9  325.1  324.1  323  
316.9  315.3  313.7  312  310.3  308.6  306.9  305.4  304.5  304.7  305.9  308.2  312  317.7  322.6  325  325.7  325.5  325.1  324.5  323.7  322.7  321.5  320.2  
316.9  315.4  313.8  312.1  310.5  308.8  307.2  305.8  304.9  305.1  306.4  308.7  312.5  318.2  323  325.5  326.2  326.1  325.7  325.1  324.3  323.3  322.2  320.9  
317  315.5  313.9  312.3  310.7  309.1  307.6  306.2  305.4  305.6  307  309.3  313.1  318.7  323.5  326  326.8  326.6  326.3  325.7  324.9  324  323  321.8  
316.9  315.3  313.6  311.8  310.1  308.3  306.6  305  304.1  304.2  305.4  307.6  311.5  317.3  322.2  324.6  325.3  325  324.6  323.9  323.1  322  320.8  319.4  
317  315.4  313.8  312.2  310.6  309  307.4  306  305.1  305.4  306.7  309  312.8  318.5  323.3  325.7  326.5  326.4  326  325.4  324.6  323.7  322.6  321.4  
317  315.5  313.9  312.4  310.8  309.2  307.7  306.3  305.5  305.9  307.2  309.5  313.3  319  323.7  326.2  327  326.9  326.5  326  325.2  324.3  323.3  322.1  
316.9  315.4  313.7  312  310.3  308.7  307  305.5  304.7  304.9  306.1  308.4  312.2  317.9  322.8  325.2  325.9  325.8  325.4  324.7  323.9  322.9  321.8  320.5  
316.9  315.2  313.5  311.7  309.9  308  306.3  304.7  303.6  303.7  304.9  307.1  310.9  316.8  321.7  324.1  324.8  324.5  324  323.3  322.4  321.3  320.1  318.6  
317  315.6  314.1  312.6  311.1  309.7  308.3  307  306.3  306.7  308.1  310.5  314.2  319.8  324.5  327  327.9  327.8  327.5  327  326.3  325.5  324.5  323.4  
316.9  315.2  313.4  311.6  309.8  307.9  306.1  304.5  303.4  303.5  304.7  306.8  310.7  316.5  321.5  323.9  324.5  324.3  323.8  323  322.1  321  319.7  318.2  
316.9  315.2  313.5  311.8  310  308.2  306.4  304.9  303.9  304  305.2  307.3  311.2  317  321.9  324.3  325  324.8  324.3  323.6  322.7  321.7  320.4  319  
316.9  315.2  313.4  311.6  309.7  307.8  306  304.3  303.3  303.4  304.5  306.6  310.5  316.4  321.3  323.8  324.4  324.1  323.6  322.9  321.9  320.8  319.5  318  
317  315.5  314  312.4  310.9  309.4  307.9  306.5  305.8  306.1  307.5  309.8  313.6  319.2  324  326.5  327.3  327.2  326.8  326.3  325.6  324.7  323.7  322.5  
316.9  315.4  313.8  312.1  310.4  308.8  307.2  305.7  304.9  305.1  306.4  308.7  312.5  318.2  323  325.4  326.2  326  325.6  325  324.2  323.3  322.2  320.9  
317  315.4  313.8  312.2  310.6  308.9  307.4  305.9  305.1  305.4  306.7  309  312.8  318.5  323.3  325.7  326.5  326.3  326  325.4  324.6  323.7  322.6  321.3  
316.9  315.2  313.5  311.8  310  308.2  306.5  304.9  303.9  304  305.2  307.4  311.2  317  321.9  324.4  325  324.8  324.3  323.6  322.7  321.7  320.5  319  
