316.9  315.3  313.6  311.9  310.1  308.4  306.7  305.1  304.2  304.3  305.5  307.7  311.6  317.4  322.3  324.7  325.4  325.2  324.7  324.1  323.2  322.2  321  319.6  
317  315.5  314  312.4  310.8  309.3  307.8  306.4  305.7  306  307.4  309.7  313.5  319.1  323.9  326.3  327.1  327  326.7  326.1  325.4  324.5  323.5  322.3  
317  315.5  314.1  312.5  311  309.5  308.1  306.7  306  306.4  307.8  310.1  313.9  319.5  324.2  326.7  327.5  327.5  327.2  326.6  325.9  325.1  324.1  322.9  
316.9  315.2  313.5  311.6  309.8  308  306.2  304.6  303.5  303.6  304.8  306.9  310.8  316.6  321.6  324  324.6  324.4  323.9  323.1  322.2  321.1  319.8  318.3  
316.9  315.2  313.4  311.6  309.8  307.9  306.1  304.5  303.4  303.5  304.7  306.8  310.7  316.5  321.5  323.9  324.5  324.3  323.8  323  322.1  321  319.7  318.2  
317  315.5  313.9  312.3  310.7  309.1  307.6  306.2  305.4  305.7  307.1  309.4  313.2  318.8  323.6  326.1  326.9  326.7  326.4  325.8  325.1  324.2  323.1  321.9  
316.9  315.2  313.4  311.6  309.7  307.8  306  304.3  303.3  303.3  304.5  306.6  310.5  316.3  321.3  323.7  324.3  324  323.5  322.8  321.8  320.7  319.4  317.9  
316.9  315.3  313.7  312  310.3  308.5  306.9  305.4  304.5  304.7  305.9  308.1  312  317.7  322.6  325  325.7  325.5  325.1  324.5  323.6  322.6  321.5  320.2  
317  315.5  314  312.5  311  309.5  308  306.7  306  306.3  307.7  310  313.8  319.4  324.2  326.7  327.5  327.4  327.1  326.5  325.8  325  324  322.8  
316.9  315.1  313.4  311.5  309.6  307.7  305.9  304.2  303.1  303.2  304.3  306.4  310.3  316.1  321.1  323.5  324.2  323.9  323.3  322.6  321.6  320.5  319.1  317.6  
316.9  315.4  313.8  312.1  310.4  308.7  307.1  305.6  304.8  305  306.3  308.5  312.4  318.1  322.9  325.4  326.1  325.9  325.5  324.9  324.1  323.1  322  320.7  
317  315.5  313.9  312.3  310.7  309.1  307.6  306.2  305.4  305.7  307  309.3  313.1  318.8  323.5  326  326.8  326.7  326.3  325.7  325  324.1  323  321.8  
316.9  315.3  313.7  312  310.3  308.6  306.9  305.4  304.5  304.7  306  308.2  312.1  317.8  322.6  325.1  325.8  325.6  325.2  324.6  323.7  322.7  321.6  320.3  
316.9  315.2  313.5  311.8  310  308.2  306.4  304.8  303.9  304  305.2  307.3  311.2  317  321.9  324.3  325  324.8  324.3  323.6  322.7  321.7  320.4  319  
317  315.6  314.1  312.6  311.1  309.7  308.3  307  306.3  306.7  308.2  310.5  314.3  319.8  324.6  327.1  327.9  327.9  327.6  327.1  326.4  325.6  324.6  323.5  
317  315.4  313.8  312.2  310.5  308.9  307.4  305.9  305.1  305.3  306.6  308.9  312.7  318.4  323.2  325.7  326.4  326.3  325.9  325.3  324.5  323.6  322.5  321.3  
317  315.6  314.1  312.6  311.1  309.7  308.3  307  306.3  306.7  308.2  310.5  314.3  319.8  324.6  327.1  327.9  327.9  327.6  327.1  326.4  325.6  324.6  323.5  
316.9  315.2  313.5  311.8  310  308.2  306.4  304.8  303.9  304  305.2  307.3  311.2  317  321.9  324.3  325  324.8  324.3  323.6  322.7  321.7  320.4  319  
316.9  315.3  313.6  311.9  310.1  308.4  306.7  305.1  304.2  304.3  305.6  307.8  311.6  317.4  322.3  324.7  325.4  325.2  324.7  324.1  323.2  322.2  321  319.6  
317  315.4  313.8  312.2  310.5  308.9  307.4  305.9  305.1  305.3  306.6  308.9  312.7  318.4  323.2  325.7  326.4  326.3  325.9  325.3  324.5  323.6  322.5  321.3  
