317.6  316.5  316.1  316.4  316.9  317.6  318.9  320.7  322.1  323.3  324.2  325  325.5  325.6  325.3  324.9  324.1  323.1  
317.6  316.3  315.7  315.8  316.2  316.7  317.9  319.6  320.9  322  322.8  323.5  323.8  323.8  323.4  322.8  321.9  320.7  
317.6  316.3  315.8  316  316.4  316.9  318.2  319.9  321.3  322.3  323.2  323.9  324.3  324.3  324  323.4  322.5  321.4  
317.6  316.3  315.8  315.9  316.3  316.8  318.1  319.8  321.1  322.2  323.1  323.7  324.1  324.1  323.7  323.1  322.3  321.1  
317.6  316.2  315.7  315.8  316.1  316.6  317.8  319.5  320.8  321.9  322.7  323.4  323.7  323.7  323.3  322.6  321.7  320.5  
317.7  316.6  316.3  316.7  317.3  318.1  319.5  321.3  322.8  324  325  325.8  326.4  326.6  326.4  326  325.4  324.4  
317.7  316.7  316.4  316.8  317.3  318.1  319.5  321.3  322.8  324  325.1  325.9  326.5  326.6  326.5  326.1  325.5  324.5  
317.6  316.4  315.9  316.1  316.5  317.1  318.4  320.1  321.5  322.6  323.4  324.2  324.6  324.6  324.3  323.7  322.9  321.8  
317.6  316.5  316  316.3  316.8  317.4  318.7  320.5  321.9  323  323.9  324.7  325.2  325.2  325  324.5  323.7  322.6  
317.6  316.4  316  316.2  316.6  317.2  318.5  320.3  321.7  322.8  323.7  324.4  324.9  324.9  324.6  324.1  323.3  322.2  
317.7  316.7  316.5  317  317.6  318.4  319.9  321.7  323.2  324.5  325.6  326.5  327.1  327.3  327.2  326.8  326.2  325.4  
317.7  316.6  316.3  316.6  317.2  317.9  319.3  321.1  322.5  323.7  324.7  325.5  326.1  326.2  326  325.6  324.9  324  
317.7  316.8  316.5  317  317.6  318.5  319.9  321.8  323.3  324.6  325.6  326.5  327.2  327.4  327.3  326.9  326.4  325.5  
317.7  316.7  316.4  316.9  317.5  318.3  319.7  321.5  323.1  324.3  325.3  326.2  326.8  327  326.9  326.5  325.9  325  
317.7  316.8  316.6  317.1  317.8  318.6  320.1  321.9  323.5  324.8  325.9  326.8  327.4  327.7  327.6  327.3  326.7  325.9  
317.7  316.5  316.2  316.5  317  317.7  319.1  320.8  322.3  323.5  324.4  325.2  325.7  325.8  325.6  325.2  324.5  323.5  
317.7  316.6  316.3  316.6  317.2  317.9  319.3  321.1  322.5  323.7  324.7  325.5  326.1  326.2  326  325.6  324.9  324  
317.7  316.8  316.6  317.1  317.8  318.6  320.1  321.9  323.5  324.8  325.9  326.8  327.4  327.7  327.6  327.3  326.7  325.9  
317.7  316.5  316.2  316.5  317  317.7  319.1  320.8  322.3  323.5  324.4  325.2  325.7  325.8  325.6  325.2  324.5  323.5  
317.7  316.7  316.4  316.9  317.5  318.3  319.7  321.5  323.1  324.3  325.3  326.2  326.8  327  326.9  326.5  325.9  325  
