317.4  317.6  319.4  322.4  325.3  327.3  328.3  328.3  327.6  326.5  325.3  324  322.5  320.9  319.2  317.3  
317.4  317.8  319.6  322.7  325.8  327.9  329  329.1  328.5  327.5  326.4  325.2  323.9  322.4  320.9  319.2  
317.4  317.7  319.6  322.6  325.7  327.7  328.8  328.9  328.3  327.3  326.1  324.9  323.5  322  320.5  318.7  
317.2  317.2  318.7  321.6  324.3  326.1  326.9  326.7  325.7  324.4  323  321.3  319.5  317.5  315.3  312.9  
317.3  317.5  319.1  322.1  325  326.9  327.8  327.8  327  325.9  324.6  323.1  321.6  319.9  318  315.9  
317.3  317.5  319.2  322.1  325.1  327  327.9  327.9  327.1  326  324.7  323.3  321.8  320.1  318.2  316.2  
317.2  317.2  318.7  321.5  324.3  326  326.7  326.6  325.6  324.3  322.8  321.1  319.3  317.2  315  312.5  
317.4  317.6  319.4  322.4  325.4  327.4  328.4  328.4  327.7  326.6  325.4  324.1  322.7  321.1  319.4  317.5  
317.1  316.9  318.3  321  323.7  325.3  325.9  325.6  324.5  323  321.3  319.4  317.3  315  312.4  309.5  
317.2  317.1  318.5  321.2  324  325.6  326.4  326.1  325.1  323.7  322.1  320.4  318.4  316.2  313.8  311.2  
317.2  317  318.4  321.2  323.9  325.6  326.3  326  325  323.6  322  320.2  318.2  316  313.6  310.9  
317.3  317.4  319  321.9  324.8  326.6  327.5  327.4  326.6  325.4  324  322.5  320.9  319.1  317.1  314.9  
317.3  317.3  318.8  321.7  324.5  326.3  327.2  327  326.1  324.9  323.5  321.9  320.2  318.2  316.1  313.8  
317.1  316.9  318.2  320.9  323.5  325.1  325.7  325.3  324.2  322.7  321  319  316.8  314.4  311.8  308.8  
317.5  318  320  323.1  326.3  328.5  329.7  329.9  329.4  328.6  327.6  326.5  325.3  324  322.6  321.1  
317.5  317.9  319.8  322.9  326.1  328.2  329.3  329.5  329  328.1  327  325.8  324.6  323.2  321.8  320.2  
317.5  318  320  323.1  326.3  328.5  329.7  329.9  329.4  328.6  327.6  326.5  325.3  324  322.6  321.1  
317.5  317.9  319.8  322.9  326.1  328.2  329.3  329.5  329  328.1  327  325.8  324.6  323.2  321.8  320.2  
317.3  317.4  319  321.9  324.8  326.6  327.5  327.4  326.6  325.4  324.1  322.6  320.9  319.1  317.1  314.9  
317.1  316.9  318.2  320.9  323.5  325.1  325.7  325.3  324.2  322.7  321  319  316.9  314.4  311.8  308.8  
