317.1  316.9  318.2  321  323.6  325.2  325.9  325.5  324.4  322.9  321.3  319.4  317.2  314.9  312.3  309.4  
317.2  317  318.4  321.2  323.9  325.5  326.2  325.9  324.9  323.4  321.8  320  318  315.8  313.3  310.6  
317.2  317.1  318.6  321.4  324.1  325.8  326.6  326.3  325.3  324  322.5  320.8  318.9  316.7  314.4  311.9  
317.2  317.2  318.6  321.4  324.2  325.9  326.7  326.5  325.5  324.2  322.7  321  319.2  317.1  314.8  312.3  
317.2  317  318.4  321.2  323.9  325.5  326.2  325.9  324.9  323.4  321.8  320.1  318  315.8  313.3  310.6  
317.2  317.2  318.7  321.5  324.3  326  326.8  326.6  325.7  324.3  322.9  321.2  319.4  317.4  315.1  312.7  
317.2  317.2  318.8  321.6  324.4  326.2  327  326.8  325.9  324.6  323.2  321.6  319.8  317.8  315.6  313.3  
317.2  317.1  318.6  321.3  324.1  325.8  326.5  326.3  325.3  323.9  322.4  320.7  318.8  316.6  314.3  311.7  
317.2  317.3  318.8  321.6  324.5  326.2  327  326.9  326  324.7  323.3  321.7  319.9  317.9  315.8  313.4  
317.3  317.3  318.9  321.8  324.6  326.4  327.3  327.2  326.3  325.1  323.7  322.1  320.4  318.6  316.5  314.2  
317.3  317.3  318.9  321.7  324.6  326.4  327.2  327.1  326.2  325  323.6  322  320.3  318.4  316.3  314  
317.3  317.4  319  322  324.8  326.7  327.6  327.5  326.7  325.5  324.2  322.7  321.1  319.3  317.3  315.2  
317.3  317.4  319  321.9  324.8  326.6  327.5  327.5  326.6  325.4  324.1  322.6  320.9  319.1  317.2  315  
317.2  317  318.3  321.1  323.8  325.4  326.1  325.8  324.7  323.2  321.6  319.8  317.7  315.4  312.9  310.1  
317.2  317.1  318.5  321.2  324  325.7  326.4  326.1  325.1  323.7  322.1  320.4  318.4  316.2  313.8  311.2  
317.2  317  318.3  321  323.7  325.4  326  325.7  324.6  323.2  321.5  319.7  317.6  315.3  312.7  309.9  
317.3  317.5  319.1  322.1  325  326.9  327.8  327.7  326.9  325.8  324.5  323.1  321.5  319.8  317.9  315.8  
317.2  317.1  318.5  321.2  324  325.7  326.4  326.1  325.1  323.7  322.1  320.4  318.4  316.2  313.8  311.2  
317.3  317.5  319.1  322.1  325  326.9  327.8  327.8  327  325.8  324.6  323.1  321.6  319.8  318  315.9  
317.3  317.3  318.9  321.8  324.7  326.5  327.4  327.3  326.4  325.2  323.8  322.3  320.6  318.8  316.7  314.5  
