316.9  315.3  313.7  312  310.3  308.5  306.9  305.4  304.5  304.7  305.9  308.1  312  317.7  322.6  325  325.7  325.5  325.1  324.5  323.6  322.6  321.5  320.2  
316.9  315.3  313.6  311.9  310.2  308.4  306.8  305.2  304.3  304.4  305.7  307.9  311.7  317.5  322.4  324.8  325.5  325.3  324.9  324.2  323.3  322.3  321.2  319.8  
316.9  315.4  313.8  312.1  310.4  308.7  307.1  305.6  304.8  305  306.3  308.5  312.3  318.1  322.9  325.3  326.1  325.9  325.5  324.9  324.1  323.1  322  320.7  
316.9  315.3  313.7  312  310.3  308.6  307  305.5  304.6  304.8  306  308.3  312.1  317.9  322.7  325.1  325.9  325.7  325.3  324.6  323.8  322.8  321.7  320.4  
317  315.4  313.8  312.2  310.5  308.8  307.3  305.8  305  305.2  306.5  308.8  312.6  318.3  323.1  325.6  326.3  326.1  325.8  325.2  324.4  323.4  322.3  321.1  
317  315.4  313.9  312.2  310.6  309  307.4  306  305.2  305.5  306.8  309.1  312.9  318.5  323.3  325.8  326.6  326.4  326.1  325.5  324.7  323.8  322.7  321.5  
317  315.5  314  312.4  310.9  309.3  307.9  306.5  305.7  306.1  307.5  309.8  313.5  319.2  323.9  326.4  327.2  327.1  326.8  326.2  325.5  324.6  323.6  322.5  
317  315.5  314  312.5  311  309.5  308  306.7  306  306.3  307.7  310.1  313.8  319.4  324.2  326.7  327.5  327.4  327.1  326.6  325.8  325  324  322.8  
317  315.5  314  312.4  310.9  309.4  307.9  306.5  305.8  306.1  307.5  309.8  313.6  319.2  324  326.5  327.3  327.2  326.9  326.3  325.6  324.7  323.7  322.6  
316.9  315.3  313.6  311.9  310.1  308.3  306.7  305.1  304.1  304.3  305.5  307.7  311.6  317.3  322.2  324.6  325.3  325.1  324.7  324  323.1  322.1  320.9  319.5  
317  315.4  313.8  312.2  310.5  308.9  307.3  305.9  305  305.3  306.6  308.8  312.6  318.3  323.1  325.6  326.3  326.2  325.8  325.2  324.4  323.5  322.4  321.1  
317  315.5  313.9  312.3  310.7  309.1  307.6  306.2  305.4  305.7  307  309.3  313.1  318.7  323.5  326  326.8  326.6  326.3  325.7  325  324.1  323  321.8  
316.9  315.3  313.6  311.8  310  308.2  306.5  304.9  304  304.1  305.3  307.5  311.4  317.1  322  324.5  325.1  324.9  324.5  323.8  322.9  321.8  320.6  319.2  
317  315.6  314.1  312.6  311.2  309.7  308.3  307  306.4  306.8  308.2  310.6  314.3  319.9  324.6  327.1  328  327.9  327.6  327.1  326.4  325.6  324.7  323.6  
317  315.6  314.1  312.6  311.1  309.6  308.2  306.9  306.2  306.5  308  310.3  314  319.6  324.4  326.9  327.7  327.6  327.4  326.8  326.1  325.3  324.3  323.2  
317  315.5  313.9  312.4  310.8  309.2  307.7  306.3  305.5  305.8  307.2  309.5  313.3  318.9  323.7  326.2  327  326.9  326.5  326  325.2  324.3  323.3  322.1  
317  315.6  314.1  312.6  311.2  309.7  308.3  307  306.4  306.8  308.2  310.6  314.3  319.9  324.6  327.1  328  327.9  327.6  327.1  326.4  325.6  324.7  323.6  
316.9  315.3  313.6  311.8  310  308.2  306.5  305  304  304.1  305.3  307.5  311.4  317.2  322.1  324.5  325.2  324.9  324.5  323.8  322.9  321.9  320.7  319.2  
317  315.6  314.1  312.6  311.1  309.6  308.2  306.9  306.2  306.5  308  310.3  314  319.6  324.4  326.9  327.7  327.6  327.4  326.8  326.1  325.3  324.3  323.2  
317  315.5  313.9  312.4  310.8  309.2  307.7  306.3  305.5  305.8  307.2  309.5  313.3  318.9  323.7  326.2  327  326.9  326.5  326  325.2  324.3  323.3  322.1  
