317.4  317.8  319.7  322.8  325.9  327.9  329.1  329.2  328.6  327.7  326.6  325.4  324.1  322.6  321.1  319.5  
317.4  317.7  319.6  322.6  325.7  327.7  328.8  328.9  328.3  327.3  326.1  324.9  323.5  322.1  320.5  318.7  
317.4  317.6  319.3  322.3  325.3  327.2  328.2  328.3  327.5  326.4  325.2  323.9  322.4  320.8  319  317.1  
317.3  317.4  319.1  322  324.9  326.8  327.7  327.6  326.8  325.6  324.3  322.8  321.2  319.5  317.5  315.4  
317.3  317.5  319.2  322.2  325.1  327  328  328  327.2  326.1  324.8  323.4  321.9  320.2  318.4  316.3  
317.3  317.4  319  321.9  324.8  326.6  327.5  327.4  326.6  325.4  324.1  322.6  320.9  319.1  317.1  315  
317.4  317.7  319.4  322.5  325.5  327.5  328.5  328.6  327.9  326.9  325.7  324.4  323  321.4  319.8  317.9  
317.2  317.2  318.7  321.6  324.3  326.1  326.9  326.7  325.7  324.4  323  321.3  319.5  317.5  315.3  312.8  
317.2  317.1  318.6  321.4  324.1  325.8  326.6  326.3  325.3  324  322.5  320.8  318.9  316.7  314.4  311.9  
317.3  317.3  318.9  321.7  324.6  326.4  327.2  327.1  326.2  324.9  323.5  322  320.2  318.3  316.2  313.9  
317.2  317  318.5  321.2  323.9  325.6  326.3  326  325  323.6  322  320.3  318.3  316.1  313.6  311  
317.5  318  320  323.2  326.3  328.5  329.7  329.9  329.4  328.6  327.6  326.5  325.3  324  322.7  321.2  
317.5  317.9  319.8  322.9  326.1  328.2  329.3  329.5  329  328.1  327  325.9  324.6  323.2  321.8  320.2  
317.6  318.3  320.5  323.8  327.2  329.5  330.8  331.2  330.9  330.3  329.6  328.7  327.7  326.6  325.5  324.3  
317.6  318.2  320.3  323.6  326.9  329.2  330.4  330.7  330.4  329.7  328.9  327.9  326.8  325.7  324.5  323.2  
317.5  318.1  320.1  323.4  326.6  328.8  330  330.3  329.9  329.1  328.2  327.2  326  324.8  323.5  322.2  
317.6  318.3  320.5  323.8  327.2  329.5  330.8  331.2  330.9  330.3  329.6  328.7  327.7  326.6  325.5  324.3  
317.6  318.2  320.3  323.6  326.9  329.1  330.4  330.7  330.4  329.7  328.9  327.9  326.8  325.7  324.5  323.2  
317.5  318.1  320.1  323.4  326.6  328.8  330  330.3  329.9  329.1  328.2  327.2  326  324.8  323.5  322.2  
317.2  317  318.5  321.2  323.9  325.6  326.3  326  325  323.6  322  320.3  318.3  316.1  313.7  311  
