316.9  315.2  313.4  311.6  309.7  307.8  306.1  304.3  303.3  303.4  304.5  306.6  310.5  316.4  321.3  323.8  324.4  324.1  323.6  322.9  321.9  320.8  319.5  318  
317  315.4  313.8  312.1  310.5  308.8  307.2  305.8  304.9  305.1  306.4  308.7  312.5  318.2  323  325.5  326.2  326.1  325.7  325.1  324.3  323.3  322.2  321  
317  315.4  313.9  312.2  310.6  309  307.4  306  305.2  305.4  306.8  309.1  312.9  318.5  323.3  325.8  326.6  326.4  326  325.5  324.7  323.8  322.7  321.5  
316.9  315.3  313.6  311.9  310.2  308.4  306.7  305.2  304.2  304.3  305.6  307.9  311.7  317.5  322.3  324.8  325.5  325.3  324.8  324.2  323.3  322.3  321.1  319.8  
316.9  315.2  313.5  311.6  309.8  308  306.2  304.5  303.5  303.6  304.7  306.9  310.8  316.6  321.6  324  324.6  324.3  323.9  323.1  322.2  321.1  319.8  318.3  
317  315.4  313.8  312.1  310.5  308.8  307.3  305.8  304.9  305.2  306.5  308.8  312.6  318.3  323.1  325.5  326.3  326.1  325.7  325.1  324.3  323.4  322.3  321  
316.9  315.1  313.4  311.5  309.6  307.7  305.9  304.2  303.1  303.2  304.3  306.4  310.3  316.1  321.1  323.5  324.2  323.9  323.3  322.6  321.6  320.5  319.1  317.6  
316.9  315.3  313.6  311.8  310.1  308.3  306.6  305  304.1  304.2  305.4  307.6  311.5  317.3  322.1  324.6  325.2  325  324.6  323.9  323  322  320.8  319.4  
317  315.5  314  312.4  310.8  309.3  307.8  306.4  305.6  306  307.3  309.6  313.4  319.1  323.8  326.3  327.1  327  326.6  326.1  325.3  324.5  323.4  322.3  
316.9  315.3  313.7  312  310.3  308.5  306.9  305.4  304.5  304.7  305.9  308.1  312  317.7  322.6  325  325.7  325.5  325.1  324.5  323.6  322.6  321.5  320.2  
317  315.5  314  312.4  310.8  309.3  307.8  306.5  305.7  306  307.4  309.7  313.5  319.1  323.9  326.4  327.2  327.1  326.7  326.2  325.4  324.6  323.5  322.4  
316.9  315.3  313.6  311.8  310  308.3  306.6  305  304  304.2  305.4  307.5  311.4  317.2  322.1  324.5  325.2  325  324.5  323.8  323  321.9  320.7  319.3  
317  315.5  313.9  312.3  310.7  309.1  307.6  306.2  305.4  305.7  307  309.3  313.1  318.8  323.6  326  326.8  326.7  326.3  325.8  325  324.1  323.1  321.9  
316.9  315.1  313.4  311.5  309.6  307.7  305.8  304.1  303  303.1  304.2  306.3  310.2  316.1  321  323.4  324.1  323.8  323.2  322.5  321.5  320.3  319  317.4  
316.9  315.2  313.5  311.7  309.9  308.1  306.4  304.8  303.8  303.9  305.1  307.2  311.1  316.9  321.8  324.2  324.9  324.7  324.2  323.5  322.6  321.5  320.3  318.8  
316.9  315.4  313.7  312.1  310.4  308.7  307.1  305.6  304.7  304.9  306.2  308.4  312.2  318  322.8  325.2  326  325.8  325.4  324.8  324  323  321.8  320.6  
316.9  315.2  313.5  311.7  309.9  308.1  306.4  304.8  303.8  303.9  305.1  307.2  311.1  316.9  321.8  324.2  324.9  324.7  324.2  323.5  322.6  321.5  320.3  318.8  
317  315.5  313.9  312.3  310.7  309.1  307.6  306.2  305.4  305.7  307.1  309.3  313.1  318.8  323.6  326  326.8  326.7  326.3  325.8  325  324.1  323.1  321.9  
316.9  315.4  313.7  312.1  310.4  308.7  307.1  305.6  304.7  304.9  306.2  308.4  312.2  318  322.8  325.2  326  325.8  325.4  324.8  324  323  321.8  320.6  
316.9  315.2  313.5  311.6  309.8  308  306.2  304.5  303.5  303.6  304.7  306.9  310.8  316.6  321.6  324  324.6  324.3  323.9  323.1  322.2  321.1  319.8  318.3  
