317.3  317.4  319  321.9  324.8  326.6  327.5  327.5  326.6  325.4  324.1  322.6  321  319.2  317.2  315  
317.2  317.1  318.6  321.4  324.2  325.9  326.6  326.4  325.4  324  322.5  320.8  318.9  316.8  314.5  312  
317.3  317.4  319  321.9  324.7  326.5  327.4  327.3  326.5  325.2  323.9  322.4  320.7  318.9  316.8  314.6  
317.3  317.4  319.1  322  324.9  326.8  327.7  327.6  326.8  325.6  324.3  322.9  321.3  319.5  317.6  315.5  
317.3  317.3  318.9  321.7  324.6  326.4  327.2  327.1  326.2  325  323.6  322  320.3  318.4  316.3  314  
317.3  317.5  319.2  322.1  325.1  327  327.9  327.9  327.1  326  324.7  323.3  321.7  320  318.2  316.1  
317.2  317.2  318.8  321.6  324.4  326.2  327  326.9  325.9  324.7  323.2  321.6  319.9  317.9  315.7  313.4  
317.3  317.5  319.3  322.2  325.2  327.1  328.1  328.1  327.3  326.2  325  323.6  322.1  320.5  318.7  316.7  
317.2  317.2  318.7  321.5  324.3  326  326.8  326.6  325.7  324.4  322.9  321.3  319.4  317.4  315.2  312.7  
317.2  317.1  318.6  321.4  324.2  325.9  326.6  326.4  325.4  324.1  322.6  320.9  319  316.9  314.6  312.1  
317.2  317  318.4  321.1  323.8  325.4  326.1  325.8  324.7  323.3  321.7  319.9  317.8  315.5  313  310.3  
317.2  317  318.4  321.2  323.9  325.5  326.2  325.9  324.9  323.5  321.9  320.1  318  315.8  313.4  310.7  
317.2  317  318.5  321.2  323.9  325.6  326.3  326  325  323.6  322  320.3  318.3  316.1  313.7  311  
317.2  317.1  318.5  321.3  324  325.7  326.4  326.2  325.1  323.8  322.2  320.5  318.5  316.4  314  311.4  
317.4  317.6  319.3  322.3  325.2  327.2  328.2  328.2  327.5  326.4  325.1  323.8  322.3  320.7  318.9  316.9  
317.3  317.4  319.1  322  324.9  326.8  327.7  327.7  326.9  325.7  324.4  322.9  321.3  319.6  317.7  315.6  
317.2  317.2  318.7  321.5  324.3  326  326.8  326.6  325.7  324.4  322.9  321.3  319.4  317.4  315.2  312.8  
317.2  317.3  318.8  321.6  324.5  326.2  327  326.9  326  324.7  323.3  321.7  319.9  317.9  315.8  313.4  
317.3  317.3  318.9  321.7  324.6  326.4  327.2  327.1  326.2  325  323.6  322  320.3  318.4  316.3  314  
317.3  317.5  319.2  322.1  325.1  327  327.9  327.9  327.1  326  324.7  323.3  321.7  320.1  318.2  316.2  
