317.3  317.3  318.8  321.7  324.5  326.3  327.1  327  326.1  324.8  323.4  321.9  320.1  318.2  316.1  313.7  
317.2  317.3  318.8  321.6  324.5  326.2  327.1  326.9  326  324.7  323.3  321.7  319.9  318  315.8  313.5  
317.2  317  318.4  321.1  323.8  325.4  326.1  325.8  324.7  323.3  321.7  319.9  317.8  315.5  313  310.3  
317.2  317.1  318.6  321.4  324.2  325.9  326.6  326.4  325.5  324.1  322.6  320.9  319  317  314.7  312.2  
317.2  317.1  318.6  321.4  324.1  325.8  326.5  326.3  325.3  324  322.4  320.7  318.8  316.7  314.4  311.8  
317.3  317.5  319.2  322.2  325.1  327  328  328  327.2  326.1  324.8  323.4  321.9  320.2  318.4  316.4  
317.4  317.7  319.5  322.6  325.6  327.6  328.7  328.8  328.1  327.1  326  324.7  323.3  321.9  320.2  318.5  
317.4  317.6  319.4  322.4  325.4  327.3  328.3  328.4  327.7  326.6  325.4  324.1  322.6  321.1  319.4  317.5  
317.3  317.4  319  321.9  324.8  326.7  327.5  327.5  326.7  325.5  324.1  322.6  321  319.2  317.2  315.1  
317.5  318  320  323.1  326.3  328.5  329.7  329.9  329.4  328.6  327.6  326.5  325.3  324  322.6  321.2  
317.3  317.5  319.2  322.2  325.1  327.1  328  328  327.2  326.1  324.9  323.5  321.9  320.3  318.5  316.5  
317.2  317  318.4  321.1  323.8  325.5  326.1  325.9  324.8  323.4  321.8  320  317.9  315.7  313.2  310.5  
317.4  317.6  319.4  322.4  325.4  327.4  328.4  328.4  327.7  326.6  325.4  324.1  322.7  321.1  319.4  317.5  
317.5  318  320  323.2  326.4  328.6  329.8  330  329.5  328.7  327.8  326.7  325.5  324.2  322.9  321.4  
317.5  317.9  319.8  322.9  326.1  328.2  329.3  329.5  329  328.1  327  325.8  324.6  323.2  321.8  320.2  
317.4  317.8  319.7  322.7  325.8  327.9  329  329.1  328.5  327.5  326.4  325.2  323.9  322.5  320.9  319.2  
317.3  317.4  319  321.9  324.8  326.7  327.5  327.5  326.7  325.5  324.1  322.7  321  319.2  317.3  315.1  
317.5  317.9  319.8  322.9  326.1  328.2  329.3  329.5  329  328.1  327  325.8  324.6  323.2  321.8  320.2  
317.4  317.8  319.7  322.7  325.8  327.9  329  329.1  328.5  327.5  326.4  325.2  323.9  322.5  320.9  319.2  
317.4  317.7  319.5  322.6  325.6  327.6  328.7  328.8  328.2  327.1  326  324.7  323.3  321.9  320.3  318.5  
