317.6  318.2  320.2  323.5  326.7  329  330.2  330.5  330.1  329.4  328.5  327.5  326.4  325.2  324  322.6  
317.5  318  320  323.2  326.4  328.5  329.7  330  329.5  328.7  327.7  326.6  325.4  324.2  322.8  321.3  
317.4  317.8  319.7  322.8  325.9  328  329.1  329.3  328.7  327.8  326.7  325.5  324.2  322.8  321.4  319.7  
317.6  318.2  320.3  323.6  326.9  329.2  330.5  330.8  330.5  329.8  329  328  327  325.8  324.6  323.4  
317.5  317.9  319.9  323  326.1  328.3  329.4  329.7  329.1  328.2  327.2  326.1  324.8  323.5  322.1  320.6  
317.4  317.7  319.4  322.5  325.5  327.5  328.5  328.6  327.9  326.8  325.6  324.3  322.9  321.4  319.7  317.9  
317.4  317.7  319.6  322.6  325.7  327.7  328.8  328.9  328.2  327.2  326.1  324.8  323.5  322  320.4  318.7  
317.1  316.9  318.3  321  323.7  325.3  325.9  325.6  324.5  323  321.4  319.5  317.4  315  312.5  309.6  
317.3  317.4  319  322  324.8  326.7  327.6  327.5  326.7  325.5  324.2  322.7  321.1  319.3  317.3  315.2  
317.3  317.3  318.9  321.8  324.6  326.4  327.2  327.1  326.2  325  323.6  322  320.3  318.4  316.3  314.1  
317.2  317.2  318.7  321.5  324.2  326  326.7  326.5  325.6  324.3  322.8  321.1  319.2  317.2  314.9  312.5  
317.2  317.1  318.6  321.3  324.1  325.8  326.5  326.3  325.3  323.9  322.4  320.7  318.8  316.7  314.3  311.8  
317.3  317.5  319.1  322.1  325  326.9  327.8  327.8  327  325.9  324.6  323.1  321.6  319.9  318  315.9  
317.7  318.5  320.8  324.2  327.6  330  331.3  331.8  331.6  331.1  330.5  329.8  328.9  327.9  326.9  325.7  
317.1  316.8  318.1  320.8  323.4  324.9  325.5  325.1  324  322.4  320.6  318.6  316.4  313.9  311.2  308.1  
317.6  318.4  320.5  323.9  327.3  329.6  330.9  331.3  331  330.5  329.8  328.9  327.9  326.8  325.7  324.5  
317.7  318.5  320.8  324.2  327.6  330  331.3  331.8  331.6  331.1  330.5  329.8  328.9  327.9  326.9  325.7  
317.1  316.8  318.1  320.8  323.4  324.9  325.5  325.1  324  322.4  320.6  318.6  316.4  313.9  311.2  308.1  
317.2  317  318.3  321.1  323.7  325.4  326  325.7  324.6  323.2  321.6  319.7  317.6  315.3  312.8  310  
317.6  318.4  320.5  323.9  327.3  329.6  330.9  331.3  331  330.5  329.8  328.9  327.9  326.8  325.7  324.5  
