316.9  315.3  313.7  312  310.3  308.5  306.9  305.4  304.5  304.7  305.9  308.1  312  317.7  322.6  325  325.7  325.5  325.1  324.5  323.6  322.6  321.5  320.2  
317  315.4  313.8  312.1  310.5  308.8  307.2  305.8  304.9  305.2  306.5  308.7  312.5  318.2  323.1  325.5  326.2  326.1  325.7  325.1  324.3  323.4  322.3  321  
317  315.4  313.8  312.2  310.6  309  307.4  306  305.1  305.4  306.7  309  312.8  318.5  323.3  325.8  326.5  326.4  326  325.4  324.6  323.7  322.6  321.4  
316.9  315.2  313.5  311.6  309.8  308  306.2  304.6  303.5  303.6  304.8  306.9  310.8  316.6  321.6  324  324.6  324.4  323.9  323.1  322.2  321.1  319.8  318.3  
316.9  315.2  313.5  311.8  310  308.2  306.4  304.8  303.8  304  305.1  307.3  311.2  317  321.9  324.3  325  324.7  324.3  323.6  322.7  321.6  320.4  319  
316.9  315.4  313.7  312.1  310.4  308.7  307.1  305.6  304.7  304.9  306.2  308.4  312.3  318  322.8  325.3  326  325.8  325.4  324.8  324  323  321.9  320.6  
316.9  315.3  313.6  311.8  310.1  308.3  306.6  305  304.1  304.2  305.4  307.6  311.5  317.3  322.1  324.6  325.2  325  324.6  323.9  323  322  320.8  319.4  
316.9  315.1  313.3  311.4  309.4  307.5  305.6  303.9  302.7  302.7  303.8  305.9  309.7  315.7  320.7  323.1  323.7  323.4  322.8  322  321  319.8  318.4  316.8  
316.9  315.2  313.4  311.6  309.7  307.9  306.1  304.3  303.4  303.4  304.6  306.7  310.6  316.4  321.4  323.8  324.4  324.2  323.7  322.9  322  320.9  319.6  318.1  
316.8  315.1  313.2  311.3  309.3  307.3  305.4  303.6  302.4  302.4  303.5  305.5  309.4  315.3  320.4  322.8  323.4  323  322.4  321.6  320.6  319.3  317.9  316.2  
316.8  315  313  311  308.9  306.8  304.9  303  301.7  301.6  302.6  304.5  308.4  314.4  319.6  322  322.5  322.1  321.4  320.5  319.4  318.1  316.5  314.7  
317  315.5  314  312.5  310.9  309.4  307.9  306.6  305.9  306.2  307.6  309.9  313.7  319.3  324.1  326.6  327.4  327.3  326.9  326.4  325.7  324.8  323.8  322.7  
316.8  315  313.1  311.2  309.1  307.1  305.1  303.3  302.1  302  303  305  308.9  314.9  320  322.4  323  322.6  322  321.1  320  318.7  317.2  315.5  
316.9  315.1  313.4  311.5  309.6  307.7  305.8  304.1  303  303.1  304.2  306.3  310.2  316.1  321  323.4  324.1  323.8  323.2  322.5  321.5  320.3  319  317.4  
317  315.5  313.9  312.3  310.7  309.2  307.7  306.3  305.5  305.8  307.1  309.4  313.2  318.9  323.6  326.1  326.9  326.8  326.4  325.9  325.1  324.2  323.2  322  
317  315.6  314.1  312.6  311.1  309.7  308.3  307  306.3  306.7  308.1  310.5  314.2  319.8  324.5  327  327.9  327.8  327.5  327  326.3  325.5  324.5  323.4  
317  315.6  314.1  312.6  311.1  309.7  308.3  307  306.3  306.7  308.1  310.5  314.2  319.8  324.5  327  327.9  327.8  327.5  327  326.3  325.5  324.5  323.4  
316.8  315  313.1  311.1  309  306.9  304.9  303.1  301.8  301.7  302.7  304.7  308.5  314.6  319.7  322.1  322.6  322.2  321.6  320.7  319.6  318.2  316.7  314.9  
317  315.5  314  312.4  310.9  309.4  307.9  306.5  305.8  306.1  307.5  309.8  313.6  319.2  324  326.5  327.3  327.2  326.9  326.3  325.6  324.7  323.7  322.6  
317  315.5  313.9  312.3  310.7  309.2  307.7  306.3  305.5  305.8  307.2  309.5  313.3  318.9  323.7  326.2  326.9  326.8  326.5  325.9  325.2  324.3  323.2  322  
