317.5  317.9  319.8  323  326.1  328.2  329.4  329.6  329  328.1  327.1  325.9  324.7  323.3  321.9  320.3  
317.5  318  320  323.2  326.4  328.6  329.8  330  329.6  328.8  327.8  326.7  325.5  324.3  322.9  321.5  
317.5  318  320  323.1  326.3  328.5  329.7  329.9  329.4  328.6  327.5  326.5  325.2  324  322.6  321.1  
317.5  318.1  320.2  323.4  326.7  328.9  330.2  330.5  330.1  329.3  328.4  327.4  326.3  325.1  323.8  322.5  
317.4  317.7  319.5  322.6  325.6  327.6  328.7  328.8  328.1  327.1  325.9  324.7  323.3  321.8  320.2  318.4  
317.5  318.1  320.1  323.4  326.6  328.8  330.1  330.3  329.9  329.2  328.3  327.2  326.1  324.9  323.6  322.2  
317.4  317.7  319.4  322.5  325.5  327.5  328.5  328.6  327.9  326.8  325.7  324.4  322.9  321.4  319.7  317.9  
317.3  317.3  318.9  321.8  324.7  326.5  327.3  327.2  326.4  325.1  323.8  322.2  320.5  318.7  316.6  314.4  
317.3  317.5  319.2  322.2  325.1  327.1  328  328  327.3  326.1  324.9  323.5  322  320.3  318.5  316.5  
317.3  317.5  319.2  322.2  325.1  327  327.9  327.9  327.1  326  324.7  323.3  321.8  320.1  318.3  316.2  
317.4  317.6  319.4  322.4  325.4  327.3  328.3  328.4  327.7  326.6  325.4  324  322.6  321  319.3  317.4  
317.3  317.4  319.1  322  324.9  326.7  327.6  327.5  326.7  325.6  324.2  322.8  321.1  319.4  317.4  315.3  
317.6  318.3  320.5  323.8  327.2  329.5  330.8  331.2  330.9  330.3  329.6  328.7  327.6  326.6  325.4  324.2  
317.2  317.2  318.7  321.6  324.4  326.1  326.9  326.8  325.8  324.5  323.1  321.5  319.7  317.7  315.5  313.1  
317.4  317.8  319.7  322.8  325.8  327.9  329  329.2  328.6  327.6  326.5  325.3  324  322.6  321.1  319.4  
317.6  318.2  320.3  323.6  326.9  329.2  330.4  330.8  330.4  329.8  328.9  327.9  326.9  325.7  324.5  323.2  
317.6  318.3  320.5  323.8  327.2  329.5  330.8  331.2  330.9  330.3  329.6  328.7  327.6  326.6  325.4  324.2  
317.2  317.2  318.7  321.6  324.4  326.1  326.9  326.8  325.8  324.5  323.1  321.5  319.7  317.7  315.5  313.1  
317.4  317.8  319.7  322.8  325.8  327.9  329  329.2  328.6  327.6  326.5  325.3  324  322.6  321.1  319.4  
317.6  318.2  320.3  323.6  326.9  329.2  330.5  330.8  330.5  329.8  329  328  327  325.8  324.6  323.4  
