317.3  317.3  318.8  321.7  324.5  326.3  327.1  327  326  324.8  323.4  321.8  320  318.1  316  313.6  
317.3  317.4  319  322  324.9  326.7  327.6  327.5  326.7  325.5  324.2  322.7  321.1  319.3  317.4  315.2  
317.2  317.2  318.7  321.6  324.4  326.1  326.9  326.7  325.8  324.5  323  321.4  319.6  317.6  315.4  313  
317.4  317.8  319.6  322.7  325.8  327.8  328.9  329.1  328.4  327.5  326.3  325.1  323.8  322.3  320.8  319.1  
317.3  317.5  319.2  322.2  325.1  327.1  328  328  327.2  326.1  324.9  323.5  321.9  320.3  318.5  316.5  
317.4  317.6  319.3  322.3  325.3  327.3  328.3  328.3  327.5  326.5  325.3  323.9  322.5  320.9  319.1  317.2  
317.2  317.2  318.8  321.6  324.4  326.2  327  326.8  325.9  324.6  323.2  321.6  319.8  317.9  315.7  313.3  
317.4  317.6  319.3  322.3  325.3  327.2  328.2  328.2  327.5  326.4  325.2  323.8  322.4  320.8  319  317.1  
317.4  317.6  319.4  322.4  325.4  327.4  328.4  328.5  327.7  326.7  325.5  324.2  322.7  321.2  319.5  317.6  
317.4  317.8  319.7  322.7  325.8  327.9  329  329.1  328.5  327.5  326.4  325.2  323.9  322.5  320.9  319.3  
317.4  317.7  319.5  322.5  325.5  327.5  328.6  328.7  328  327  325.8  324.5  323.1  321.6  319.9  318.1  
317.4  317.7  319.5  322.6  325.6  327.6  328.6  328.7  328.1  327.1  325.9  324.6  323.2  321.7  320.1  318.3  
317.3  317.4  319  321.9  324.8  326.6  327.5  327.4  326.6  325.4  324.1  322.6  320.9  319.1  317.1  314.9  
317.3  317.3  318.9  321.8  324.7  326.5  327.3  327.2  326.3  325.1  323.8  322.2  320.5  318.7  316.6  314.4  
317.3  317.4  319  321.9  324.8  326.7  327.5  327.5  326.7  325.5  324.1  322.7  321  319.2  317.3  315.1  
317.4  317.6  319.3  322.3  325.2  327.1  328.1  328.1  327.4  326.3  325  323.7  322.2  320.5  318.7  316.8  
317.4  317.7  319.6  322.6  325.7  327.7  328.8  328.9  328.2  327.2  326.1  324.8  323.5  322  320.4  318.6  
317.4  317.7  319.4  322.5  325.5  327.5  328.5  328.6  327.9  326.8  325.6  324.3  322.9  321.4  319.7  317.9  
317.3  317.4  319.1  322  324.9  326.7  327.6  327.5  326.8  325.6  324.3  322.8  321.2  319.4  317.5  315.3  
317.2  317.2  318.7  321.6  324.3  326.1  326.9  326.7  325.8  324.5  323  321.4  319.5  317.5  315.3  312.9  
317.3  317.5  319.1  322.1  325  326.9  327.8  327.8  327  325.8  324.6  323.1  321.6  319.8  318  315.9  
317.3  317.5  319.1  322.1  325  326.8  327.8  327.7  326.9  325.8  324.5  323  321.4  319.7  317.8  315.7  
317.3  317.3  318.9  321.8  324.6  326.4  327.3  327.2  326.3  325  323.7  322.1  320.4  318.5  316.5  314.2  
317.4  317.8  319.7  322.8  325.8  327.9  329  329.2  328.6  327.6  326.5  325.3  324  322.6  321  319.4  
317.4  317.8  319.6  322.7  325.7  327.8  328.8  329  328.3  327.3  326.2  325  323.6  322.2  320.6  318.9  
317.3  317.5  319.2  322.1  325  326.9  327.9  327.8  327  325.9  324.6  323.2  321.6  319.9  318.1  316  
317.3  317.3  318.8  321.7  324.5  326.3  327.1  327  326.1  324.8  323.4  321.8  320.1  318.1  316  313.7  
317.3  317.3  318.9  321.8  324.7  326.5  327.4  327.3  326.4  325.2  323.8  322.3  320.6  318.8  316.7  314.5  
317.3  317.5  319.1  322.1  325  326.9  327.8  327.8  327  325.8  324.5  323.1  321.5  319.8  317.9  315.8  
317.3  317.5  319.2  322.2  325.1  327  327.9  327.9  327.2  326  324.8  323.4  321.8  320.1  318.3  316.3  
317.3  317.5  319.2  322.1  325.1  327  327.9  327.9  327.1  326  324.7  323.3  321.7  320  318.2  316.1  
317.3  317.5  319.2  322.2  325.2  327.1  328.1  328.1  327.3  326.2  325  323.6  322.1  320.4  318.6  316.6  
317.4  317.7  319.5  322.6  325.6  327.7  328.7  328.8  328.2  327.2  326  324.8  323.4  321.9  320.3  318.5  
317.2  317.2  318.7  321.6  324.4  326.2  327  326.8  325.9  324.6  323.1  321.5  319.7  317.7  315.5  313.2  
317.2  317.3  318.8  321.6  324.5  326.2  327  326.9  326  324.7  323.3  321.7  319.9  317.9  315.8  313.4  
317.3  317.5  319.2  322.2  325.1  327  328  328  327.2  326.1  324.8  323.4  321.9  320.2  318.4  316.3  
317.3  317.4  319.1  322  324.9  326.8  327.7  327.7  326.8  325.7  324.4  322.9  321.3  319.6  317.6  315.5  
317.4  317.7  319.5  322.5  325.5  327.5  328.5  328.6  327.9  326.9  325.7  324.4  323  321.5  319.8  318  
317.4  317.6  319.4  322.4  325.3  327.3  328.3  328.4  327.7  326.6  325.4  324  322.6  321  319.3  317.4  
317.4  317.8  319.7  322.8  325.9  328  329.1  329.3  328.7  327.7  326.6  325.4  324.1  322.7  321.2  319.6  
317.3  317.3  318.9  321.7  324.6  326.3  327.2  327.1  326.2  324.9  323.5  321.9  320.2  318.3  316.2  313.9  
317.3  317.3  318.9  321.8  324.6  326.4  327.3  327.2  326.3  325.1  323.7  322.1  320.4  318.6  316.5  314.2  
317.4  317.8  319.7  322.7  325.8  327.9  329  329.1  328.5  327.5  326.4  325.2  323.9  322.4  320.9  319.2  
317.4  317.6  319.3  322.3  325.3  327.3  328.3  328.3  327.5  326.5  325.3  323.9  322.4  320.9  319.1  317.2  
317.5  317.9  319.7  322.9  326  328.1  329.2  329.4  328.8  327.8  326.8  325.6  324.3  322.9  321.4  319.8  
317.4  317.6  319.4  322.4  325.4  327.4  328.4  328.5  327.8  326.7  325.5  324.2  322.8  321.2  319.6  317.7  
317.4  317.7  319.5  322.5  325.5  327.5  328.5  328.6  327.9  326.9  325.7  324.4  323  321.5  319.9  318  
317.2  317.2  318.8  321.6  324.4  326.2  327  326.8  325.9  324.6  323.2  321.6  319.8  317.8  315.6  313.2  
317.3  317.5  319.2  322.1  325.1  327  327.9  327.9  327.1  326  324.7  323.3  321.7  320.1  318.2  316.2  
317.3  317.3  318.8  321.7  324.5  326.3  327.1  326.9  326  324.8  323.3  321.8  320  318.1  315.9  313.6  
317.4  317.8  319.6  322.7  325.7  327.7  328.8  328.9  328.3  327.3  326.2  324.9  323.6  322.1  320.5  318.8  
317.3  317.5  319.2  322.2  325.1  327  328  328  327.2  326.1  324.8  323.4  321.9  320.2  318.4  316.4  
317.3  317.4  319  321.9  324.8  326.7  327.5  327.5  326.6  325.4  324.1  322.6  321  319.2  317.2  315  
317.5  317.9  319.8  322.9  326  328.1  329.2  329.4  328.8  327.9  326.8  325.6  324.3  322.9  321.5  319.9  
317.3  317.4  319  321.9  324.7  326.5  327.4  327.3  326.5  325.2  323.9  322.4  320.7  318.9  316.8  314.6  
317.3  317.5  319.3  322.2  325.2  327.1  328.1  328.1  327.3  326.2  325  323.6  322.1  320.5  318.6  316.7  
317.4  317.6  319.3  322.3  325.2  327.2  328.2  328.2  327.4  326.3  325.1  323.8  322.3  320.6  318.9  316.9  
317.3  317.3  318.9  321.7  324.6  326.4  327.2  327.1  326.2  324.9  323.6  322  320.3  318.4  316.3  314  
317.4  317.8  319.6  322.7  325.7  327.8  328.9  329  328.4  327.4  326.3  325.1  323.7  322.3  320.7  319  
317.4  317.6  319.4  322.4  325.4  327.3  328.4  328.4  327.7  326.6  325.4  324.1  322.6  321.1  319.4  317.5  
317.4  317.8  319.7  322.8  325.9  327.9  329  329.2  328.6  327.7  326.6  325.3  324  322.6  321.1  319.5  
317.4  317.8  319.7  322.8  325.9  328  329.1  329.3  328.7  327.7  326.7  325.5  324.2  322.8  321.3  319.6  
317.4  317.7  319.5  322.5  325.6  327.5  328.6  328.7  328.1  327  325.9  324.6  323.2  321.7  320.1  318.3  
317.4  317.7  319.4  322.5  325.4  327.4  328.5  328.5  327.8  326.8  325.6  324.3  322.9  321.3  319.6  317.8  
317.3  317.4  319.1  322  324.9  326.8  327.7  327.7  326.8  325.7  324.4  322.9  321.3  319.6  317.6  315.5  
317.3  317.4  319  321.9  324.7  326.5  327.4  327.3  326.5  325.2  323.9  322.4  320.7  318.9  316.8  314.6  
317.4  317.7  319.5  322.6  325.6  327.7  328.7  328.8  328.2  327.2  326  324.8  323.4  321.9  320.3  318.5  
317.4  317.6  319.3  322.3  325.2  327.2  328.2  328.2  327.4  326.3  325.1  323.8  322.3  320.6  318.9  316.9  
317.3  317.3  318.9  321.7  324.6  326.4  327.2  327.1  326.2  324.9  323.6  322  320.3  318.4  316.3  314  
317.4  317.8  319.6  322.7  325.7  327.8  328.9  329  328.4  327.4  326.3  325.1  323.7  322.3  320.7  319  
317.4  317.8  319.6  322.7  325.7  327.7  328.8  328.9  328.3  327.3  326.2  324.9  323.6  322.1  320.5  318.8  
317.2  317.2  318.7  321.6  324.4  326.1  326.9  326.7  325.8  324.5  323  321.4  319.6  317.6  315.4  313  
317.4  317.6  319.4  322.4  325.4  327.3  328.4  328.4  327.7  326.6  325.4  324.1  322.6  321.1  319.4  317.5  
317.4  317.8  319.7  322.8  325.9  327.9  329  329.2  328.6  327.7  326.6  325.3  324  322.6  321.1  319.5  
317.3  317.4  319  322  324.9  326.7  327.6  327.5  326.7  325.5  324.2  322.8  321.1  319.4  317.4  315.3  
317.4  317.8  319.7  322.8  325.9  328  329.1  329.3  328.7  327.7  326.7  325.5  324.2  322.8  321.3  319.6  
317.4  317.7  319.5  322.5  325.6  327.5  328.6  328.7  328.1  327  325.9  324.6  323.2  321.7  320.1  318.3  
317.4  317.7  319.4  322.5  325.4  327.4  328.5  328.5  327.8  326.8  325.6  324.3  322.9  321.3  319.6  317.8  
317.5  317.9  319.8  322.9  326  328.1  329.2  329.4  328.8  327.9  326.8  325.6  324.3  322.9  321.5  319.9  
317.3  317.5  319.1  322.1  325  326.9  327.8  327.8  327  325.8  324.5  323.1  321.5  319.8  317.9  315.8  
