317  315.4  313.9  312.2  310.6  309  307.5  306  305.2  305.5  306.8  309.1  312.9  318.6  323.4  325.9  326.6  326.5  326.1  325.5  324.8  323.8  322.8  321.6  
317  315.5  314  312.5  311  309.5  308  306.7  306  306.3  307.7  310.1  313.8  319.4  324.2  326.7  327.5  327.4  327.1  326.5  325.8  325  324  322.8  
317  315.6  314.2  312.7  311.2  309.8  308.4  307.2  306.5  306.9  308.4  310.7  314.5  320  324.7  327.3  328.1  328.1  327.8  327.3  326.7  325.8  324.9  323.8  
317  315.6  314.1  312.5  311  309.5  308.1  306.8  306  306.4  307.8  310.2  313.9  319.5  324.3  326.8  327.5  327.5  327.2  326.7  326  325.1  324.1  323  
317  315.6  314.1  312.7  311.2  309.7  308.3  307.1  306.4  306.8  308.3  310.6  314.3  319.9  324.6  327.2  328  327.9  327.7  327.2  326.5  325.7  324.7  323.6  
316.9  315.4  313.8  312.1  310.4  308.7  307.1  305.6  304.8  305  306.3  308.5  312.3  318.1  322.9  325.3  326.1  325.9  325.5  324.9  324.1  323.1  322  320.7  
317  315.5  313.9  312.4  310.8  309.2  307.7  306.3  305.6  305.9  307.2  309.6  313.3  319  323.7  326.2  327  326.9  326.6  326  325.3  324.4  323.3  322.1  
317  315.5  313.9  312.4  310.8  309.2  307.7  306.3  305.6  305.9  307.2  309.6  313.3  319  323.7  326.2  327  326.9  326.6  326  325.3  324.4  323.3  322.1  
316.9  315.4  313.8  312.1  310.4  308.7  307.1  305.7  304.8  305  306.3  308.6  312.4  318.1  322.9  325.4  326.1  325.9  325.5  324.9  324.1  323.2  322  320.8  
317  315.4  313.9  312.3  310.7  309.1  307.5  306.1  305.3  305.6  306.9  309.2  313  318.7  323.5  326  326.7  326.6  326.2  325.6  324.9  324  322.9  321.7  
317  315.6  314.1  312.6  311.1  309.6  308.2  306.9  306.2  306.6  308.1  310.4  314.1  319.7  324.5  327  327.8  327.7  327.5  326.9  326.3  325.4  324.4  323.3  
317  315.4  313.8  312.2  310.5  308.9  307.3  305.9  305.1  305.3  306.6  308.9  312.7  318.4  323.2  325.7  326.4  326.3  325.9  325.3  324.5  323.6  322.5  321.2  
317  315.6  314.2  312.7  311.3  309.9  308.5  307.3  306.7  307.1  308.6  310.9  314.6  320.2  324.9  327.5  328.3  328.3  328  327.5  326.9  326.1  325.1  324.1  
317  315.5  314  312.4  310.9  309.3  307.9  306.5  305.8  306.1  307.5  309.8  313.6  319.2  324  326.5  327.3  327.2  326.8  326.3  325.6  324.7  323.7  322.5  
316.9  315.4  313.7  312  310.3  308.6  307  305.5  304.6  304.8  306.1  308.4  312.2  317.9  322.8  325.2  325.9  325.7  325.3  324.7  323.9  322.9  321.8  320.5  
316.9  315.3  313.7  312  310.3  308.6  307  305.5  304.6  304.8  306  308.3  312.1  317.8  322.7  325.1  325.8  325.7  325.2  324.6  323.8  322.8  321.7  320.3  
317  315.4  313.8  312.2  310.5  308.9  307.3  305.9  305.1  305.3  306.6  308.9  312.7  318.4  323.2  325.7  326.4  326.3  325.9  325.3  324.5  323.6  322.5  321.2  
317  315.6  314.2  312.7  311.3  309.9  308.5  307.3  306.7  307.1  308.6  310.9  314.6  320.2  324.9  327.5  328.3  328.3  328  327.5  326.9  326.1  325.1  324.1  
317  315.5  314  312.4  310.9  309.3  307.9  306.5  305.8  306.1  307.5  309.8  313.6  319.2  324  326.5  327.3  327.2  326.8  326.3  325.6  324.7  323.7  322.5  
317  315.6  314.1  312.6  311.1  309.6  308.2  306.9  306.2  306.6  308.1  310.4  314.1  319.7  324.5  327  327.8  327.8  327.5  327  326.3  325.4  324.5  323.3  
