317.6  316.5  316.1  316.4  316.8  317.5  318.8  320.6  322  323.1  324.1  324.8  325.3  325.4  325.1  324.7  323.9  322.9  
317.6  316.5  316.1  316.4  316.9  317.6  318.9  320.7  322.1  323.3  324.2  325  325.5  325.6  325.3  324.8  324.1  323.1  
317.6  316.4  316  316.3  316.7  317.4  318.7  320.4  321.8  323  323.9  324.6  325.1  325.1  324.9  324.4  323.6  322.5  
317.7  316.6  316.3  316.6  317.2  317.9  319.2  321  322.5  323.7  324.7  325.5  326  326.2  326  325.5  324.9  323.9  
317.6  316.4  316  316.2  316.7  317.3  318.6  320.3  321.7  322.8  323.7  324.5  324.9  325  324.7  324.2  323.4  322.3  
317.7  316.6  316.2  316.6  317.1  317.8  319.1  320.9  322.4  323.6  324.5  325.3  325.9  326  325.8  325.3  324.6  323.7  
317.7  316.5  316.2  316.5  317  317.7  319  320.8  322.3  323.4  324.4  325.2  325.7  325.8  325.6  325.1  324.4  323.4  
317.7  316.6  316.3  316.7  317.3  318  319.4  321.2  322.7  323.9  324.9  325.8  326.3  326.5  326.3  325.9  325.2  324.3  
317.7  316.7  316.4  316.8  317.4  318.2  319.6  321.4  322.9  324.1  325.1  326  326.6  326.8  326.6  326.2  325.6  324.7  
317.7  316.8  316.6  317.1  317.8  318.6  320.1  321.9  323.5  324.8  325.8  326.8  327.4  327.6  327.5  327.2  326.7  325.8  
317.6  316.4  315.9  316.1  316.5  317.1  318.4  320.1  321.5  322.6  323.5  324.2  324.6  324.6  324.3  323.8  323  321.9  
317.7  316.8  316.5  317  317.6  318.4  319.9  321.7  323.3  324.6  325.6  326.5  327.1  327.4  327.3  326.9  326.3  325.4  
317.7  316.7  316.5  316.9  317.5  318.3  319.7  321.6  323.1  324.4  325.4  326.3  326.9  327.1  327  326.6  326  325.1  
317.6  316.4  315.9  316.1  316.5  317.1  318.3  320  321.4  322.5  323.4  324.1  324.5  324.5  324.2  323.7  322.9  321.7  
317.7  316.8  316.6  317.1  317.8  318.6  320.1  322  323.6  324.8  325.9  326.9  327.5  327.8  327.7  327.4  326.8  326  
317.6  316.4  315.9  316.2  316.6  317.2  318.5  320.2  321.6  322.8  323.7  324.4  324.8  324.9  324.6  324  323.3  322.1  
317.7  316.7  316.4  316.8  317.4  318.2  319.6  321.4  322.9  324.2  325.2  326  326.6  326.8  326.6  326.3  325.6  324.7  
317.7  316.6  316.3  316.7  317.2  318  319.4  321.2  322.7  323.9  324.9  325.7  326.2  326.4  326.2  325.8  325.1  324.2  
317.7  316.8  316.5  317  317.7  318.5  319.9  321.8  323.3  324.6  325.6  326.6  327.2  327.4  327.3  327  326.4  325.5  
317.7  316.7  316.5  316.9  317.5  318.3  319.8  321.6  323.1  324.4  325.4  326.3  326.9  327.1  327  326.6  326  325.1  
