317.4  317.7  319.5  322.6  325.6  327.7  328.7  328.8  328.2  327.2  326  324.8  323.4  321.9  320.3  318.6  
317.4  317.7  319.5  322.6  325.6  327.6  328.7  328.8  328.1  327.1  325.9  324.7  323.3  321.8  320.2  318.4  
317.4  317.7  319.5  322.5  325.6  327.5  328.6  328.7  328.1  327  325.9  324.6  323.2  321.7  320.1  318.3  
317.4  317.7  319.5  322.6  325.6  327.7  328.7  328.8  328.2  327.2  326  324.7  323.4  321.9  320.3  318.5  
317.4  317.7  319.5  322.6  325.6  327.7  328.7  328.8  328.2  327.2  326  324.7  323.4  321.9  320.3  318.5  
317.4  317.7  319.5  322.5  325.6  327.5  328.6  328.7  328.1  327  325.9  324.6  323.2  321.7  320.1  318.3  
317.4  317.7  319.5  322.6  325.6  327.7  328.7  328.8  328.2  327.2  326  324.7  323.4  321.9  320.3  318.5  
317.4  317.7  319.5  322.6  325.6  327.5  328.6  328.7  328.1  327  325.9  324.6  323.2  321.7  320.1  318.3  
317.4  317.7  319.5  322.6  325.6  327.7  328.7  328.8  328.2  327.2  326  324.7  323.4  321.9  320.3  318.5  
317.4  317.7  319.5  322.6  325.6  327.5  328.6  328.7  328.1  327  325.9  324.6  323.2  321.7  320.1  318.3  
317.4  317.7  319.5  322.6  325.6  327.7  328.7  328.8  328.2  327.2  326  324.7  323.4  321.9  320.3  318.5  
317.4  317.7  319.5  322.6  325.6  327.5  328.6  328.7  328.1  327  325.9  324.6  323.2  321.7  320.1  318.3  
317.4  317.7  319.5  322.6  325.6  327.5  328.6  328.7  328.1  327  325.9  324.6  323.2  321.7  320.1  318.3  
317.4  317.7  319.5  322.6  325.6  327.7  328.7  328.8  328.2  327.2  326  324.7  323.4  321.9  320.3  318.5  
317.4  317.7  319.5  322.6  325.6  327.5  328.6  328.7  328.1  327  325.9  324.6  323.2  321.7  320.1  318.3  
317.4  317.7  319.5  322.6  325.6  327.7  328.7  328.8  328.2  327.2  326  324.7  323.4  321.9  320.3  318.5  
317.4  317.7  319.5  322.6  325.6  327.5  328.6  328.7  328.1  327  325.9  324.6  323.2  321.7  320.1  318.3  
317.4  317.7  319.5  322.6  325.6  327.7  328.7  328.8  328.2  327.2  326  324.8  323.4  321.9  320.3  318.5  
317.4  317.7  319.5  322.6  325.6  327.5  328.6  328.7  328.1  327  325.9  324.6  323.2  321.7  320.1  318.3  
317.4  317.7  319.5  322.6  325.6  327.7  328.7  328.8  328.2  327.2  326  324.8  323.4  321.9  320.3  318.5  
