317.6  318.4  320.6  324  327.4  329.7  331  331.4  331.2  330.7  330  329.1  328.2  327.1  326  324.9  
317.7  318.5  320.7  324.2  327.5  330  331.3  331.8  331.6  331.1  330.5  329.7  328.8  327.8  326.8  325.7  
317.5  318.1  320.1  323.4  326.6  328.8  330  330.3  329.9  329.1  328.2  327.2  326  324.8  323.5  322.1  
317.5  318  320  323.2  326.4  328.6  329.8  330.1  329.6  328.8  327.9  326.8  325.6  324.4  323  321.6  
317.6  318.3  320.5  323.8  327.1  329.4  330.7  331.1  330.8  330.2  329.4  328.5  327.5  326.4  325.2  324  
317.6  318.2  320.2  323.5  326.7  328.9  330.2  330.5  330.1  329.4  328.5  327.5  326.4  325.2  323.9  322.6  
317.6  318.3  320.5  323.8  327.2  329.5  330.8  331.1  330.9  330.3  329.5  328.6  327.6  326.5  325.4  324.2  
317.6  318.3  320.4  323.7  326.9  329.2  330.5  330.9  330.5  329.9  329.1  328.1  327  325.9  324.7  323.5  
317.6  318.2  320.3  323.6  326.8  329.1  330.3  330.7  330.3  329.6  328.8  327.8  326.7  325.5  324.3  323  
317.7  318.5  320.7  324.1  327.5  329.9  331.2  331.6  331.4  330.9  330.2  329.4  328.5  327.5  326.4  325.3  
317.7  318.5  320.8  324.2  327.7  330.1  331.4  331.9  331.7  331.3  330.7  330  329.1  328.1  327.1  326  
317.6  318.4  320.5  323.9  327.2  329.6  330.9  331.3  331  330.4  329.7  328.8  327.8  326.8  325.7  324.5  
317.5  317.9  319.8  322.9  326  328.1  329.3  329.4  328.9  328  326.9  325.7  324.4  323.1  321.6  320  
317.5  317.9  319.8  323  326.1  328.2  329.3  329.5  329  328.1  327.1  325.9  324.6  323.3  321.8  320.3  
317.5  318  320  323.2  326.3  328.5  329.7  330  329.5  328.6  327.7  326.6  325.4  324.1  322.7  321.3  
317.5  318  319.9  323.1  326.3  328.4  329.6  329.9  329.4  328.5  327.5  326.4  325.2  323.9  322.5  321  
317.7  318.6  320.8  324.3  327.7  330.1  331.4  331.9  331.8  331.3  330.7  330  329.1  328.2  327.2  326.1  
317.6  318.3  320.4  323.7  326.9  329.2  330.5  330.9  330.5  329.9  329.1  328.1  327  325.9  324.7  323.5  
317.5  318.1  320.1  323.3  326.5  328.8  330  330.3  329.9  329.1  328.2  327.1  325.9  324.7  323.4  322  
317.5  318  319.9  323.1  326.2  328.3  329.5  329.7  329.2  328.4  327.3  326.2  325  323.7  322.3  320.8  
