316.9  315.4  313.7  312  310.3  308.6  307  305.5  304.6  304.8  306.1  308.3  312.2  317.9  322.7  325.2  325.9  325.7  325.3  324.7  323.9  322.9  321.7  320.4  
316.9  315.4  313.8  312.1  310.4  308.7  307.1  305.7  304.8  305  306.3  308.6  312.4  318.1  322.9  325.4  326.1  325.9  325.5  324.9  324.1  323.2  322  320.8  
317  315.4  313.8  312.1  310.5  308.8  307.3  305.8  304.9  305.2  306.5  308.8  312.6  318.3  323.1  325.5  326.3  326.1  325.7  325.1  324.3  323.4  322.3  321  
317  315.6  314.1  312.5  311  309.5  308.1  306.8  306.1  306.4  307.8  310.2  313.9  319.5  324.3  326.8  327.6  327.5  327.2  326.7  326  325.1  324.1  323  
317  315.4  313.8  312.2  310.6  308.9  307.4  305.9  305.1  305.4  306.7  309  312.8  318.5  323.3  325.7  326.5  326.3  326  325.4  324.6  323.7  322.6  321.3  
317  315.6  314.1  312.6  311  309.6  308.1  306.8  306.1  306.5  307.9  310.2  314  319.6  324.3  326.8  327.7  327.5  327.3  326.8  326.1  325.2  324.2  323.1  
317  315.5  313.9  312.3  310.7  309.2  307.7  306.3  305.5  305.8  307.2  309.5  313.3  318.9  323.7  326.2  326.9  326.8  326.5  325.9  325.2  324.3  323.2  322.1  
317  315.5  314  312.4  310.9  309.3  307.9  306.5  305.8  306.1  307.5  309.8  313.6  319.2  324  326.5  327.3  327.2  326.8  326.3  325.6  324.7  323.7  322.5  
316.9  315.3  313.6  311.9  310.1  308.4  306.7  305.2  304.2  304.3  305.6  307.8  311.7  317.4  322.3  324.7  325.4  325.2  324.8  324.1  323.3  322.2  321  319.7  
316.9  315.3  313.6  311.8  310  308.2  306.5  304.9  304  304.1  305.3  307.5  311.3  317.1  322  324.4  325.1  324.9  324.4  323.8  322.9  321.8  320.6  319.2  
316.9  315.2  313.5  311.7  309.9  308.1  306.4  304.8  303.8  303.9  305  307.2  311.1  316.9  321.8  324.2  324.9  324.6  324.2  323.5  322.6  321.5  320.3  318.8  
317  315.4  313.9  312.3  310.6  309  307.5  306.1  305.3  305.5  306.9  309.2  313  318.6  323.4  325.9  326.6  326.5  326.2  325.6  324.8  323.9  322.8  321.6  
317  315.5  313.9  312.3  310.7  309.2  307.7  306.3  305.5  305.8  307.1  309.4  313.2  318.9  323.6  326.1  326.9  326.8  326.4  325.9  325.1  324.2  323.2  322  
316.9  315.3  313.7  312  310.3  308.5  306.9  305.4  304.5  304.7  305.9  308.1  312  317.7  322.6  325  325.7  325.5  325.1  324.5  323.6  322.7  321.5  320.2  
317  315.5  314  312.4  310.9  309.4  307.9  306.6  305.8  306.2  307.5  309.9  313.6  319.3  324  326.5  327.3  327.2  326.9  326.3  325.6  324.8  323.7  322.6  
317  315.6  314.1  312.6  311.1  309.7  308.3  307  306.3  306.7  308.2  310.5  314.2  319.8  324.5  327.1  327.9  327.8  327.5  327  326.4  325.5  324.6  323.5  
316.9  315.2  313.5  311.7  309.9  308.1  306.4  304.8  303.8  303.9  305  307.2  311.1  316.9  321.8  324.2  324.9  324.7  324.2  323.5  322.6  321.5  320.3  318.8  
316.9  315.3  313.6  311.9  310.1  308.4  306.7  305.2  304.2  304.3  305.6  307.8  311.7  317.4  322.3  324.8  325.4  325.2  324.8  324.1  323.3  322.3  321.1  319.7  
317  315.6  314.1  312.6  311.1  309.7  308.3  307  306.3  306.7  308.2  310.5  314.2  319.8  324.5  327.1  327.9  327.8  327.5  327  326.4  325.5  324.6  323.5  
316.9  315.3  313.6  311.8  310  308.2  306.5  304.9  304  304.1  305.3  307.5  311.3  317.1  322  324.5  325.1  324.9  324.4  323.8  322.9  321.8  320.6  319.2  
