317  315.4  313.9  312.2  310.6  309  307.5  306  305.2  305.5  306.8  309.1  312.9  318.6  323.4  325.8  326.6  326.5  326.1  325.5  324.8  323.8  322.8  321.6  
317  315.5  313.9  312.3  310.7  309.1  307.6  306.2  305.4  305.7  307.1  309.4  313.2  318.8  323.6  326.1  326.8  326.7  326.4  325.8  325  324.1  323.1  321.9  
316.9  315.4  313.8  312.1  310.4  308.8  307.2  305.7  304.8  305.1  306.4  308.6  312.4  318.2  323  325.4  326.2  326  325.6  325  324.2  323.2  322.1  320.8  
317  315.4  313.8  312.2  310.5  308.9  307.3  305.9  305  305.3  306.6  308.9  312.7  318.4  323.2  325.6  326.4  326.2  325.8  325.2  324.5  323.5  322.4  321.2  
317  315.5  314  312.4  310.8  309.3  307.8  306.5  305.7  306  307.4  309.7  313.5  319.1  323.9  326.4  327.2  327.1  326.8  326.2  325.5  324.6  323.6  322.4  
316.9  315.3  313.7  312  310.3  308.6  307  305.5  304.6  304.8  306  308.2  312.1  317.8  322.7  325.1  325.8  325.6  325.2  324.6  323.8  322.8  321.6  320.3  
316.9  315.4  313.8  312.1  310.4  308.7  307.1  305.7  304.8  305  306.3  308.6  312.4  318.1  322.9  325.4  326.1  325.9  325.5  324.9  324.1  323.2  322  320.8  
317  315.4  313.9  312.3  310.6  309  307.5  306.1  305.3  305.6  306.9  309.2  313  318.6  323.4  325.9  326.7  326.5  326.2  325.6  324.8  323.9  322.8  321.6  
317  315.5  314  312.5  310.9  309.4  307.9  306.6  305.8  306.2  307.6  309.9  313.7  319.3  324  326.5  327.3  327.2  326.9  326.4  325.7  324.8  323.8  322.6  
316.9  315.4  313.7  312  310.3  308.7  307  305.5  304.7  304.9  306.1  308.4  312.2  317.9  322.8  325.2  325.9  325.8  325.4  324.7  323.9  322.9  321.8  320.5  
317  315.4  313.8  312.2  310.5  308.9  307.3  305.9  305  305.3  306.6  308.9  312.7  318.4  323.2  325.7  326.4  326.3  325.9  325.3  324.5  323.6  322.5  321.2  
316.9  315.3  313.7  312  310.3  308.5  306.9  305.4  304.5  304.7  305.9  308.1  312  317.7  322.6  325  325.7  325.5  325.1  324.5  323.6  322.6  321.5  320.2  
316.9  315.3  313.7  311.9  310.2  308.4  306.8  305.2  304.3  304.5  305.7  307.9  311.8  317.5  322.4  324.8  325.5  325.3  324.9  324.3  323.4  322.4  321.2  319.9  
317  315.5  314  312.5  311  309.5  308  306.7  306  306.3  307.7  310.1  313.8  319.4  324.2  326.7  327.5  327.4  327.1  326.6  325.9  325  324  322.9  
317  315.5  313.9  312.4  310.8  309.2  307.7  306.3  305.5  305.9  307.2  309.5  313.3  319  323.7  326.2  327  326.9  326.5  326  325.2  324.3  323.3  322.1  
317  315.5  313.9  312.3  310.7  309.1  307.6  306.2  305.4  305.7  307  309.3  313.1  318.8  323.5  326  326.8  326.7  326.3  325.7  325  324.1  323  321.8  
317  315.5  314  312.5  311  309.5  308  306.7  306  306.3  307.7  310.1  313.8  319.4  324.2  326.7  327.5  327.4  327.1  326.6  325.9  325  324  322.9  
316.9  315.3  313.7  311.9  310.2  308.4  306.8  305.2  304.3  304.5  305.7  307.9  311.8  317.5  322.4  324.8  325.5  325.3  324.9  324.3  323.4  322.4  321.2  319.9  
317  315.5  313.9  312.4  310.8  309.2  307.7  306.3  305.5  305.9  307.2  309.5  313.3  319  323.7  326.2  327  326.9  326.5  326  325.2  324.3  323.3  322.1  
317  315.5  314  312.4  310.9  309.3  307.9  306.5  305.7  306.1  307.5  309.8  313.5  319.2  323.9  326.4  327.2  327.1  326.8  326.2  325.5  324.6  323.6  322.4  
