317.4  317.8  319.6  322.7  325.7  327.7  328.8  328.9  328.3  327.3  326.2  324.9  323.6  322.1  320.5  318.8  
317.3  317.5  319.2  322.2  325.2  327.1  328.1  328.1  327.3  326.2  325  323.6  322.1  320.4  318.6  316.6  
317.4  317.8  319.7  322.8  325.9  328  329.1  329.3  328.7  327.7  326.7  325.5  324.2  322.8  321.3  319.6  
317.5  318  320  323.2  326.4  328.5  329.7  330  329.5  328.7  327.7  326.6  325.4  324.1  322.8  321.3  
317.5  317.9  319.8  323  326.1  328.2  329.4  329.6  329.1  328.2  327.1  326  324.7  323.4  322  320.4  
317.4  317.8  319.7  322.8  325.9  327.9  329  329.2  328.6  327.6  326.5  325.3  324  322.6  321.1  319.4  
317.5  318  320  323.1  326.3  328.5  329.6  329.9  329.4  328.6  327.5  326.5  325.2  324  322.6  321.1  
317.3  317.4  319  321.9  324.8  326.7  327.5  327.5  326.6  325.4  324.1  322.6  321  319.2  317.2  315  
317.4  317.6  319.4  322.4  325.4  327.3  328.3  328.4  327.7  326.6  325.4  324.1  322.6  321  319.3  317.4  
317.3  317.5  319.1  322.1  325  326.9  327.8  327.8  327  325.8  324.5  323.1  321.5  319.8  317.9  315.8  
317.3  317.3  318.8  321.7  324.5  326.3  327.1  327  326.1  324.8  323.4  321.8  320.1  318.1  316  313.7  
317.3  317.3  318.9  321.7  324.6  326.4  327.2  327.1  326.2  325  323.6  322  320.3  318.4  316.3  314  
317.4  317.7  319.5  322.5  325.5  327.5  328.6  328.7  328  326.9  325.8  324.5  323.1  321.6  319.9  318.1  
317.2  317.1  318.6  321.4  324.2  325.9  326.6  326.4  325.4  324.1  322.6  320.9  319  316.9  314.6  312.1  
317.2  317.2  318.6  321.5  324.2  326  326.7  326.5  325.6  324.2  322.7  321.1  319.2  317.2  314.9  312.4  
317.5  318.1  320.1  323.3  326.5  328.7  329.9  330.2  329.8  329  328  327  325.8  324.6  323.3  321.8  
317.3  317.4  319  321.9  324.8  326.7  327.5  327.5  326.6  325.4  324.1  322.6  321  319.2  317.2  315  
317.5  317.9  319.9  323  326.1  328.2  329.4  329.6  329.1  328.2  327.2  326  324.7  323.4  322  320.4  
317.3  317.6  319.3  322.2  325.2  327.1  328.1  328.1  327.4  326.3  325  323.6  322.1  320.5  318.7  316.7  
317.3  317.5  319.1  322.1  325  326.9  327.8  327.8  327  325.8  324.5  323.1  321.5  319.8  317.9  315.8  
