317.6  316.5  316.1  316.4  316.9  317.5  318.8  320.6  322  323.2  324.1  324.9  325.4  325.4  325.2  324.7  324  322.9  
317.6  316.4  316  316.2  316.7  317.3  318.6  320.3  321.7  322.9  323.8  324.5  324.9  325  324.7  324.2  323.4  322.3  
317.6  316.5  316  316.3  316.8  317.4  318.7  320.5  321.9  323  323.9  324.7  325.2  325.2  325  324.5  323.7  322.6  
317.7  316.6  316.3  316.7  317.2  317.9  319.3  321.1  322.6  323.8  324.8  325.6  326.1  326.3  326.1  325.7  325  324  
317.6  316.4  315.9  316.1  316.5  317  318.3  320  321.4  322.5  323.4  324.1  324.5  324.5  324.2  323.6  322.8  321.6  
317.7  316.6  316.2  316.6  317.1  317.8  319.2  320.9  322.4  323.6  324.6  325.4  325.9  326  325.8  325.4  324.7  323.7  
317.7  316.5  316.2  316.5  317  317.6  319  320.8  322.2  323.4  324.3  325.1  325.6  325.7  325.5  325  324.3  323.3  
317.6  316.4  315.9  316.2  316.6  317.2  318.5  320.2  321.6  322.7  323.6  324.3  324.7  324.8  324.5  323.9  323.1  322  
317.6  316.3  315.8  316  316.4  316.9  318.2  319.9  321.3  322.4  323.2  323.9  324.3  324.3  324  323.4  322.6  321.4  
317.6  316.2  315.6  315.8  316.1  316.6  317.8  319.4  320.8  321.8  322.6  323.3  323.6  323.6  323.2  322.5  321.6  320.4  
317.5  316.2  315.6  315.6  315.9  316.4  317.6  319.2  320.5  321.5  322.3  323  323.3  323.2  322.8  322.1  321.1  319.8  
317.5  316.2  315.6  315.7  315.9  316.4  317.6  319.2  320.5  321.6  322.3  323  323.3  323.2  322.8  322.1  321.2  319.9  
317.6  316.2  315.7  315.8  316.1  316.6  317.8  319.4  320.8  321.8  322.7  323.3  323.6  323.6  323.2  322.6  321.6  320.4  
317.7  316.7  316.4  316.8  317.4  318.2  319.6  321.4  323  324.2  325.2  326.1  326.7  326.9  326.7  326.4  325.7  324.8  
317.6  316.3  315.7  315.9  316.2  316.8  318  319.7  321  322.1  322.9  323.6  324  323.9  323.6  323  322.1  320.9  
317.7  316.6  316.4  316.7  317.3  318.1  319.5  321.3  322.8  324  325  325.8  326.4  326.6  326.4  326  325.4  324.4  
317.7  316.7  316.4  316.8  317.4  318.2  319.6  321.4  323  324.2  325.2  326.1  326.7  326.9  326.7  326.4  325.7  324.8  
317.6  316.3  315.7  315.9  316.2  316.8  318  319.7  321  322.1  322.9  323.6  324  323.9  323.6  323  322.1  320.9  
317.7  316.6  316.4  316.7  317.3  318.1  319.5  321.3  322.8  324  325  325.8  326.4  326.6  326.4  326  325.4  324.4  
317.7  316.5  316.2  316.5  317  317.7  319  320.8  322.2  323.4  324.4  325.1  325.6  325.7  325.5  325.1  324.4  323.3  
