317.5  318.1  320.2  323.4  326.6  328.9  330.1  330.4  330  329.3  328.4  327.3  326.2  325  323.7  322.4  
317.5  318  319.9  323.1  326.2  328.4  329.6  329.8  329.3  328.4  327.4  326.3  325  323.8  322.4  320.9  
317.6  318.4  320.6  324  327.3  329.7  331  331.4  331.2  330.6  329.9  329.1  328.1  327.1  326  324.8  
317.5  318.1  320.1  323.4  326.6  328.8  330.1  330.3  329.9  329.2  328.3  327.2  326.1  324.9  323.6  322.2  
317.7  318.5  320.7  324.1  327.5  329.9  331.2  331.6  331.4  330.9  330.2  329.4  328.5  327.5  326.4  325.3  
317.7  318.5  320.7  324.2  327.5  330  331.3  331.7  331.5  331  330.4  329.7  328.8  327.8  326.7  325.6  
317.5  317.9  319.8  323  326.1  328.2  329.3  329.5  329  328.1  327.1  325.9  324.6  323.3  321.9  320.3  
317.5  318  320  323.2  326.4  328.6  329.8  330.1  329.6  328.8  327.8  326.7  325.5  324.3  322.9  321.5  
317.6  318.4  320.6  323.9  327.3  329.7  330.9  331.4  331.1  330.5  329.9  329  328  327  325.9  324.7  
317.5  317.9  319.8  322.9  326  328.1  329.2  329.4  328.8  327.9  326.8  325.6  324.3  323  321.5  319.9  
317.4  317.8  319.7  322.8  325.9  328  329.1  329.3  328.7  327.8  326.7  325.5  324.2  322.8  321.3  319.6  
317.7  318.6  320.9  324.3  327.8  330.2  331.5  332  331.9  331.4  330.9  330.2  329.3  328.4  327.4  326.4  
317.6  318.3  320.4  323.8  327.1  329.4  330.7  331.1  330.8  330.2  329.4  328.5  327.4  326.3  325.2  324  
317.4  317.8  319.6  322.7  325.8  327.8  328.9  329.1  328.5  327.5  326.4  325.1  323.8  322.4  320.8  319.1  
317.7  318.7  321  324.5  328  330.4  331.8  332.3  332.2  331.8  331.3  330.6  329.9  329  328.1  327.1  
317.6  318.2  320.3  323.6  326.9  329.1  330.4  330.7  330.4  329.7  328.9  327.9  326.8  325.7  324.5  323.2  
317.7  318.7  321  324.5  328  330.4  331.8  332.3  332.2  331.8  331.3  330.6  329.9  329  328.1  327.1  
317.6  318.2  320.3  323.6  326.9  329.1  330.4  330.7  330.4  329.7  328.9  327.9  326.8  325.7  324.5  323.2  
317.6  318.3  320.4  323.8  327.1  329.4  330.7  331.1  330.8  330.2  329.4  328.5  327.4  326.3  325.2  324  
317.7  318.6  320.9  324.3  327.8  330.2  331.5  332  331.9  331.4  330.8  330.1  329.3  328.4  327.4  326.3  
