317.5  317.9  319.8  322.9  326  328.1  329.2  329.4  328.8  327.9  326.8  325.7  324.4  323  321.5  319.9  
317.4  317.8  319.7  322.7  325.8  327.9  329  329.1  328.5  327.5  326.4  325.2  323.9  322.4  320.9  319.2  
317.4  317.6  319.4  322.4  325.4  327.3  328.3  328.4  327.7  326.6  325.4  324.1  322.6  321  319.3  317.4  
317.3  317.4  319  321.9  324.8  326.7  327.5  327.5  326.6  325.4  324.1  322.6  321  319.2  317.2  315  
317.3  317.4  318.9  321.8  324.7  326.5  327.4  327.3  326.4  325.2  323.9  322.3  320.7  318.8  316.8  314.6  
317.3  317.5  319.1  322.1  325  326.9  327.8  327.8  327  325.8  324.5  323.1  321.5  319.8  317.9  315.8  
317.5  317.9  319.9  323  326.2  328.3  329.5  329.7  329.2  328.3  327.3  326.1  324.9  323.6  322.2  320.6  
317.5  318  320  323.2  326.4  328.5  329.7  330  329.5  328.7  327.7  326.6  325.4  324.2  322.8  321.4  
317.5  318.1  320.1  323.3  326.5  328.7  329.9  330.2  329.8  329  328  327  325.8  324.6  323.3  321.9  
317.4  317.8  319.6  322.7  325.7  327.8  328.9  329  328.4  327.4  326.2  325  323.7  322.2  320.6  318.9  
317.4  317.7  319.5  322.5  325.5  327.5  328.6  328.7  328  327  325.8  324.5  323.1  321.6  320  318.2  
317.3  317.3  318.9  321.8  324.6  326.5  327.3  327.2  326.3  325.1  323.7  322.2  320.5  318.6  316.5  314.3  
317.3  317.5  319.3  322.2  325.2  327.1  328.1  328.1  327.3  326.2  325  323.6  322.1  320.4  318.6  316.6  
317.2  317.2  318.6  321.4  324.2  325.9  326.7  326.5  325.5  324.2  322.7  321  319.2  317.1  314.8  312.3  
317.2  317.2  318.8  321.6  324.4  326.2  327  326.9  325.9  324.7  323.2  321.6  319.9  317.9  315.7  313.4  
317.5  318.1  320.2  323.4  326.6  328.9  330.1  330.4  330  329.3  328.4  327.3  326.2  325  323.7  322.4  
317.2  317.2  318.6  321.5  324.2  326  326.7  326.5  325.6  324.2  322.8  321.1  319.2  317.2  314.9  312.4  
317.2  317.3  318.8  321.6  324.5  326.2  327  326.9  326  324.7  323.3  321.7  319.9  317.9  315.8  313.4  
317.5  318.1  320.2  323.4  326.6  328.9  330.1  330.4  330  329.3  328.4  327.3  326.2  325  323.7  322.4  
317.5  317.9  319.9  323  326.2  328.3  329.5  329.7  329.2  328.3  327.3  326.2  324.9  323.6  322.2  320.7  
