317.6  316.5  316.1  316.4  316.9  317.5  318.8  320.6  322  323.2  324.1  324.9  325.4  325.5  325.2  324.7  324  323  
317.6  316.4  315.9  316.2  316.6  317.2  318.4  320.2  321.6  322.7  323.6  324.3  324.7  324.7  324.5  323.9  323.1  322  
317.6  316.3  315.8  316  316.3  316.9  318.1  319.8  321.2  322.3  323.1  323.8  324.2  324.2  323.9  323.3  322.4  321.2  
317.6  316.5  316  316.3  316.8  317.4  318.7  320.5  321.9  323  324  324.7  325.2  325.2  325  324.5  323.7  322.7  
317.6  316.4  315.9  316.1  316.5  317  318.3  320  321.4  322.5  323.4  324.1  324.5  324.5  324.2  323.6  322.8  321.7  
317.6  316.4  316  316.2  316.7  317.3  318.6  320.3  321.7  322.8  323.7  324.5  324.9  325  324.7  324.2  323.4  322.3  
317.6  316.3  315.7  315.8  316.2  316.7  317.9  319.5  320.9  321.9  322.8  323.4  323.8  323.7  323.4  322.7  321.8  320.6  
317.6  316.3  315.7  315.9  316.2  316.7  318  319.6  321  322  322.9  323.6  323.9  323.9  323.5  322.9  322  320.8  
317.5  316.2  315.6  315.6  315.9  316.4  317.5  319.2  320.5  321.5  322.3  322.9  323.2  323.2  322.7  322.1  321.1  319.8  
317.5  316.2  315.6  315.7  316  316.5  317.7  319.3  320.7  321.7  322.5  323.1  323.5  323.4  323  322.3  321.4  320.1  
317.7  316.6  316.3  316.7  317.3  318  319.4  321.2  322.7  323.9  324.9  325.8  326.3  326.5  326.3  325.9  325.2  324.3  
317.7  316.6  316.3  316.7  317.2  318  319.4  321.2  322.6  323.9  324.9  325.7  326.2  326.4  326.2  325.8  325.1  324.2  
317.7  316.5  316.2  316.5  317  317.7  319  320.8  322.2  323.4  324.4  325.2  325.7  325.8  325.5  325.1  324.4  323.4  
317.5  316.2  315.5  315.6  315.8  316.3  317.4  319.1  320.4  321.4  322.2  322.8  323.1  323  322.5  321.8  320.9  319.5  
317.7  316.6  316.2  316.6  317.1  317.8  319.2  321  322.5  323.6  324.6  325.4  326  326.1  325.9  325.5  324.8  323.8  
317.7  316.7  316.4  316.8  317.4  318.2  319.6  321.4  322.9  324.2  325.2  326.1  326.6  326.8  326.7  326.3  325.7  324.8  
317.7  316.7  316.4  316.8  317.4  318.2  319.6  321.4  322.9  324.2  325.2  326.1  326.6  326.8  326.7  326.3  325.7  324.8  
317.7  316.5  316.2  316.5  317  317.7  319  320.8  322.3  323.4  324.4  325.2  325.7  325.8  325.6  325.1  324.4  323.4  
317.6  316.3  315.8  316  316.4  316.9  318.1  319.8  321.2  322.3  323.2  323.9  324.2  324.2  323.9  323.3  322.5  321.3  
317.7  316.6  316.2  316.6  317.1  317.8  319.2  321  322.5  323.6  324.6  325.4  326  326.1  325.9  325.5  324.8  323.8  
