317.4  317.8  319.7  322.8  325.9  328  329.1  329.2  328.7  327.7  326.6  325.4  324.1  322.7  321.2  319.6  
317.5  317.9  319.9  323  326.2  328.3  329.5  329.7  329.2  328.3  327.3  326.1  324.9  323.5  322.1  320.6  
317.5  318  320  323.2  326.4  328.5  329.7  330  329.5  328.7  327.7  326.6  325.4  324.2  322.8  321.4  
317.4  317.6  319.4  322.4  325.3  327.3  328.3  328.4  327.6  326.6  325.3  324  322.5  321  319.2  317.3  
317.6  318.2  320.3  323.5  326.8  329.1  330.3  330.7  330.3  329.6  328.7  327.8  326.7  325.5  324.3  323  
317.3  317.5  319.2  322.1  325.1  327  327.9  327.9  327.1  326  324.7  323.3  321.7  320.1  318.2  316.1  
317.4  317.7  319.5  322.6  325.6  327.6  328.7  328.8  328.2  327.1  326  324.7  323.3  321.9  320.3  318.5  
317.3  317.4  319.1  322  324.9  326.8  327.7  327.7  326.8  325.7  324.4  322.9  321.3  319.6  317.6  315.5  
317.5  318.1  320.2  323.4  326.6  328.8  330.1  330.4  330  329.2  328.3  327.2  326.1  324.9  323.6  322.2  
317.3  317.3  318.9  321.8  324.7  326.5  327.4  327.3  326.4  325.2  323.8  322.3  320.6  318.8  316.7  314.5  
317.1  316.9  318.2  320.8  323.5  325.1  325.7  325.3  324.2  322.6  320.9  319  316.7  314.3  311.7  308.6  
317.1  316.9  318.3  321  323.7  325.3  325.9  325.6  324.5  323  321.3  319.4  317.3  315  312.4  309.5  
317.2  317.2  318.7  321.6  324.3  326.1  326.9  326.7  325.8  324.5  323  321.4  319.6  317.5  315.3  312.9  
317.1  316.7  317.9  320.5  323.1  324.6  325.1  324.6  323.4  321.7  319.9  317.7  315.3  312.7  309.7  306.4  
317.6  318.3  320.5  323.8  327.1  329.4  330.7  331.1  330.8  330.2  329.4  328.5  327.5  326.4  325.2  324  
317.2  317.1  318.5  321.2  324  325.6  326.3  326.1  325.1  323.7  322.1  320.4  318.4  316.2  313.8  311.1  
317.1  316.7  317.9  320.5  323.1  324.6  325.1  324.6  323.4  321.7  319.9  317.7  315.3  312.7  309.7  306.4  
317.6  318.3  320.5  323.8  327.1  329.4  330.7  331.1  330.8  330.2  329.4  328.5  327.5  326.4  325.2  324  
317.2  317.2  318.7  321.6  324.3  326.1  326.9  326.7  325.8  324.5  323  321.4  319.6  317.6  315.3  312.9  
317.2  317.1  318.5  321.2  324  325.6  326.3  326.1  325.1  323.7  322.1  320.4  318.4  316.2  313.8  311.1  
