317.7  316.6  316.2  316.5  317  317.7  319.1  320.8  322.3  323.5  324.5  325.3  325.8  325.9  325.7  325.2  324.5  323.5  
317.6  316.4  316  316.3  316.7  317.3  318.6  320.3  321.8  322.9  323.8  324.5  325  325  324.8  324.2  323.5  322.4  
317.6  316.4  315.9  316.2  316.6  317.2  318.5  320.2  321.6  322.7  323.6  324.4  324.8  324.8  324.6  324  323.2  322.1  
317.6  316.5  316.1  316.4  316.8  317.5  318.8  320.5  322  323.1  324  324.8  325.3  325.3  325.1  324.6  323.9  322.8  
317.6  316.5  316.1  316.4  316.9  317.6  318.9  320.7  322.1  323.3  324.3  325  325.5  325.6  325.4  324.9  324.2  323.2  
317.7  316.6  316.2  316.6  317.1  317.8  319.2  321  322.4  323.6  324.6  325.4  325.9  326.1  325.9  325.4  324.7  323.8  
317.6  316.3  315.7  315.8  316.2  316.7  317.9  319.5  320.9  322  322.8  323.4  323.8  323.8  323.4  322.8  321.9  320.6  
317.6  316.4  315.9  316.1  316.5  317  318.3  320  321.4  322.5  323.3  324  324.5  324.5  324.1  323.6  322.8  321.6  
317.5  316.2  315.6  315.7  316  316.4  317.6  319.3  320.6  321.6  322.4  323.1  323.4  323.3  322.9  322.2  321.3  320  
317.6  316.2  315.7  315.8  316.1  316.6  317.8  319.5  320.8  321.9  322.7  323.4  323.7  323.7  323.3  322.7  321.8  320.5  
317.7  316.7  316.5  316.9  317.5  318.3  319.7  321.6  323.1  324.3  325.4  326.3  326.8  327  326.9  326.6  325.9  325  
317.5  316.2  315.6  315.7  315.9  316.4  317.6  319.2  320.5  321.6  322.4  323  323.3  323.2  322.8  322.1  321.2  319.9  
317.6  316.3  315.8  316  316.3  316.9  318.1  319.8  321.1  322.2  323.1  323.8  324.1  324.1  323.8  323.2  322.3  321.1  
317.7  316.7  316.5  316.9  317.6  318.3  319.8  321.6  323.2  324.4  325.4  326.3  326.9  327.1  327  326.7  326.1  325.2  
317.7  316.6  316.3  316.7  317.2  318  319.4  321.2  322.7  323.9  324.9  325.7  326.2  326.4  326.2  325.8  325.1  324.2  
317.7  316.7  316.4  316.8  317.4  318.1  319.5  321.3  322.9  324.1  325.1  326  326.5  326.7  326.6  326.2  325.5  324.6  
317.6  316.4  315.9  316.1  316.5  317  318.3  320  321.4  322.5  323.4  324.1  324.5  324.5  324.2  323.6  322.8  321.7  
317.6  316.3  315.8  316  316.3  316.9  318.1  319.8  321.2  322.2  323.1  323.8  324.2  324.2  323.8  323.2  322.4  321.2  
317.7  316.7  316.4  316.8  317.4  318.1  319.5  321.3  322.9  324.1  325.1  326  326.5  326.7  326.6  326.2  325.5  324.6  
317.7  316.6  316.3  316.7  317.2  318  319.4  321.2  322.7  323.9  324.9  325.7  326.2  326.4  326.2  325.8  325.2  324.2  
