316.9  315.4  313.8  312.1  310.4  308.8  307.2  305.7  304.8  305.1  306.4  308.6  312.4  318.1  323  325.4  326.1  326  325.6  325  324.2  323.2  322.1  320.8  
316.9  315.4  313.7  312.1  310.4  308.7  307.1  305.6  304.7  304.9  306.2  308.5  312.3  318  322.8  325.3  326  325.8  325.4  324.8  324  323  321.9  320.6  
316.9  315.3  313.6  311.9  310.1  308.4  306.7  305.1  304.2  304.3  305.6  307.8  311.6  317.4  322.3  324.7  325.4  325.2  324.7  324.1  323.2  322.2  321  319.6  
317  315.4  313.8  312.2  310.5  308.9  307.3  305.8  305  305.2  306.5  308.8  312.6  318.3  323.1  325.6  326.3  326.2  325.8  325.2  324.4  323.5  322.4  321.1  
316.9  315.3  313.6  311.8  310  308.3  306.6  305  304  304.2  305.4  307.6  311.4  317.2  322.1  324.5  325.2  325  324.5  323.9  323  321.9  320.7  319.3  
316.9  315.3  313.7  311.9  310.2  308.5  306.8  305.3  304.3  304.5  305.8  308  311.8  317.6  322.4  324.9  325.6  325.4  324.9  324.3  323.4  322.4  321.3  319.9  
316.9  315.1  313.4  311.5  309.6  307.7  305.9  304.2  303.1  303.1  304.2  306.3  310.2  316.1  321.1  323.5  324.1  323.8  323.3  322.5  321.6  320.4  319  317.5  
316.9  315.2  313.4  311.6  309.7  307.8  306  304.3  303.3  303.3  304.5  306.6  310.5  316.3  321.3  323.7  324.3  324  323.5  322.8  321.8  320.7  319.4  317.9  
316.9  315.2  313.4  311.6  309.7  307.9  306.1  304.3  303.4  303.4  304.6  306.7  310.6  316.4  321.4  323.8  324.4  324.2  323.7  322.9  322  320.9  319.6  318.1  
316.9  315.2  313.5  311.6  309.8  307.9  306.2  304.5  303.5  303.5  304.7  306.8  310.7  316.6  321.5  323.9  324.6  324.3  323.8  323.1  322.1  321  319.7  318.2  
316.9  315.1  313.3  311.5  309.6  307.6  305.8  304.1  303  303  304.1  306.2  310.1  316  321  323.4  324  323.7  323.2  322.4  321.4  320.3  318.9  317.3  
316.9  315.3  313.7  312  310.3  308.6  306.9  305.4  304.5  304.7  306  308.2  312.1  317.8  322.6  325.1  325.8  325.6  325.2  324.6  323.7  322.7  321.6  320.3  
317  315.4  313.8  312.2  310.6  308.9  307.4  305.9  305.1  305.4  306.7  309  312.8  318.5  323.3  325.7  326.5  326.3  326  325.4  324.6  323.7  322.6  321.3  
316.9  315.2  313.5  311.7  309.9  308  306.3  304.7  303.7  303.8  304.9  307.1  311  316.8  321.7  324.1  324.8  324.5  324  323.3  322.4  321.3  320.1  318.6  
317  315.4  313.9  312.3  310.7  309.1  307.5  306.1  305.3  305.6  306.9  309.2  313  318.7  323.5  325.9  326.7  326.6  326.2  325.6  324.9  324  322.9  321.7  
316.9  315.2  313.5  311.8  310  308.2  306.4  304.8  303.8  304  305.2  307.3  311.2  317  321.9  324.3  325  324.8  324.3  323.6  322.7  321.7  320.4  319  
317  315.4  313.9  312.3  310.7  309.1  307.5  306.1  305.3  305.6  306.9  309.2  313  318.7  323.5  325.9  326.7  326.6  326.2  325.6  324.9  324  322.9  321.7  
316.9  315.2  313.5  311.7  309.9  308.1  306.3  304.7  303.7  303.8  304.9  307.1  311  316.8  321.7  324.1  324.8  324.5  324.1  323.4  322.4  321.4  320.1  318.6  
316.9  315.3  313.7  312  310.3  308.6  307  305.4  304.5  304.7  306  308.2  312.1  317.8  322.7  325.1  325.8  325.6  325.2  324.6  323.7  322.8  321.6  320.3  
316.9  315.2  313.5  311.8  310  308.2  306.4  304.8  303.8  304  305.2  307.3  311.2  317  321.9  324.3  325  324.8  324.3  323.6  322.7  321.7  320.4  319  
