317  315.4  313.9  312.2  310.6  309  307.4  306  305.2  305.4  306.8  309.1  312.9  318.5  323.3  325.8  326.6  326.4  326  325.5  324.7  323.8  322.7  321.4  
317  315.6  314.1  312.5  311  309.5  308.1  306.8  306.1  306.5  307.9  310.2  314  319.6  324.3  326.8  327.6  327.5  327.3  326.7  326  325.2  324.2  323.1  
316.9  315.3  313.7  312  310.3  308.6  307  305.5  304.6  304.8  306  308.3  312.1  317.9  322.7  325.1  325.8  325.7  325.3  324.6  323.8  322.8  321.7  320.4  
316.9  315.4  313.8  312.1  310.4  308.8  307.2  305.7  304.9  305.1  306.4  308.7  312.5  318.2  323  325.4  326.2  326  325.6  325  324.2  323.3  322.2  320.9  
317  315.4  313.8  312.2  310.5  308.9  307.3  305.9  305  305.3  306.6  308.9  312.7  318.4  323.2  325.6  326.4  326.2  325.9  325.3  324.5  323.5  322.4  321.2  
317  315.5  314  312.4  310.8  309.3  307.8  306.4  305.7  306  307.4  309.7  313.5  319.1  323.9  326.4  327.2  327.1  326.7  326.2  325.4  324.6  323.5  322.4  
316.9  315.3  313.7  312  310.3  308.6  306.9  305.4  304.5  304.7  306  308.2  312  317.8  322.6  325.1  325.8  325.6  325.2  324.5  323.7  322.7  321.6  320.2  
316.9  315.4  313.8  312.1  310.4  308.7  307.1  305.6  304.8  305  306.3  308.5  312.3  318.1  322.9  325.3  326.1  325.9  325.5  324.9  324.1  323.1  322  320.7  
317  315.5  314  312.5  310.9  309.4  308  306.6  305.9  306.2  307.6  309.9  313.7  319.3  324.1  326.6  327.4  327.3  327  326.4  325.7  324.9  323.8  322.7  
317  315.6  314.2  312.7  311.3  309.9  308.5  307.3  306.6  307.1  308.6  310.9  314.6  320.2  324.9  327.4  328.3  328.3  328  327.5  326.9  326.1  325.1  324  
317  315.5  314  312.4  310.8  309.2  307.8  306.4  305.6  305.9  307.3  309.6  313.4  319  323.8  326.3  327.1  327  326.6  326.1  325.3  324.4  323.4  322.2  
317  315.6  314.1  312.6  311.1  309.7  308.3  307  306.3  306.7  308.1  310.5  314.2  319.8  324.5  327  327.9  327.8  327.5  327  326.3  325.5  324.5  323.4  
317  315.6  314.2  312.7  311.2  309.8  308.4  307.1  306.5  306.9  308.4  310.7  314.4  320  324.7  327.2  328.1  328  327.8  327.3  326.6  325.8  324.8  323.7  
316.9  315.3  313.7  311.9  310.2  308.4  306.8  305.2  304.3  304.5  305.7  307.9  311.8  317.5  322.4  324.8  325.5  325.3  324.9  324.3  323.4  322.4  321.2  319.9  
316.9  315.3  313.6  311.9  310.1  308.4  306.7  305.2  304.2  304.3  305.6  307.8  311.7  317.5  322.3  324.8  325.5  325.2  324.8  324.2  323.3  322.3  321.1  319.7  
317  315.5  313.9  312.3  310.7  309.1  307.6  306.2  305.4  305.7  307  309.3  313.1  318.8  323.5  326  326.8  326.6  326.3  325.7  325  324.1  323  321.8  
317  315.6  314.2  312.7  311.3  309.9  308.5  307.3  306.6  307.1  308.5  310.9  314.6  320.2  324.9  327.4  328.3  328.2  328  327.5  326.8  326  325.1  324  
317  315.5  313.9  312.3  310.7  309.1  307.6  306.2  305.4  305.7  307  309.3  313.1  318.8  323.5  326  326.8  326.6  326.3  325.7  325  324.1  323  321.8  
317  315.6  314.1  312.5  311  309.5  308.1  306.8  306.1  306.4  307.9  310.2  313.9  319.5  324.3  326.8  327.6  327.5  327.2  326.7  326  325.1  324.2  323  
317  315.6  314.1  312.6  311.1  309.7  308.3  307  306.3  306.7  308.2  310.5  314.2  319.8  324.5  327.1  327.9  327.8  327.5  327.1  326.4  325.5  324.6  323.5  
