316.9  315.4  313.7  312  310.3  308.7  307  305.5  304.7  304.9  306.1  308.4  312.2  317.9  322.8  325.2  325.9  325.8  325.4  324.7  323.9  323  321.8  320.5  
316.9  315.3  313.6  311.9  310.1  308.3  306.6  305.1  304.1  304.2  305.5  307.7  311.5  317.3  322.2  324.6  325.3  325.1  324.6  324  323.1  322  320.8  319.5  
317  315.5  313.9  312.3  310.7  309.2  307.7  306.3  305.5  305.8  307.1  309.4  313.2  318.9  323.7  326.1  326.9  326.8  326.4  325.9  325.1  324.2  323.2  322  
316.9  315.4  313.8  312.1  310.4  308.8  307.2  305.7  304.8  305.1  306.3  308.6  312.4  318.1  323  325.4  326.1  326  325.6  325  324.2  323.2  322.1  320.8  
316.9  315.3  313.7  311.9  310.2  308.5  306.8  305.3  304.3  304.6  305.8  308  311.9  317.6  322.5  324.9  325.6  325.4  325  324.3  323.5  322.5  321.3  320  
317  315.4  313.8  312.2  310.5  308.8  307.3  305.8  304.9  305.2  306.5  308.8  312.6  318.3  323.1  325.5  326.3  326.1  325.8  325.1  324.4  323.4  322.3  321  
317  315.5  314  312.4  310.8  309.3  307.8  306.4  305.7  306  307.4  309.7  313.5  319.1  323.9  326.4  327.1  327  326.7  326.2  325.4  324.5  323.5  322.3  
316.9  315.4  313.8  312.1  310.4  308.7  307.1  305.6  304.8  305  306.3  308.5  312.3  318.1  322.9  325.3  326.1  325.9  325.5  324.9  324.1  323.1  322  320.7  
317  315.4  313.9  312.2  310.6  309  307.4  306  305.1  305.4  306.7  309  312.8  318.5  323.3  325.8  326.5  326.4  326  325.4  324.6  323.7  322.6  321.4  
316.9  315.3  313.7  311.9  310.2  308.4  306.8  305.2  304.3  304.5  305.7  307.9  311.8  317.5  322.4  324.8  325.5  325.3  324.9  324.3  323.4  322.4  321.2  319.9  
317  315.4  313.8  312.2  310.5  308.9  307.3  305.8  305  305.2  306.5  308.8  312.6  318.3  323.1  325.6  326.3  326.2  325.8  325.2  324.4  323.5  322.4  321.1  
316.9  315.3  313.7  312  310.3  308.6  307  305.4  304.5  304.7  306  308.2  312.1  317.8  322.6  325.1  325.8  325.6  325.2  324.6  323.7  322.8  321.6  320.3  
316.9  315.3  313.6  311.8  310  308.3  306.6  305  304  304.2  305.4  307.6  311.4  317.2  322.1  324.5  325.2  325  324.5  323.9  323  321.9  320.7  319.3  
317  315.5  314  312.5  310.9  309.4  308  306.6  305.9  306.2  307.6  309.9  313.7  319.3  324.1  326.6  327.4  327.3  327  326.4  325.7  324.8  323.8  322.7  
317  315.4  313.9  312.3  310.7  309.1  307.5  306.1  305.3  305.6  306.9  309.2  313  318.7  323.5  326  326.7  326.6  326.2  325.7  324.9  324  322.9  321.7  
316.9  315.3  313.6  311.9  310.1  308.4  306.7  305.1  304.2  304.3  305.6  307.8  311.6  317.4  322.3  324.7  325.4  325.2  324.7  324.1  323.2  322.2  321  319.6  
317  315.5  314  312.5  310.9  309.4  308  306.6  305.9  306.2  307.6  309.9  313.7  319.3  324.1  326.6  327.4  327.3  327  326.4  325.7  324.8  323.8  322.7  
317  315.5  314  312.4  310.8  309.3  307.8  306.4  305.7  306  307.4  309.7  313.5  319.1  323.9  326.4  327.2  327  326.7  326.2  325.4  324.6  323.5  322.4  
317  315.5  313.9  312.3  310.7  309.1  307.6  306.2  305.4  305.7  307.1  309.4  313.2  318.8  323.6  326.1  326.9  326.7  326.4  325.8  325.1  324.2  323.1  321.9  
317  315.4  313.9  312.2  310.6  309  307.4  306  305.2  305.5  306.8  309.1  312.9  318.5  323.3  325.8  326.6  326.4  326.1  325.5  324.7  323.8  322.7  321.5  
