317  315.4  313.8  312.2  310.5  308.9  307.4  305.9  305.1  305.3  306.7  308.9  312.7  318.4  323.2  325.7  326.4  326.3  325.9  325.3  324.5  323.6  322.5  321.3  
317  315.4  313.9  312.3  310.6  309  307.5  306.1  305.3  305.6  306.9  309.2  313  318.6  323.4  325.9  326.7  326.5  326.2  325.6  324.8  323.9  322.8  321.6  
317  315.4  313.8  312.1  310.5  308.8  307.2  305.8  304.9  305.2  306.5  308.7  312.5  318.2  323.1  325.5  326.3  326.1  325.7  325.1  324.3  323.4  322.3  321  
316.9  315.4  313.8  312.1  310.4  308.7  307.1  305.7  304.8  305  306.3  308.6  312.4  318.1  322.9  325.4  326.1  325.9  325.5  324.9  324.1  323.2  322  320.8  
316.9  315.3  313.7  312  310.3  308.6  307  305.4  304.5  304.7  306  308.2  312.1  317.8  322.6  325.1  325.8  325.6  325.2  324.6  323.7  322.8  321.6  320.3  
317  315.6  314.1  312.6  311.1  309.7  308.3  307  306.3  306.7  308.1  310.4  314.2  319.8  324.5  327  327.9  327.8  327.5  327  326.3  325.5  324.5  323.4  
317  315.6  314.1  312.6  311.1  309.6  308.2  306.9  306.2  306.6  308  310.4  314.1  319.7  324.4  327  327.8  327.7  327.4  326.9  326.2  325.4  324.4  323.3  
317  315.5  314  312.5  311  309.5  308  306.7  306  306.3  307.7  310.1  313.8  319.4  324.2  326.7  327.5  327.4  327.1  326.6  325.8  325  324  322.9  
317  315.5  314  312.4  310.8  309.3  307.8  306.5  305.7  306  307.4  309.7  313.5  319.1  323.9  326.4  327.2  327.1  326.8  326.2  325.5  324.6  323.6  322.4  
317  315.5  313.9  312.3  310.7  309.2  307.7  306.3  305.5  305.8  307.2  309.5  313.2  318.9  323.7  326.1  326.9  326.8  326.5  325.9  325.1  324.3  323.2  322  
316.9  315.3  313.6  311.9  310.1  308.3  306.6  305.1  304.1  304.3  305.5  307.7  311.5  317.3  322.2  324.6  325.3  325.1  324.6  324  323.1  322.1  320.9  319.5  
316.9  315.2  313.5  311.7  309.8  308  306.2  304.6  303.5  303.6  304.8  306.9  310.8  316.6  321.6  324  324.6  324.4  323.9  323.2  322.2  321.1  319.9  318.4  
316.9  315.2  313.5  311.7  309.8  308  306.3  304.6  303.6  303.7  304.9  307  310.9  316.7  321.7  324.1  324.7  324.5  324  323.3  322.4  321.3  320  318.5  
316.9  315.3  313.6  311.8  310  308.2  306.5  304.9  303.9  304.1  305.3  307.5  311.3  317.1  322  324.4  325.1  324.9  324.4  323.7  322.9  321.8  320.6  319.2  
316.9  315.3  313.5  311.8  310  308.2  306.5  304.9  303.9  304  305.2  307.4  311.2  317  321.9  324.4  325  324.8  324.3  323.6  322.7  321.7  320.5  319  
316.9  315.3  313.7  311.9  310.2  308.5  306.8  305.2  304.3  304.5  305.7  307.9  311.8  317.6  322.4  324.8  325.5  325.3  324.9  324.3  323.4  322.4  321.2  319.9  
317  315.5  314  312.5  310.9  309.4  308  306.7  305.9  306.3  307.7  310  313.8  319.4  324.1  326.6  327.4  327.4  327.1  326.5  325.8  324.9  323.9  322.8  
316.9  315.3  313.7  312  310.3  308.6  307  305.5  304.6  304.8  306  308.3  312.1  317.8  322.7  325.1  325.8  325.7  325.3  324.6  323.8  322.8  321.7  320.4  
317  315.5  314  312.4  310.8  309.3  307.8  306.5  305.7  306  307.4  309.7  313.5  319.1  323.9  326.4  327.2  327.1  326.7  326.2  325.5  324.6  323.6  322.4  
317  315.5  313.9  312.3  310.7  309.1  307.6  306.2  305.4  305.7  307.1  309.4  313.2  318.8  323.6  326.1  326.9  326.7  326.4  325.8  325.1  324.2  323.1  321.9  
