317.4  317.8  319.7  322.8  325.8  327.9  329  329.2  328.6  327.6  326.5  325.3  324  322.6  321.1  319.4  
317.5  318  320  323.1  326.3  328.4  329.6  329.9  329.4  328.5  327.5  326.4  325.2  323.9  322.5  321.1  
317.4  317.6  319.4  322.4  325.4  327.3  328.3  328.4  327.7  326.6  325.4  324  322.6  321  319.3  317.4  
317.4  317.6  319.3  322.3  325.2  327.2  328.2  328.2  327.4  326.3  325.1  323.7  322.2  320.6  318.8  316.9  
317.5  317.9  319.8  322.9  326  328.1  329.2  329.4  328.8  327.9  326.8  325.6  324.4  323  321.5  319.9  
317.5  318.1  320.1  323.4  326.6  328.8  330  330.3  329.9  329.1  328.2  327.1  326  324.8  323.5  322.1  
317.3  317.3  318.9  321.8  324.6  326.5  327.3  327.2  326.3  325.1  323.7  322.2  320.5  318.6  316.5  314.3  
317.3  317.5  319.1  322.1  325  326.9  327.8  327.8  327  325.8  324.5  323.1  321.5  319.8  317.9  315.8  
317.4  317.7  319.5  322.6  325.6  327.6  328.6  328.8  328.1  327.1  325.9  324.6  323.2  321.7  320.1  318.3  
317.6  318.2  320.3  323.5  326.8  329.1  330.3  330.6  330.3  329.6  328.7  327.7  326.6  325.5  324.3  322.9  
317.6  318.2  320.3  323.6  326.9  329.2  330.4  330.8  330.4  329.8  328.9  328  326.9  325.8  324.6  323.3  
317.2  317.2  318.7  321.5  324.3  326.1  326.8  326.7  325.7  324.4  322.9  321.3  319.5  317.4  315.2  312.8  
317.2  317  318.4  321.2  323.9  325.5  326.2  325.9  324.9  323.4  321.9  320.1  318  315.8  313.3  310.6  
317.6  318.3  320.5  323.8  327.1  329.4  330.7  331.1  330.8  330.2  329.4  328.5  327.5  326.4  325.2  324  
317.2  317  318.5  321.2  324  325.6  326.3  326.1  325  323.6  322.1  320.3  318.3  316.1  313.7  311  
317.1  316.9  318.2  320.9  323.6  325.2  325.8  325.5  324.3  322.8  321.2  319.3  317.1  314.7  312.1  309.2  
317.2  317.2  318.7  321.5  324.3  326.1  326.8  326.7  325.7  324.4  322.9  321.3  319.5  317.5  315.2  312.8  
317.3  317.3  318.9  321.8  324.7  326.5  327.3  327.2  326.4  325.1  323.8  322.2  320.5  318.7  316.6  314.4  
317.1  316.9  318.2  320.9  323.6  325.2  325.8  325.5  324.4  322.9  321.2  319.3  317.1  314.8  312.2  309.2  
317.5  318  320  323.1  326.3  328.5  329.7  329.9  329.4  328.6  327.5  326.5  325.3  324  322.6  321.1  
