317.4  317.7  319.5  322.6  325.6  327.6  328.6  328.7  328.1  327.1  325.9  324.6  323.2  321.7  320.1  318.3  
317.3  317.4  319.1  322  324.9  326.7  327.6  327.5  326.7  325.5  324.2  322.8  321.1  319.4  317.4  315.3  
317.3  317.3  318.9  321.8  324.7  326.5  327.3  327.2  326.4  325.1  323.8  322.2  320.5  318.7  316.6  314.4  
317.3  317.5  319.1  322.1  325  326.9  327.8  327.8  327  325.9  324.6  323.1  321.6  319.9  318  315.9  
317.4  317.6  319.4  322.4  325.4  327.4  328.4  328.5  327.8  326.7  325.5  324.2  322.8  321.2  319.5  317.7  
317.4  317.8  319.6  322.7  325.8  327.8  328.9  329.1  328.5  327.5  326.4  325.2  323.8  322.4  320.8  319.2  
317.5  318.1  320.1  323.3  326.5  328.7  329.9  330.2  329.7  328.9  328  326.9  325.8  324.5  323.2  321.8  
317.5  317.9  319.8  322.9  326  328.1  329.3  329.4  328.9  328  326.9  325.7  324.5  323.1  321.6  320.1  
317.5  318  320  323.2  326.4  328.6  329.8  330.1  329.6  328.8  327.9  326.8  325.6  324.3  323  321.6  
317.2  317.2  318.8  321.6  324.4  326.2  327  326.9  325.9  324.7  323.2  321.6  319.9  317.9  315.7  313.4  
317.2  317.2  318.6  321.5  324.2  326  326.7  326.5  325.5  324.2  322.7  321.1  319.2  317.1  314.9  312.4  
317.4  317.8  319.7  322.8  325.8  327.9  329  329.1  328.5  327.5  326.5  325.3  323.9  322.5  321  319.3  
317.2  317.1  318.5  321.3  324  325.7  326.4  326.2  325.2  323.8  322.2  320.5  318.5  316.4  314  311.4  
317.3  317.3  318.9  321.8  324.7  326.5  327.3  327.2  326.3  325.1  323.7  322.2  320.5  318.6  316.6  314.3  
317.5  318  319.9  323.1  326.2  328.4  329.5  329.8  329.3  328.4  327.4  326.3  325  323.7  322.3  320.8  
317.4  317.6  319.3  322.3  325.2  327.2  328.1  328.2  327.4  326.3  325.1  323.7  322.2  320.6  318.8  316.8  
317.2  317.1  318.5  321.3  324  325.7  326.4  326.2  325.2  323.8  322.2  320.5  318.5  316.4  314  311.4  
317.2  317.2  318.8  321.6  324.5  326.2  327  326.9  326  324.7  323.2  321.6  319.9  317.9  315.8  313.4  
317.2  317.2  318.6  321.5  324.2  326  326.7  326.5  325.6  324.2  322.7  321.1  319.2  317.2  314.9  312.4  
317.4  317.6  319.3  322.3  325.2  327.2  328.1  328.2  327.4  326.3  325.1  323.7  322.2  320.6  318.8  316.8  
