316.9  315.3  313.6  311.8  310.1  308.3  306.6  305  304.1  304.2  305.4  307.6  311.5  317.3  322.1  324.6  325.3  325  324.6  323.9  323  322  320.8  319.4  
316.9  315.3  313.7  311.9  310.2  308.5  306.8  305.3  304.3  304.5  305.8  308  311.8  317.6  322.4  324.9  325.6  325.4  325  324.3  323.5  322.5  321.3  319.9  
316.9  315.1  313.4  311.5  309.6  307.7  305.9  304.2  303.1  303.2  304.3  306.4  310.3  316.2  321.1  323.5  324.2  323.9  323.4  322.6  321.6  320.5  319.1  317.6  
316.9  315.2  313.5  311.7  309.9  308.1  306.4  304.7  303.7  303.9  305  307.2  311.1  316.9  321.8  324.2  324.9  324.6  324.2  323.5  322.5  321.5  320.2  318.8  
316.9  315.4  313.7  312  310.3  308.6  307  305.5  304.6  304.8  306.1  308.4  312.2  317.9  322.7  325.2  325.9  325.7  325.3  324.7  323.9  322.9  321.8  320.5  
316.9  315.2  313.4  311.6  309.8  307.9  306.1  304.5  303.4  303.5  304.7  306.8  310.7  316.5  321.5  323.9  324.5  324.3  323.8  323  322.1  321  319.7  318.2  
316.9  315.1  313.3  311.4  309.5  307.6  305.7  304  302.9  302.9  304  306.1  310  315.9  320.9  323.3  323.9  323.6  323.1  322.3  321.3  320.1  318.7  317.2  
317  315.4  313.9  312.3  310.6  309.1  307.5  306.1  305.3  305.6  306.9  309.2  313  318.7  323.5  325.9  326.7  326.6  326.2  325.6  324.9  323.9  322.9  321.7  
316.9  315.1  313.3  311.3  309.4  307.4  305.5  303.8  302.6  302.6  303.7  305.8  309.7  315.6  320.6  323  323.6  323.3  322.7  321.9  320.9  319.7  318.3  316.6  
317  315.6  314.1  312.6  311.1  309.7  308.3  307  306.3  306.7  308.1  310.5  314.2  319.8  324.5  327  327.9  327.8  327.5  327  326.3  325.5  324.5  323.4  
317  315.4  313.8  312.2  310.5  308.8  307.3  305.8  305  305.2  306.5  308.8  312.6  318.3  323.1  325.6  326.3  326.1  325.8  325.2  324.4  323.4  322.3  321.1  
317  315.5  314  312.5  311  309.5  308  306.7  306  306.3  307.7  310.1  313.8  319.4  324.2  326.7  327.5  327.4  327.1  326.6  325.9  325  324  322.9  
317  315.6  314.2  312.7  311.2  309.8  308.4  307.1  306.4  306.9  308.3  310.6  314.4  320  324.7  327.2  328  328  327.7  327.2  326.5  325.7  324.8  323.7  
317  315.5  314  312.4  310.8  309.3  307.8  306.4  305.6  306  307.3  309.6  313.4  319.1  323.8  326.3  327.1  327  326.7  326.1  325.4  324.5  323.5  322.3  
316.8  315  313.1  311.1  309  307  305  303.2  302  301.8  302.9  304.9  308.7  314.8  319.8  322.2  322.8  322.4  321.8  320.9  319.8  318.5  317  315.2  
316.8  315  313.2  311.3  309.2  307.3  305.4  303.6  302.4  302.3  303.4  305.4  309.3  315.3  320.3  322.7  323.3  322.9  322.4  321.5  320.5  319.2  317.8  316.1  
316.8  315  313.1  311.1  309  307  305  303.2  302  301.8  302.9  304.9  308.7  314.8  319.8  322.2  322.8  322.4  321.8  320.9  319.8  318.5  317  315.2  
317  315.5  314  312.4  310.8  309.3  307.8  306.4  305.6  306  307.4  309.7  313.4  319.1  323.8  326.3  327.1  327  326.7  326.1  325.4  324.5  323.5  322.3  
317  315.4  313.9  312.2  310.6  309  307.5  306.1  305.2  305.5  306.8  309.1  312.9  318.6  323.4  325.9  326.6  326.5  326.1  325.5  324.8  323.9  322.8  321.6  
316.8  315  313.2  311.3  309.2  307.3  305.4  303.6  302.4  302.3  303.4  305.4  309.3  315.3  320.3  322.7  323.3  322.9  322.4  321.5  320.5  319.2  317.8  316.1  
