317.7  316.5  316.2  316.5  317  317.7  319.1  320.8  322.3  323.5  324.4  325.2  325.7  325.8  325.6  325.2  324.5  323.5  
317.6  316.4  315.9  316.1  316.5  317.1  318.3  320  321.4  322.5  323.4  324.1  324.5  324.5  324.2  323.7  322.8  321.7  
317.6  316.4  315.9  316.2  316.6  317.2  318.5  320.2  321.6  322.7  323.6  324.4  324.8  324.8  324.6  324  323.2  322.1  
317.6  316.3  315.7  315.9  316.3  316.8  318  319.7  321.1  322.1  323  323.7  324  324  323.6  323  322.2  321  
317.6  316.2  315.7  315.8  316.1  316.6  317.8  319.5  320.8  321.9  322.7  323.4  323.7  323.7  323.3  322.6  321.7  320.5  
317.6  316.3  315.8  316  316.4  316.9  318.2  319.9  321.2  322.3  323.2  323.9  324.3  324.2  323.9  323.3  322.5  321.3  
317.7  316.6  316.2  316.6  317.1  317.8  319.2  321  322.5  323.7  324.7  325.5  326  326.1  325.9  325.5  324.8  323.8  
317.5  316.2  315.6  315.7  316  316.5  317.7  319.3  320.7  321.7  322.5  323.2  323.5  323.4  323  322.4  321.4  320.2  
317.5  316.2  315.6  315.6  315.9  316.4  317.5  319.2  320.5  321.5  322.3  322.9  323.2  323.1  322.7  322  321.1  319.8  
317.7  316.6  316.3  316.7  317.3  318  319.4  321.2  322.7  323.9  324.9  325.7  326.3  326.5  326.3  325.9  325.2  324.3  
317.6  316.5  316  316.3  316.7  317.4  318.7  320.4  321.8  323  323.9  324.6  325.1  325.2  324.9  324.4  323.6  322.6  
317.6  316.5  316.1  316.4  316.9  317.5  318.9  320.6  322.1  323.2  324.2  324.9  325.4  325.5  325.3  324.8  324.1  323  
317.7  316.7  316.4  316.8  317.4  318.2  319.6  321.4  322.9  324.2  325.2  326.1  326.6  326.8  326.7  326.3  325.7  324.7  
317.8  316.9  316.7  317.2  318  318.8  320.3  322.2  323.8  325.1  326.2  327.2  327.9  328.1  328.1  327.8  327.3  326.5  
317.7  316.8  316.6  317.1  317.8  318.6  320.1  321.9  323.5  324.8  325.9  326.8  327.4  327.7  327.6  327.3  326.7  325.9  
317.7  316.7  316.5  317  317.6  318.4  319.8  321.7  323.2  324.5  325.5  326.4  327  327.2  327.1  326.8  326.2  325.3  
317.8  316.9  316.7  317.2  318  318.8  320.3  322.2  323.8  325.1  326.2  327.2  327.9  328.1  328.1  327.8  327.3  326.5  
317.7  316.8  316.6  317.1  317.8  318.6  320.1  321.9  323.5  324.8  325.9  326.8  327.4  327.7  327.6  327.3  326.7  325.9  
317.7  316.7  316.5  317  317.6  318.4  319.8  321.7  323.2  324.5  325.5  326.4  327  327.2  327.1  326.8  326.2  325.3  
317.7  316.7  316.4  316.8  317.4  318.2  319.6  321.4  322.9  324.2  325.2  326  326.6  326.8  326.7  326.3  325.6  324.7  
