317.6  316.5  316.1  316.4  316.9  317.6  318.9  320.6  322.1  323.3  324.2  325  325.5  325.5  325.3  324.8  324.1  323.1  
317.7  316.6  316.3  316.7  317.3  318  319.4  321.2  322.7  323.9  324.9  325.7  326.3  326.4  326.3  325.9  325.2  324.3  
317.7  316.5  316.2  316.5  317  317.7  319  320.8  322.2  323.4  324.4  325.1  325.6  325.7  325.5  325.1  324.4  323.3  
317.7  316.6  316.2  316.6  317.1  317.8  319.2  321  322.4  323.6  324.6  325.4  325.9  326  325.9  325.4  324.7  323.7  
317.6  316.5  316.1  316.3  316.8  317.5  318.8  320.5  322  323.1  324  324.8  325.3  325.3  325.1  324.6  323.8  322.8  
317.7  316.7  316.4  316.8  317.4  318.2  319.6  321.4  322.9  324.1  325.1  326  326.6  326.8  326.6  326.2  325.6  324.7  
317.7  316.7  316.4  316.9  317.5  318.2  319.7  321.5  323  324.3  325.3  326.2  326.8  326.9  326.8  326.4  325.8  324.9  
317.6  316.3  315.7  315.8  316.1  316.6  317.8  319.5  320.9  321.9  322.7  323.4  323.8  323.7  323.3  322.7  321.8  320.6  
317.7  316.8  316.5  317  317.7  318.5  319.9  321.8  323.3  324.6  325.6  326.6  327.2  327.4  327.3  327  326.4  325.5  
317.6  316.4  315.9  316.1  316.6  317.1  318.4  320.1  321.6  322.7  323.5  324.3  324.7  324.7  324.4  323.9  323.1  322  
317.6  316.3  315.8  316.1  316.4  317  318.3  320  321.3  322.4  323.3  324  324.4  324.4  324.1  323.5  322.7  321.6  
317.6  316.4  316  316.2  316.7  317.3  318.6  320.3  321.7  322.9  323.8  324.5  325  325  324.7  324.2  323.5  322.4  
317.7  316.8  316.7  317.2  317.8  318.7  320.2  322  323.6  324.9  326  327  327.6  327.9  327.8  327.5  327  326.1  
317.8  316.8  316.7  317.2  317.9  318.7  320.2  322.1  323.7  325  326.1  327  327.7  328  327.9  327.6  327.1  326.2  
317.5  316.2  315.6  315.7  316  316.5  317.7  319.3  320.6  321.7  322.5  323.1  323.4  323.4  323  322.3  321.4  320.1  
317.6  316.3  315.8  315.9  316.3  316.8  318  319.7  321.1  322.2  323  323.7  324.1  324.1  323.7  323.1  322.2  321  
317.5  316.2  315.6  315.7  316  316.5  317.7  319.3  320.6  321.7  322.5  323.1  323.4  323.4  323  322.3  321.4  320.1  
317.7  316.8  316.5  317  317.6  318.4  319.9  321.7  323.3  324.5  325.6  326.5  327.1  327.3  327.2  326.9  326.3  325.4  
317.6  316.3  315.8  315.9  316.3  316.8  318  319.7  321.1  322.2  323  323.7  324.1  324.1  323.7  323.1  322.2  321  
317.7  316.6  316.3  316.7  317.2  318  319.3  321.1  322.6  323.8  324.8  325.7  326.2  326.4  326.2  325.8  325.1  324.1  
