317  315.5  313.9  312.3  310.7  309.2  307.7  306.3  305.5  305.8  307.2  309.5  313.2  318.9  323.7  326.2  326.9  326.8  326.5  325.9  325.2  324.3  323.2  322  
317  315.6  314.1  312.6  311.1  309.7  308.3  307  306.4  306.8  308.2  310.5  314.3  319.9  324.6  327.1  327.9  327.9  327.6  327.1  326.4  325.6  324.6  323.5  
317  315.5  314  312.4  310.8  309.3  307.8  306.4  305.7  306  307.4  309.7  313.5  319.1  323.9  326.3  327.1  327  326.7  326.1  325.4  324.5  323.5  322.3  
317  315.4  313.9  312.2  310.6  309  307.4  306  305.2  305.4  306.7  309  312.8  318.5  323.3  325.8  326.5  326.4  326  325.4  324.7  323.7  322.6  321.4  
317  315.5  313.9  312.3  310.7  309.1  307.5  306.1  305.3  305.6  307  309.3  313  318.7  323.5  326  326.7  326.6  326.2  325.7  324.9  324  322.9  321.7  
317  315.4  313.8  312.2  310.5  308.9  307.3  305.8  305  305.2  306.5  308.8  312.6  318.3  323.1  325.6  326.3  326.2  325.8  325.2  324.4  323.5  322.3  321.1  
317  315.7  314.2  312.8  311.4  310  308.7  307.4  306.8  307.3  308.8  311.1  314.8  320.4  325.1  327.6  328.5  328.5  328.2  327.8  327.1  326.3  325.4  324.3  
317  315.6  314.1  312.6  311  309.6  308.2  306.8  306.1  306.5  307.9  310.3  314  319.6  324.3  326.9  327.7  327.6  327.3  326.8  326.1  325.3  324.3  323.1  
316.9  315.4  313.8  312.1  310.4  308.7  307.1  305.6  304.8  305  306.3  308.5  312.4  318.1  322.9  325.4  326.1  325.9  325.5  324.9  324.1  323.1  322  320.7  
317  315.6  314.2  312.7  311.3  309.8  308.5  307.2  306.6  307  308.5  310.8  314.6  320.1  324.8  327.4  328.2  328.2  327.9  327.4  326.8  326  325  323.9  
317  315.5  314  312.5  310.9  309.4  308  306.6  305.9  306.3  307.7  310  313.7  319.4  324.1  326.6  327.4  327.3  327  326.5  325.8  324.9  323.9  322.7  
316.9  315.3  313.5  311.8  310  308.2  306.5  304.9  303.9  304  305.2  307.4  311.2  317  321.9  324.4  325  324.8  324.3  323.6  322.7  321.7  320.5  319  
316.9  315.3  313.6  311.9  310.1  308.4  306.7  305.2  304.2  304.3  305.6  307.8  311.7  317.4  322.3  324.7  325.4  325.2  324.8  324.1  323.3  322.2  321.1  319.7  
316.9  315.3  313.7  312  310.3  308.6  306.9  305.4  304.5  304.7  306  308.2  312  317.8  322.6  325.1  325.8  325.6  325.2  324.5  323.7  322.7  321.6  320.2  
317.1  315.7  314.4  313  311.6  310.3  309.1  307.9  307.3  307.9  309.4  311.7  315.5  320.9  325.6  328.2  329.1  329.1  328.9  328.5  327.9  327.1  326.3  325.2  
317  315.7  314.3  312.9  311.5  310.1  308.9  307.7  307.1  307.6  309.1  311.4  315.1  320.7  325.3  327.9  328.8  328.8  328.6  328.1  327.5  326.7  325.8  324.8  
317.1  315.7  314.4  313  311.6  310.3  309.1  307.9  307.3  307.9  309.4  311.7  315.5  320.9  325.6  328.2  329.1  329.1  328.9  328.5  327.9  327.1  326.3  325.2  
316.9  315.3  313.6  311.8  310  308.2  306.5  304.9  304  304.1  305.3  307.5  311.4  317.1  322  324.5  325.1  324.9  324.5  323.8  322.9  321.8  320.6  319.2  
316.9  315.3  313.7  312  310.3  308.6  306.9  305.4  304.5  304.7  306  308.2  312  317.8  322.6  325.1  325.8  325.6  325.2  324.5  323.7  322.7  321.6  320.2  
317  315.7  314.3  312.9  311.5  310.1  308.9  307.7  307.1  307.6  309.1  311.4  315.1  320.7  325.3  327.9  328.8  328.8  328.6  328.1  327.5  326.7  325.8  324.8  
