317.2  317.1  318.5  321.3  324.1  325.7  326.5  326.2  325.2  323.8  322.3  320.6  318.6  316.5  314.1  311.5  
317.5  317.9  319.8  322.9  326  328.1  329.2  329.4  328.9  328  326.9  325.7  324.4  323.1  321.6  320  
317.2  317  318.3  321  323.7  325.3  326  325.7  324.6  323.2  321.5  319.7  317.6  315.3  312.7  309.9  
317.2  317.2  318.7  321.6  324.3  326.1  326.9  326.7  325.7  324.4  323  321.3  319.5  317.5  315.3  312.9  
317.1  316.8  318.1  320.8  323.5  325  325.6  325.2  324.1  322.6  320.8  318.9  316.7  314.2  311.5  308.5  
317.1  316.8  318.1  320.7  323.3  324.9  325.4  325  323.8  322.3  320.5  318.5  316.2  313.7  310.9  307.7  
317.3  317.4  319.1  322  324.9  326.7  327.7  327.6  326.8  325.6  324.3  322.8  321.2  319.5  317.5  315.4  
317.3  317.3  318.9  321.8  324.6  326.4  327.3  327.1  326.3  325  323.6  322.1  320.4  318.5  316.4  314.1  
317.4  317.8  319.7  322.8  325.9  328  329.1  329.3  328.7  327.7  326.6  325.4  324.1  322.7  321.2  319.6  
316.9  316.2  317.1  319.5  321.8  323.1  323.4  322.6  321.1  319  316.6  313.9  310.9  307.4  303.7  299.4  
317  316.5  317.6  320.2  322.7  324.1  324.5  324  322.6  320.8  318.8  316.5  313.9  311  307.8  304.2  
317  316.5  317.6  320.1  322.6  324  324.4  323.8  322.5  320.7  318.6  316.3  313.7  310.7  307.4  303.8  
317.1  316.7  317.9  320.5  323  324.5  325  324.6  323.3  321.7  319.8  317.6  315.2  312.6  309.6  306.2  
317  316.4  317.4  319.8  322.2  323.6  323.9  323.3  321.8  319.9  317.7  315.2  312.4  309.2  305.6  301.8  
317.4  317.6  319.3  322.3  325.2  327.2  328.1  328.2  327.4  326.3  325.1  323.7  322.2  320.6  318.8  316.8  
317.4  317.7  319.5  322.5  325.6  327.5  328.6  328.7  328  327  325.8  324.6  323.2  321.7  320  318.2  
316.9  316.2  317.1  319.5  321.9  323.2  323.4  322.7  321.1  319.1  316.7  314.1  311.1  307.6  303.9  299.7  
317.4  317.7  319.5  322.5  325.6  327.5  328.6  328.7  328  327  325.8  324.6  323.2  321.7  320  318.2  
317  316.4  317.4  319.8  322.3  323.6  323.9  323.3  321.8  319.9  317.7  315.2  312.4  309.3  305.7  301.9  
317.3  317.5  319.3  322.2  325.2  327.1  328.1  328.1  327.3  326.2  325  323.6  322.1  320.4  318.6  316.6  
