317.1  316.9  318.3  321  323.7  325.3  325.9  325.6  324.5  323  321.4  319.5  317.4  315  312.5  309.6  
317.2  317  318.4  321.2  323.9  325.5  326.2  325.9  324.9  323.5  321.9  320.1  318.1  315.8  313.4  310.7  
317.2  317  318.5  321.2  324  325.6  326.3  326.1  325  323.6  322.1  320.3  318.3  316.1  313.7  311  
317.1  316.9  318.3  321  323.7  325.3  325.9  325.6  324.5  323.1  321.4  319.6  317.4  315.1  312.6  309.7  
317.2  317.1  318.6  321.4  324.1  325.8  326.6  326.4  325.4  324  322.5  320.8  318.9  316.8  314.5  312  
317.1  316.9  318.2  320.9  323.5  325.1  325.7  325.3  324.2  322.7  321  319  316.8  314.4  311.7  308.7  
317.2  317.1  318.6  321.4  324.2  325.9  326.6  326.4  325.4  324.1  322.6  320.9  319  316.9  314.6  312  
317.2  317.1  318.5  321.3  324  325.7  326.4  326.2  325.1  323.8  322.2  320.5  318.5  316.3  314  311.3  
317.2  317  318.4  321.1  323.8  325.4  326.1  325.8  324.7  323.3  321.7  319.9  317.8  315.5  313.1  310.3  
317.2  317.1  318.5  321.3  324  325.7  326.4  326.2  325.1  323.8  322.2  320.5  318.5  316.3  314  311.3  
317.2  317.2  318.6  321.5  324.2  325.9  326.7  326.5  325.5  324.2  322.7  321.1  319.2  317.1  314.9  312.4  
317.1  316.9  318.2  320.9  323.6  325.2  325.8  325.5  324.3  322.8  321.2  319.3  317.1  314.7  312.1  309.2  
317.2  317  318.4  321.1  323.8  325.4  326.1  325.8  324.8  323.3  321.7  319.9  317.8  315.6  313.1  310.3  
317.1  316.9  318.2  320.9  323.6  325.2  325.8  325.5  324.4  322.9  321.2  319.3  317.1  314.8  312.2  309.2  
317.2  317  318.4  321.2  323.9  325.5  326.2  325.9  324.9  323.5  321.9  320.1  318.1  315.8  313.4  310.7  
317.2  317.2  318.7  321.5  324.3  326  326.8  326.6  325.7  324.4  322.9  321.2  319.4  317.4  315.1  312.7  
317.2  317.2  318.8  321.6  324.4  326.2  327  326.8  325.9  324.6  323.2  321.6  319.8  317.8  315.7  313.3  
317.2  317.2  318.8  321.6  324.4  326.2  327  326.8  325.9  324.6  323.2  321.6  319.8  317.8  315.7  313.3  
317.3  317.4  319  321.9  324.8  326.6  327.5  327.4  326.5  325.3  324  322.5  320.8  319  317  314.8  
317.3  317.4  318.9  321.8  324.7  326.5  327.4  327.3  326.4  325.2  323.8  322.3  320.7  318.8  316.8  314.5  
