317.3  317.5  319.2  322.1  325  326.9  327.9  327.9  327.1  325.9  324.7  323.2  321.7  320  318.1  316.1  
317.4  317.7  319.5  322.6  325.6  327.6  328.7  328.8  328.2  327.1  326  324.7  323.3  321.9  320.3  318.5  
317.4  317.7  319.4  322.5  325.5  327.5  328.5  328.6  327.9  326.8  325.6  324.3  322.9  321.4  319.7  317.8  
317.3  317.5  319.3  322.2  325.2  327.1  328.1  328.1  327.3  326.2  325  323.6  322.1  320.4  318.6  316.6  
317.4  317.6  319.4  322.4  325.4  327.3  328.3  328.4  327.7  326.6  325.4  324.1  322.6  321  319.3  317.4  
317.3  317.4  319.1  322  324.9  326.8  327.7  327.6  326.8  325.6  324.3  322.9  321.3  319.5  317.6  315.5  
317.3  317.3  318.9  321.8  324.6  326.5  327.3  327.2  326.3  325.1  323.7  322.2  320.5  318.6  316.6  314.3  
317.3  317.4  319  321.9  324.8  326.6  327.5  327.4  326.6  325.4  324.1  322.6  320.9  319.1  317.1  314.9  
317.2  317.2  318.7  321.6  324.4  326.1  326.9  326.7  325.8  324.5  323  321.4  319.6  317.6  315.4  313  
317.2  317.2  318.8  321.6  324.5  326.2  327  326.9  326  324.7  323.3  321.7  319.9  317.9  315.8  313.4  
317.2  317  318.4  321.1  323.8  325.4  326.1  325.8  324.8  323.3  321.7  319.9  317.8  315.5  313.1  310.3  
317.1  316.8  318.1  320.8  323.4  325  325.6  325.2  324  322.5  320.8  318.8  316.5  314.1  311.4  308.3  
317.1  316.9  318.2  321  323.6  325.2  325.8  325.5  324.4  322.9  321.3  319.4  317.2  314.9  312.3  309.4  
317.2  317.1  318.6  321.4  324.2  325.9  326.6  326.4  325.4  324  322.5  320.8  318.9  316.8  314.5  312  
317.4  317.8  319.6  322.7  325.7  327.8  328.9  329  328.4  327.4  326.3  325  323.7  322.2  320.7  319  
317.2  317  318.5  321.2  323.9  325.6  326.3  326  325  323.6  322  320.3  318.3  316.1  313.7  311  
317.2  317.1  318.6  321.4  324.2  325.9  326.6  326.4  325.4  324  322.5  320.8  318.9  316.8  314.5  312  
317.1  316.9  318.2  320.8  323.5  325.1  325.7  325.3  324.2  322.6  320.9  319  316.8  314.4  311.7  308.7  
317.4  317.8  319.6  322.7  325.7  327.8  328.9  329  328.4  327.4  326.3  325  323.7  322.2  320.7  319  
317.2  317  318.5  321.2  323.9  325.6  326.3  326  325  323.6  322  320.3  318.3  316.1  313.7  311  
