317  315.5  313.9  312.3  310.7  309.2  307.7  306.3  305.5  305.8  307.1  309.4  313.2  318.9  323.7  326.1  326.9  326.8  326.4  325.9  325.1  324.2  323.2  322  
317  315.4  313.9  312.2  310.6  309  307.4  306  305.2  305.5  306.8  309.1  312.9  318.6  323.3  325.8  326.6  326.4  326.1  325.5  324.7  323.8  322.7  321.5  
317  315.5  313.9  312.3  310.7  309.1  307.6  306.1  305.3  305.6  307  309.3  313.1  318.7  323.5  326  326.7  326.6  326.3  325.7  324.9  324  322.9  321.7  
316.9  315.4  313.8  312.1  310.4  308.7  307.1  305.6  304.8  305  306.3  308.5  312.4  318.1  322.9  325.4  326.1  325.9  325.5  324.9  324.1  323.1  322  320.7  
317  315.5  314  312.4  310.8  309.3  307.8  306.4  305.6  306  307.3  309.7  313.4  319.1  323.8  326.3  327.1  327  326.7  326.1  325.4  324.5  323.5  322.3  
317  315.4  313.8  312.2  310.5  308.9  307.3  305.8  305  305.2  306.5  308.8  312.6  318.3  323.1  325.6  326.3  326.2  325.8  325.2  324.4  323.5  322.4  321.1  
316.9  315.3  313.7  312  310.3  308.6  307  305.5  304.6  304.8  306  308.3  312.1  317.8  322.7  325.1  325.8  325.7  325.2  324.6  323.8  322.8  321.7  320.3  
317  315.6  314.1  312.6  311  309.6  308.1  306.8  306.1  306.5  307.9  310.3  314  319.6  324.3  326.9  327.7  327.6  327.3  326.8  326.1  325.2  324.3  323.1  
316.9  315.3  313.7  311.9  310.2  308.5  306.8  305.3  304.3  304.5  305.8  308  311.8  317.6  322.4  324.9  325.6  325.4  325  324.3  323.5  322.5  321.3  319.9  
317  315.5  314  312.5  310.9  309.4  308  306.6  305.9  306.3  307.7  310  313.7  319.4  324.1  326.6  327.4  327.3  327  326.5  325.8  324.9  323.9  322.7  
316.9  315.3  313.6  311.9  310.1  308.3  306.6  305.1  304.1  304.3  305.5  307.7  311.6  317.3  322.2  324.6  325.3  325.1  324.7  324  323.1  322.1  320.9  319.5  
316.9  315.2  313.5  311.8  310  308.2  306.4  304.8  303.9  304  305.2  307.3  311.2  317  321.9  324.3  325  324.8  324.3  323.6  322.7  321.7  320.4  319  
316.9  315.2  313.5  311.7  309.9  308.1  306.4  304.8  303.8  303.9  305.1  307.2  311.1  316.9  321.8  324.3  324.9  324.7  324.2  323.5  322.6  321.5  320.3  318.8  
317  315.6  314.2  312.7  311.2  309.8  308.5  307.2  306.5  307  308.4  310.8  314.5  320.1  324.8  327.3  328.2  328.1  327.9  327.4  326.7  325.9  325  323.9  
317  315.7  314.2  312.8  311.3  310  308.6  307.4  306.8  307.2  308.7  311.1  314.8  320.3  325  327.5  328.4  328.4  328.2  327.7  327  326.3  325.3  324.3  
317  315.6  314.1  312.6  311.1  309.7  308.3  307  306.3  306.8  308.2  310.5  314.3  319.9  324.6  327.1  327.9  327.9  327.6  327.1  326.4  325.6  324.6  323.5  
317  315.7  314.2  312.8  311.3  310  308.6  307.4  306.8  307.2  308.7  311.1  314.8  320.3  325  327.5  328.4  328.4  328.2  327.7  327  326.3  325.3  324.3  
316.9  315.3  313.6  311.9  310.1  308.3  306.7  305.1  304.1  304.3  305.5  307.7  311.6  317.3  322.2  324.6  325.3  325.1  324.7  324  323.1  322.1  320.9  319.5  
317  315.5  314  312.5  310.9  309.4  308  306.7  305.9  306.3  307.7  310  313.8  319.4  324.1  326.6  327.4  327.4  327  326.5  325.8  324.9  323.9  322.8  
317  315.6  314.2  312.7  311.2  309.8  308.5  307.2  306.6  307  308.5  310.8  314.5  320.1  324.8  327.3  328.2  328.1  327.9  327.4  326.7  325.9  325  323.9  
