316.9  315.3  313.6  311.9  310.1  308.4  306.7  305.1  304.2  304.3  305.6  307.8  311.6  317.4  322.3  324.7  325.4  325.2  324.7  324.1  323.2  322.2  321  319.6  
316.9  315.3  313.7  312  310.2  308.5  306.9  305.4  304.4  304.6  305.9  308.1  311.9  317.7  322.5  325  325.7  325.5  325.1  324.4  323.6  322.6  321.4  320.1  
317  315.5  313.9  312.3  310.7  309.1  307.6  306.1  305.3  305.6  307  309.3  313.1  318.7  323.5  326  326.7  326.6  326.3  325.7  324.9  324  323  321.7  
317  315.4  313.9  312.3  310.6  309  307.5  306.1  305.3  305.5  306.9  309.2  313  318.6  323.4  325.9  326.7  326.5  326.2  325.6  324.8  323.9  322.8  321.6  
317  315.4  313.8  312.2  310.5  308.9  307.3  305.9  305.1  305.3  306.6  308.9  312.7  318.4  323.2  325.7  326.4  326.3  325.9  325.3  324.5  323.6  322.5  321.2  
316.9  315.2  313.4  311.6  309.8  307.9  306.1  304.5  303.5  303.5  304.7  306.8  310.7  316.5  321.5  323.9  324.5  324.3  323.8  323.1  322.1  321  319.7  318.2  
316.9  315.3  313.6  311.8  310  308.2  306.5  304.9  303.9  304.1  305.3  307.4  311.3  317.1  322  324.4  325.1  324.9  324.4  323.7  322.8  321.8  320.6  319.1  
316.9  315.2  313.5  311.7  309.9  308.1  306.3  304.7  303.7  303.8  304.9  307.1  311  316.8  321.7  324.1  324.8  324.5  324.1  323.4  322.4  321.4  320.1  318.6  
316.9  315.4  313.7  312  310.3  308.6  307  305.5  304.6  304.8  306.1  308.4  312.2  317.9  322.8  325.2  325.9  325.7  325.3  324.7  323.9  322.9  321.8  320.5  
317  315.5  314  312.5  311  309.5  308  306.7  306  306.4  307.8  310.1  313.8  319.5  324.2  326.7  327.5  327.4  327.1  326.6  325.9  325  324  322.9  
317  315.5  314  312.5  310.9  309.4  308  306.7  305.9  306.3  307.7  310  313.8  319.4  324.1  326.6  327.4  327.4  327  326.5  325.8  324.9  323.9  322.8  
317  315.5  314  312.4  310.8  309.2  307.8  306.4  305.6  305.9  307.3  309.6  313.4  319  323.8  326.3  327.1  326.9  326.6  326.1  325.3  324.4  323.4  322.2  
317  315.5  314  312.4  310.8  309.3  307.8  306.4  305.7  306  307.4  309.7  313.5  319.1  323.9  326.4  327.2  327  326.7  326.2  325.4  324.6  323.5  322.4  
316.9  315.4  313.8  312.1  310.4  308.8  307.2  305.7  304.8  305.1  306.4  308.6  312.5  318.2  323  325.4  326.2  326  325.6  325  324.2  323.2  322.1  320.9  
316.9  315.2  313.4  311.5  309.6  307.7  305.9  304.3  303.2  303.2  304.3  306.4  310.3  316.2  321.2  323.6  324.2  323.9  323.4  322.7  321.7  320.6  319.2  317.7  
317  315.6  314.1  312.6  311.1  309.6  308.2  306.9  306.2  306.6  308.1  310.4  314.1  319.7  324.4  327  327.8  327.7  327.4  326.9  326.2  325.4  324.4  323.3  
316.9  315.2  313.4  311.5  309.6  307.7  305.9  304.3  303.2  303.2  304.3  306.4  310.3  316.2  321.2  323.6  324.2  323.9  323.4  322.7  321.7  320.6  319.2  317.7  
317  315.6  314.1  312.6  311.1  309.6  308.2  306.9  306.2  306.6  308.1  310.4  314.1  319.7  324.4  327  327.8  327.7  327.4  326.9  326.2  325.4  324.4  323.3  
316.9  315.3  313.6  311.8  310  308.2  306.5  304.9  303.9  304.1  305.3  307.4  311.3  317.1  322  324.4  325.1  324.9  324.4  323.7  322.8  321.8  320.6  319.2  
316.9  315.3  313.6  311.9  310.1  308.4  306.7  305.2  304.2  304.3  305.6  307.8  311.7  317.5  322.3  324.8  325.5  325.2  324.8  324.2  323.3  322.3  321.1  319.7  
