317.5  317.9  319.8  322.9  326  328.2  329.3  329.5  329  328  327  325.8  324.6  323.2  321.8  320.2  
317.4  317.8  319.6  322.7  325.7  327.8  328.8  329  328.3  327.3  326.2  325  323.6  322.2  320.6  318.9  
317.4  317.6  319.4  322.4  325.3  327.3  328.3  328.4  327.6  326.6  325.3  324  322.5  321  319.2  317.3  
317.4  317.8  319.7  322.8  325.9  328  329.1  329.3  328.7  327.7  326.6  325.4  324.1  322.7  321.2  319.6  
317.5  318  320  323.2  326.4  328.6  329.8  330  329.6  328.7  327.8  326.7  325.5  324.2  322.9  321.4  
317.5  318  319.9  323.1  326.2  328.3  329.5  329.7  329.2  328.4  327.3  326.2  325  323.7  322.3  320.7  
317.3  317.5  319.2  322.2  325.2  327.1  328.1  328.1  327.3  326.2  324.9  323.6  322  320.4  318.6  316.6  
317.3  317.5  319.1  322.1  325  326.9  327.8  327.8  327  325.8  324.5  323.1  321.5  319.8  317.9  315.8  
317.4  317.7  319.4  322.5  325.5  327.5  328.5  328.6  327.9  326.8  325.7  324.4  322.9  321.4  319.8  317.9  
317.6  318.2  320.3  323.6  326.9  329.1  330.4  330.7  330.4  329.7  328.9  327.9  326.8  325.7  324.5  323.2  
317.7  318.6  320.9  324.3  327.8  330.2  331.5  332  331.9  331.4  330.9  330.2  329.3  328.4  327.4  326.4  
317.6  318.3  320.4  323.7  327  329.3  330.5  330.9  330.6  330  329.1  328.2  327.1  326  324.8  323.6  
317.7  318.5  320.8  324.2  327.7  330.1  331.4  331.9  331.7  331.2  330.6  329.9  329  328.1  327.1  326  
317.6  318.4  320.6  324  327.3  329.7  331  331.4  331.2  330.6  329.9  329.1  328.1  327.1  326  324.8  
317.5  318.1  320.2  323.4  326.6  328.9  330.1  330.4  330  329.3  328.4  327.3  326.2  325  323.7  322.3  
317.7  318.7  321  324.5  328  330.4  331.8  332.3  332.2  331.8  331.2  330.6  329.8  329  328  327  
317.6  318.4  320.6  324  327.3  329.7  331  331.4  331.2  330.6  329.9  329.1  328.1  327.1  326  324.8  
317.3  317.5  319.1  322.1  325  326.9  327.8  327.8  327  325.8  324.5  323.1  321.5  319.8  317.9  315.8  
317.5  318.1  320.2  323.4  326.6  328.9  330.1  330.4  330  329.3  328.4  327.3  326.2  325  323.7  322.3  
317.7  318.7  321  324.5  328  330.4  331.8  332.3  332.2  331.8  331.2  330.6  329.8  329  328  327  
