317.5  317.9  319.8  322.9  326  328.2  329.3  329.5  328.9  328  327  325.8  324.5  323.2  321.7  320.2  
317.6  318.2  320.2  323.5  326.7  329  330.2  330.5  330.1  329.4  328.5  327.5  326.4  325.2  324  322.6  
317.4  317.8  319.7  322.8  325.9  328  329.1  329.2  328.6  327.7  326.6  325.4  324.1  322.7  321.2  319.5  
317.4  317.7  319.5  322.6  325.6  327.6  328.6  328.7  328.1  327.1  325.9  324.6  323.2  321.7  320.1  318.3  
317.6  318.3  320.4  323.7  327  329.4  330.6  331  330.7  330.1  329.3  328.4  327.3  326.2  325.1  323.8  
317.7  318.6  321  324.4  327.9  330.4  331.7  332.2  332.1  331.7  331.2  330.5  329.7  328.9  327.9  326.9  
317.6  318.2  320.3  323.5  326.8  329  330.3  330.6  330.2  329.5  328.7  327.7  326.5  325.4  324.1  322.8  
317.6  318.3  320.5  323.8  327.1  329.4  330.7  331.1  330.8  330.2  329.5  328.5  327.5  326.4  325.3  324.1  
317.7  318.6  320.9  324.3  327.8  330.2  331.6  332.1  331.9  331.5  330.9  330.2  329.4  328.5  327.5  326.4  
317.5  318  319.9  323.1  326.3  328.4  329.6  329.8  329.4  328.5  327.5  326.4  325.2  323.9  322.5  321  
317.4  317.8  319.6  322.7  325.8  327.9  328.9  329.1  328.5  327.5  326.4  325.2  323.8  322.4  320.9  319.2  
317.7  318.6  320.8  324.3  327.7  330.1  331.4  331.9  331.8  331.3  330.7  330  329.1  328.2  327.2  326.1  
317.6  318.4  320.6  323.9  327.3  329.6  330.9  331.3  331  330.5  329.8  328.9  327.9  326.8  325.7  324.5  
317.7  318.7  321  324.5  328.1  330.5  331.9  332.4  332.3  331.9  331.4  330.8  330.1  329.3  328.3  327.3  
317.7  318.5  320.7  324.1  327.5  329.9  331.2  331.6  331.4  330.9  330.3  329.5  328.5  327.5  326.5  325.3  
317.5  318.1  320.1  323.3  326.5  328.7  329.9  330.2  329.7  328.9  328  326.9  325.8  324.5  323.2  321.8  
317.7  318.5  320.7  324.1  327.5  329.9  331.2  331.6  331.4  330.9  330.3  329.5  328.5  327.5  326.5  325.3  
317.5  318.1  320.1  323.3  326.5  328.7  329.9  330.2  329.7  328.9  328  326.9  325.8  324.5  323.2  321.8  
317.4  317.7  319.5  322.6  325.6  327.6  328.7  328.8  328.1  327.1  326  324.7  323.3  321.8  320.2  318.5  
317.5  318  319.9  323.1  326.2  328.4  329.5  329.8  329.3  328.4  327.4  326.2  325  323.7  322.3  320.8  
