317.5  318  320  323.2  326.4  328.6  329.8  330  329.6  328.7  327.8  326.7  325.5  324.2  322.9  321.4  
317.5  318  319.9  323.1  326.3  328.4  329.6  329.8  329.3  328.5  327.5  326.4  325.1  323.8  322.5  321  
317.5  318.1  320.1  323.3  326.5  328.7  330  330.2  329.8  329  328.1  327  325.9  324.7  323.4  322  
317.5  317.9  319.8  322.9  326  328.1  329.3  329.5  328.9  328  326.9  325.8  324.5  323.1  321.7  320.1  
317.5  317.9  319.9  323  326.2  328.3  329.5  329.7  329.2  328.3  327.2  326.1  324.9  323.5  322.1  320.6  
317.6  318.3  320.5  323.8  327.1  329.4  330.7  331.1  330.8  330.2  329.4  328.5  327.5  326.4  325.2  324  
317.6  318.3  320.5  323.8  327.2  329.5  330.8  331.2  330.9  330.3  329.6  328.7  327.7  326.6  325.5  324.3  
317.5  318.1  320.2  323.4  326.7  328.9  330.2  330.5  330.1  329.3  328.4  327.4  326.3  325.1  323.8  322.5  
317.6  318.3  320.4  323.7  327  329.2  330.5  330.9  330.5  329.9  329.1  328.1  327.1  325.9  324.7  323.5  
317.6  318.2  320.3  323.5  326.8  329.1  330.3  330.6  330.3  329.6  328.7  327.7  326.6  325.5  324.3  322.9  
317.4  317.6  319.4  322.4  325.3  327.3  328.3  328.3  327.6  326.5  325.3  324  322.5  321  319.2  317.3  
317.4  317.8  319.7  322.8  325.9  327.9  329  329.2  328.6  327.6  326.5  325.3  324  322.6  321.1  319.4  
317.6  318.4  320.6  323.9  327.3  329.6  330.9  331.3  331.1  330.5  329.8  329  328  326.9  325.8  324.6  
317.4  317.7  319.6  322.6  325.7  327.7  328.8  328.9  328.3  327.3  326.1  324.9  323.5  322  320.5  318.7  
317.3  317.6  319.3  322.3  325.2  327.1  328.1  328.1  327.4  326.3  325  323.7  322.1  320.5  318.7  316.8  
317.4  317.7  319.4  322.5  325.5  327.5  328.5  328.6  327.9  326.9  325.7  324.4  323  321.4  319.8  317.9  
317.4  317.6  319.3  322.3  325.2  327.1  328.1  328.1  327.4  326.3  325  323.7  322.2  320.5  318.7  316.8  
317.4  317.7  319.6  322.6  325.7  327.7  328.8  328.9  328.3  327.3  326.1  324.9  323.5  322  320.5  318.7  
317.4  317.8  319.7  322.8  325.9  327.9  329  329.2  328.6  327.6  326.5  325.3  324  322.6  321.1  319.4  
317.4  317.7  319.4  322.5  325.5  327.5  328.5  328.6  327.9  326.9  325.7  324.4  323  321.4  319.8  317.9  
