316.9  315.3  313.6  311.9  310.1  308.3  306.6  305.1  304.1  304.3  305.5  307.7  311.5  317.3  322.2  324.6  325.3  325.1  324.7  324  323.1  322.1  320.9  319.5  
317  315.4  313.9  312.3  310.7  309.1  307.5  306.1  305.3  305.6  306.9  309.2  313  318.7  323.5  325.9  326.7  326.6  326.2  325.6  324.9  324  322.9  321.7  
317  315.6  314.1  312.6  311.2  309.7  308.3  307  306.4  306.8  308.2  310.6  314.3  319.9  324.6  327.1  328  327.9  327.6  327.1  326.4  325.6  324.7  323.6  
317  315.6  314.2  312.8  311.3  309.9  308.6  307.3  306.7  307.1  308.6  310.9  314.7  320.2  324.9  327.5  328.3  328.3  328  327.5  326.9  326.1  325.2  324.1  
316.9  315.3  313.6  311.8  310.1  308.3  306.6  305  304.1  304.2  305.4  307.6  311.5  317.2  322.1  324.6  325.2  325  324.6  323.9  323  322  320.8  319.4  
317  315.5  313.9  312.4  310.8  309.2  307.7  306.3  305.5  305.9  307.2  309.5  313.3  319  323.7  326.2  327  326.9  326.5  326  325.2  324.3  323.3  322.1  
317  315.6  314.2  312.8  311.3  309.9  308.6  307.4  306.7  307.2  308.6  311  314.7  320.3  325  327.5  328.4  328.3  328.1  327.6  327  326.2  325.2  324.2  
317  315.5  313.9  312.3  310.7  309.2  307.7  306.3  305.5  305.8  307.1  309.4  313.2  318.9  323.7  326.1  326.9  326.8  326.4  325.9  325.1  324.2  323.2  322  
316.9  315.3  313.7  311.9  310.2  308.5  306.8  305.3  304.3  304.5  305.7  308  311.8  317.6  322.4  324.9  325.6  325.4  324.9  324.3  323.4  322.4  321.3  319.9  
316.9  315.4  313.8  312.1  310.5  308.8  307.2  305.7  304.9  305.1  306.4  308.7  312.5  318.2  323  325.5  326.2  326  325.7  325.1  324.3  323.3  322.2  320.9  
317  315.4  313.8  312.2  310.6  308.9  307.4  306  305.1  305.4  306.7  309  312.8  318.5  323.3  325.7  326.5  326.3  326  325.4  324.6  323.7  322.6  321.4  
317  315.6  314.1  312.6  311.1  309.7  308.3  307  306.3  306.7  308.1  310.4  314.2  319.8  324.5  327  327.9  327.8  327.5  327  326.3  325.5  324.5  323.4  
316.9  315.4  313.7  312  310.3  308.6  307  305.5  304.6  304.8  306.1  308.3  312.2  317.9  322.7  325.2  325.9  325.7  325.3  324.7  323.9  322.9  321.8  320.4  
316.9  315.3  313.7  311.9  310.2  308.5  306.8  305.3  304.3  304.6  305.8  308  311.9  317.6  322.5  324.9  325.6  325.4  325  324.3  323.5  322.5  321.3  320  
317  315.5  314.1  312.5  311  309.5  308.1  306.7  306  306.4  307.8  310.1  313.9  319.5  324.2  326.7  327.5  327.5  327.2  326.6  325.9  325.1  324.1  322.9  
317  315.5  314  312.4  310.9  309.3  307.9  306.5  305.8  306.1  307.5  309.8  313.6  319.2  323.9  326.4  327.2  327.1  326.8  326.3  325.5  324.7  323.6  322.5  
317  315.5  314.1  312.5  311  309.5  308.1  306.7  306  306.4  307.8  310.1  313.9  319.5  324.2  326.7  327.5  327.5  327.2  326.6  325.9  325.1  324.1  322.9  
316.9  315.4  313.7  312  310.3  308.7  307  305.5  304.6  304.9  306.1  308.4  312.2  317.9  322.8  325.2  325.9  325.8  325.4  324.7  323.9  322.9  321.8  320.5  
317  315.4  313.8  312.1  310.5  308.8  307.2  305.8  304.9  305.1  306.4  308.7  312.5  318.2  323  325.5  326.2  326.1  325.7  325.1  324.3  323.3  322.2  321  
317  315.5  314  312.4  310.9  309.3  307.9  306.5  305.8  306.1  307.5  309.8  313.6  319.2  323.9  326.4  327.2  327.1  326.8  326.3  325.5  324.7  323.6  322.5  
