317  315.5  313.9  312.4  310.8  309.2  307.7  306.3  305.5  305.9  307.2  309.5  313.3  318.9  323.7  326.2  327  326.9  326.5  326  325.2  324.3  323.3  322.1  
317  315.6  314.1  312.6  311.1  309.6  308.2  306.9  306.2  306.5  308  310.3  314  319.6  324.4  326.9  327.7  327.6  327.3  326.8  326.1  325.3  324.3  323.2  
317  315.4  313.9  312.2  310.6  309  307.4  306  305.2  305.4  306.8  309  312.8  318.5  323.3  325.8  326.5  326.4  326  325.4  324.7  323.7  322.7  321.4  
317  315.6  314.2  312.7  311.2  309.8  308.4  307.2  306.5  306.9  308.4  310.7  314.5  320  324.7  327.3  328.1  328.1  327.8  327.3  326.6  325.8  324.9  323.8  
317  315.5  314  312.4  310.9  309.4  307.9  306.5  305.8  306.1  307.5  309.9  313.6  319.2  324  326.5  327.3  327.2  326.9  326.3  325.6  324.7  323.7  322.6  
317  315.4  313.8  312.2  310.5  308.9  307.4  305.9  305.1  305.3  306.7  308.9  312.7  318.4  323.2  325.7  326.4  326.3  325.9  325.3  324.5  323.6  322.5  321.3  
317  315.5  313.9  312.3  310.7  309.1  307.6  306.2  305.4  305.8  307.1  309.4  313.2  318.9  323.6  326.1  326.9  326.8  326.4  325.8  325.1  324.2  323.1  321.9  
317  315.5  314  312.5  310.9  309.4  308  306.6  305.9  306.2  307.6  309.9  313.7  319.3  324.1  326.6  327.4  327.3  327  326.4  325.7  324.8  323.8  322.7  
316.9  315.3  313.7  312  310.2  308.5  306.9  305.4  304.5  304.6  305.9  308.1  312  317.7  322.6  325  325.7  325.5  325.1  324.5  323.6  322.6  321.5  320.1  
317  315.6  314.1  312.6  311.1  309.6  308.2  306.9  306.2  306.6  308.1  310.4  314.1  319.7  324.5  327  327.8  327.7  327.5  326.9  326.2  325.4  324.4  323.3  
317  315.6  314.2  312.7  311.3  309.9  308.5  307.3  306.6  307.1  308.5  310.9  314.6  320.2  324.9  327.4  328.3  328.2  328  327.5  326.8  326  325.1  324  
316.9  315.3  313.6  311.8  310  308.2  306.5  304.9  303.9  304  305.2  307.4  311.3  317.1  322  324.4  325.1  324.8  324.4  323.7  322.8  321.7  320.5  319.1  
316.9  315.3  313.6  311.9  310.1  308.4  306.7  305.1  304.2  304.3  305.6  307.8  311.6  317.4  322.3  324.7  325.4  325.2  324.7  324.1  323.2  322.2  321  319.6  
316.9  315.2  313.5  311.7  309.9  308.1  306.3  304.7  303.7  303.8  304.9  307.1  311  316.8  321.7  324.1  324.8  324.6  324.1  323.4  322.5  321.4  320.1  318.7  
316.9  315.4  313.8  312.1  310.4  308.7  307.1  305.6  304.7  305  306.3  308.5  312.3  318.1  322.9  325.3  326.1  325.9  325.5  324.9  324.1  323.1  322  320.7  
317  315.6  314.2  312.8  311.3  309.9  308.6  307.3  306.7  307.1  308.6  311  314.7  320.2  324.9  327.5  328.4  328.3  328.1  327.6  326.9  326.1  325.2  324.1  
316.9  315.2  313.5  311.7  309.9  308.1  306.3  304.7  303.7  303.8  304.9  307.1  311  316.8  321.7  324.1  324.8  324.6  324.1  323.4  322.5  321.4  320.1  318.7  
316.9  315.4  313.8  312.1  310.4  308.7  307.1  305.6  304.7  305  306.3  308.5  312.3  318.1  322.9  325.3  326.1  325.9  325.5  324.9  324.1  323.1  322  320.7  
316.9  315.3  313.7  312  310.2  308.5  306.9  305.3  304.3  304.6  305.9  308.1  311.9  317.7  322.5  325  325.7  325.5  325.1  324.4  323.6  322.6  321.4  320.1  
316.9  315.3  313.6  311.9  310.1  308.4  306.7  305.1  304.2  304.3  305.6  307.8  311.6  317.4  322.3  324.7  325.4  325.2  324.7  324.1  323.2  322.2  321  319.6  
