317.4  317.7  319.5  322.6  325.6  327.7  328.7  328.8  328.2  327.2  326  324.8  323.4  321.9  320.3  318.6  
317.2  317.2  318.6  321.4  324.2  325.9  326.7  326.5  325.5  324.2  322.7  321  319.2  317.1  314.8  312.3  
317.2  317.1  318.5  321.3  324  325.7  326.4  326.1  325.1  323.7  322.2  320.4  318.5  316.3  313.9  311.3  
317.5  317.9  319.9  323  326.2  328.3  329.5  329.7  329.2  328.3  327.3  326.1  324.9  323.5  322.1  320.6  
317.5  317.9  319.8  322.9  326  328.1  329.2  329.4  328.8  327.9  326.8  325.6  324.4  323  321.5  319.9  
317.1  316.9  318.2  320.9  323.6  325.1  325.8  325.4  324.3  322.8  321.1  319.2  317  314.6  312  309  
317.3  317.4  319.1  322  324.9  326.8  327.7  327.6  326.8  325.6  324.3  322.8  321.2  319.5  317.5  315.4  
317.4  317.6  319.3  322.3  325.3  327.2  328.2  328.2  327.5  326.4  325.2  323.8  322.4  320.8  319  317.1  
317.3  317.4  319  322  324.9  326.7  327.6  327.5  326.7  325.5  324.2  322.7  321.1  319.3  317.4  315.2  
317.6  318.2  320.3  323.6  326.9  329.1  330.4  330.7  330.4  329.7  328.9  327.9  326.8  325.7  324.5  323.2  
317.1  316.9  318.2  320.9  323.6  325.2  325.8  325.5  324.4  322.9  321.2  319.3  317.1  314.8  312.2  309.2  
317.4  317.6  319.3  322.3  325.3  327.3  328.2  328.3  327.5  326.5  325.3  323.9  322.4  320.8  319.1  317.2  
317.6  318.3  320.4  323.7  327  329.3  330.5  330.9  330.6  329.9  329.1  328.2  327.1  326  324.8  323.6  
317.1  316.8  318  320.6  323.2  324.7  325.3  324.9  323.7  322.1  320.3  318.2  315.9  313.3  310.5  307.2  
317.5  318.1  320.1  323.3  326.5  328.7  329.9  330.2  329.8  329  328  327  325.8  324.6  323.3  321.9  
317.3  317.3  318.8  321.7  324.5  326.3  327.1  327  326  324.8  323.4  321.8  320  318.1  316  313.6  
317.5  318.1  320.1  323.3  326.5  328.7  329.9  330.2  329.8  329  328  327  325.8  324.6  323.3  321.9  
317.1  316.8  318  320.6  323.2  324.7  325.3  324.9  323.7  322.1  320.3  318.2  315.9  313.3  310.5  307.2  
317.4  317.7  319.6  322.6  325.6  327.7  328.7  328.9  328.2  327.2  326.1  324.8  323.4  322  320.4  318.6  
317.3  317.3  318.8  321.7  324.5  326.3  327.1  327  326  324.8  323.4  321.8  320  318.1  316  313.6  
