317.6  316.5  316.1  316.5  316.9  317.6  319  320.7  322.2  323.3  324.3  325.1  325.6  325.7  325.4  325  324.3  323.2  
317.7  316.7  316.4  316.8  317.4  318.1  319.6  321.4  322.9  324.1  325.1  326  326.6  326.7  326.6  326.2  325.6  324.6  
317.6  316.4  316  316.2  316.7  317.3  318.6  320.3  321.7  322.8  323.7  324.5  324.9  325  324.7  324.2  323.4  322.3  
317.7  316.6  316.2  316.6  317.1  317.8  319.2  321  322.5  323.7  324.7  325.5  326  326.1  325.9  325.5  324.8  323.9  
317.7  316.6  316.2  316.6  317.1  317.8  319.2  320.9  322.4  323.6  324.6  325.4  325.9  326  325.8  325.4  324.7  323.7  
317.7  316.7  316.5  317  317.6  318.4  319.8  321.7  323.2  324.5  325.5  326.4  327  327.2  327.1  326.8  326.2  325.3  
317.7  316.7  316.4  316.9  317.5  318.2  319.7  321.5  323  324.3  325.3  326.2  326.8  327  326.8  326.5  325.8  324.9  
317.7  316.8  316.6  317  317.7  318.5  320  321.8  323.4  324.6  325.7  326.6  327.3  327.5  327.4  327.1  326.5  325.6  
317.7  316.8  316.6  317.1  317.8  318.6  320.1  321.9  323.5  324.8  325.9  326.8  327.4  327.7  327.6  327.3  326.7  325.9  
317.7  316.6  316.3  316.7  317.3  318  319.4  321.2  322.7  323.9  324.9  325.7  326.3  326.4  326.2  325.8  325.2  324.2  
317.6  316.5  316  316.3  316.8  317.4  318.7  320.5  321.9  323.1  324  324.7  325.2  325.3  325  324.5  323.8  322.7  
317.6  316.3  315.7  315.9  316.2  316.7  317.9  319.6  321  322  322.9  323.5  323.9  323.9  323.5  322.9  322  320.8  
317.6  316.4  315.9  316.1  316.5  317.1  318.4  320.1  321.5  322.6  323.5  324.2  324.6  324.7  324.4  323.8  323  321.9  
317.6  316.3  315.8  316  316.4  317  318.2  319.9  321.3  322.4  323.2  323.9  324.3  324.3  324  323.4  322.6  321.4  
317.7  316.8  316.6  317.1  317.8  318.7  320.1  322  323.6  324.9  326  326.9  327.5  327.8  327.7  327.4  326.9  326  
317.8  316.9  316.7  317.3  318  318.8  320.3  322.2  323.8  325.1  326.2  327.2  327.9  328.2  328.1  327.8  327.3  326.5  
317.6  316.3  315.7  315.9  316.2  316.7  318  319.6  321  322.1  322.9  323.6  323.9  323.9  323.5  322.9  322  320.8  
317.8  316.9  316.7  317.3  318  318.8  320.3  322.2  323.8  325.1  326.2  327.2  327.9  328.1  328.1  327.8  327.3  326.5  
317.6  316.5  316.1  316.4  316.9  317.6  318.9  320.7  322.2  323.3  324.3  325  325.5  325.6  325.4  324.9  324.2  323.2  
317.6  316.3  315.8  316  316.4  317  318.2  319.9  321.3  322.4  323.3  324  324.4  324.4  324  323.5  322.6  321.5  
