317.4  317.7  319.5  322.5  325.5  327.5  328.5  328.6  327.9  326.9  325.7  324.4  323  321.5  319.8  318  
317.5  317.9  319.7  322.9  326  328.1  329.2  329.4  328.8  327.8  326.8  325.6  324.3  322.9  321.4  319.8  
317.3  317.5  319.2  322.2  325.1  327  327.9  327.9  327.1  326  324.7  323.3  321.8  320.1  318.3  316.2  
317.4  317.8  319.6  322.7  325.8  327.8  328.9  329  328.4  327.5  326.3  325.1  323.8  322.3  320.8  319.1  
317.5  318  319.9  323.1  326.2  328.4  329.5  329.7  329.2  328.4  327.4  326.2  325  323.7  322.3  320.8  
317.4  317.6  319.4  322.4  325.4  327.3  328.3  328.4  327.7  326.6  325.4  324  322.6  321  319.3  317.4  
317.5  318.1  320.2  323.4  326.6  328.9  330.1  330.4  330  329.3  328.4  327.4  326.2  325  323.8  322.4  
317.6  318.2  320.2  323.5  326.7  329  330.2  330.5  330.2  329.5  328.6  327.5  326.5  325.3  324  322.7  
317.5  318  320  323.2  326.3  328.5  329.7  330  329.5  328.6  327.7  326.6  325.4  324.1  322.7  321.3  
317.1  316.9  318.3  321  323.7  325.3  325.9  325.6  324.5  323  321.4  319.5  317.4  315  312.5  309.6  
317.2  317  318.4  321.1  323.8  325.4  326.1  325.8  324.7  323.3  321.6  319.8  317.8  315.5  313  310.2  
317.2  317.1  318.6  321.4  324.2  325.9  326.6  326.4  325.4  324.1  322.5  320.8  318.9  316.9  314.5  312  
317.3  317.3  318.8  321.7  324.5  326.3  327.1  327  326.1  324.8  323.4  321.8  320.1  318.1  316  313.7  
317.3  317.4  319  321.9  324.8  326.7  327.5  327.5  326.6  325.4  324.1  322.6  321  319.2  317.2  315  
317.1  316.9  318.2  320.9  323.5  325.1  325.7  325.3  324.2  322.7  321  319  316.8  314.4  311.8  308.8  
317.6  318.3  320.4  323.7  327  329.3  330.6  330.9  330.6  330  329.2  328.3  327.2  326.1  324.9  323.7  
317.2  317.1  318.6  321.4  324.2  325.9  326.6  326.4  325.4  324.1  322.6  320.9  319  316.9  314.6  312.1  
317.3  317.3  318.8  321.7  324.5  326.3  327.1  327  326.1  324.8  323.4  321.8  320.1  318.2  316  313.7  
317.6  318.3  320.4  323.7  327  329.3  330.6  330.9  330.6  330  329.2  328.2  327.2  326.1  324.9  323.6  
317.3  317.4  319  321.9  324.8  326.7  327.5  327.5  326.6  325.4  324.1  322.6  321  319.2  317.2  315.1  
