316.9  315.4  313.7  312.1  310.4  308.7  307.1  305.6  304.7  304.9  306.2  308.4  312.3  318  322.8  325.3  326  325.8  325.4  324.8  324  323  321.9  320.6  
316.9  315.4  313.7  312  310.3  308.6  307  305.5  304.6  304.8  306.1  308.3  312.2  317.9  322.7  325.2  325.9  325.7  325.3  324.7  323.9  322.9  321.7  320.4  
317  315.4  313.8  312.2  310.6  308.9  307.4  305.9  305.1  305.4  306.7  309  312.8  318.5  323.3  325.7  326.5  326.3  326  325.4  324.6  323.7  322.6  321.3  
316.9  315.3  313.6  311.8  310.1  308.3  306.6  305  304.1  304.2  305.4  307.6  311.5  317.3  322.2  324.6  325.3  325  324.6  323.9  323.1  322  320.8  319.4  
317  315.6  314.1  312.6  311.1  309.7  308.3  307  306.3  306.7  308.1  310.5  314.2  319.8  324.5  327  327.9  327.8  327.5  327  326.3  325.5  324.5  323.4  
317  315.5  313.9  312.3  310.7  309.1  307.6  306.2  305.4  305.7  307  309.3  313.1  318.8  323.6  326  326.8  326.7  326.3  325.8  325  324.1  323  321.8  
316.9  315.4  313.8  312.1  310.4  308.8  307.2  305.7  304.9  305.1  306.4  308.7  312.5  318.2  323  325.5  326.2  326  325.7  325  324.2  323.3  322.2  320.9  
317  315.6  314.1  312.6  311  309.6  308.2  306.8  306.1  306.5  307.9  310.3  314  319.6  324.3  326.9  327.7  327.6  327.3  326.8  326.1  325.2  324.3  323.1  
316.9  315.4  313.8  312.1  310.4  308.7  307.1  305.7  304.8  305  306.3  308.6  312.4  318.1  322.9  325.4  326.1  325.9  325.5  324.9  324.1  323.1  322  320.7  
317  315.4  313.8  312.2  310.5  308.9  307.3  305.9  305  305.3  306.6  308.9  312.7  318.4  323.2  325.7  326.4  326.3  325.9  325.3  324.5  323.6  322.5  321.2  
316.9  315.3  313.7  312  310.2  308.5  306.8  305.3  304.3  304.6  305.8  308  311.9  317.6  322.5  324.9  325.6  325.4  325  324.4  323.5  322.5  321.4  320  
316.9  315.4  313.8  312.1  310.4  308.8  307.2  305.7  304.8  305  306.3  308.6  312.4  318.1  323  325.4  326.1  326  325.6  325  324.2  323.2  322.1  320.8  
317  315.5  314  312.4  310.8  309.3  307.8  306.4  305.7  306  307.4  309.7  313.4  319.1  323.8  326.3  327.1  327  326.7  326.1  325.4  324.5  323.5  322.3  
317  315.4  313.8  312.2  310.5  308.9  307.3  305.9  305  305.3  306.6  308.9  312.7  318.4  323.2  325.6  326.4  326.2  325.8  325.2  324.5  323.5  322.4  321.2  
316.9  315.4  313.7  312  310.3  308.7  307  305.5  304.6  304.9  306.1  308.4  312.2  317.9  322.8  325.2  325.9  325.7  325.3  324.7  323.9  322.9  321.8  320.5  
317  315.5  314  312.4  310.8  309.2  307.7  306.4  305.6  305.9  307.3  309.6  313.4  319  323.8  326.3  327  326.9  326.6  326  325.3  324.4  323.4  322.2  
317  315.6  314.2  312.7  311.3  309.9  308.5  307.3  306.6  307.1  308.6  310.9  314.6  320.2  324.9  327.4  328.3  328.3  328  327.5  326.9  326.1  325.1  324  
316.9  315.3  313.6  311.9  310.1  308.3  306.7  305.1  304.1  304.3  305.5  307.7  311.6  317.3  322.2  324.7  325.3  325.1  324.7  324  323.2  322.1  320.9  319.6  
317  315.4  313.9  312.3  310.6  309  307.5  306.1  305.2  305.5  306.9  309.2  312.9  318.6  323.4  325.9  326.6  326.5  326.1  325.6  324.8  323.9  322.8  321.6  
317  315.5  313.9  312.3  310.7  309.2  307.7  306.3  305.5  305.8  307.1  309.4  313.2  318.9  323.7  326.1  326.9  326.8  326.5  325.9  325.1  324.2  323.2  322  
317  315.5  314  312.4  310.9  309.4  307.9  306.6  305.8  306.2  307.5  309.9  313.6  319.3  324  326.5  327.3  327.2  326.9  326.3  325.6  324.7  323.7  322.6  
317  315.5  313.9  312.3  310.7  309.1  307.5  306.1  305.3  305.6  307  309.3  313  318.7  323.5  326  326.7  326.6  326.2  325.7  324.9  324  322.9  321.7  
317  315.4  313.8  312.2  310.5  308.8  307.3  305.8  304.9  305.2  306.5  308.8  312.6  318.3  323.1  325.5  326.3  326.1  325.8  325.1  324.4  323.4  322.3  321  
317  315.6  314.2  312.7  311.2  309.8  308.4  307.1  306.4  306.9  308.3  310.7  314.4  320  324.7  327.2  328.1  328  327.7  327.2  326.6  325.7  324.8  323.7  
316.9  315.2  313.5  311.7  309.9  308.1  306.3  304.7  303.7  303.8  305  307.1  311  316.8  321.8  324.2  324.8  324.6  324.1  323.4  322.5  321.4  320.2  318.7  
316.9  315.3  313.6  311.8  310  308.3  306.5  305  304  304.1  305.3  307.5  311.4  317.2  322.1  324.5  325.2  324.9  324.5  323.8  322.9  321.9  320.7  319.3  
316.9  315.3  313.6  311.9  310.1  308.4  306.7  305.2  304.2  304.3  305.6  307.8  311.7  317.5  322.3  324.8  325.5  325.2  324.8  324.2  323.3  322.3  321.1  319.7  
316.9  315.3  313.7  311.9  310.2  308.5  306.8  305.3  304.3  304.5  305.7  308  311.8  317.6  322.4  324.9  325.6  325.4  324.9  324.3  323.4  322.4  321.2  319.9  
316.9  315.3  313.7  312  310.3  308.6  306.9  305.4  304.5  304.7  306  308.2  312  317.8  322.6  325.1  325.8  325.6  325.2  324.5  323.7  322.7  321.6  320.3  
317  315.6  314.2  312.7  311.2  309.8  308.4  307.1  306.5  306.9  308.3  310.7  314.4  320  324.7  327.2  328.1  328  327.8  327.3  326.6  325.8  324.8  323.7  
317  315.6  314.1  312.6  311.1  309.6  308.2  306.9  306.2  306.6  308.1  310.4  314.1  319.7  324.5  327  327.8  327.7  327.5  326.9  326.2  325.4  324.4  323.3  
317  315.5  314  312.4  310.8  309.3  307.8  306.5  305.7  306.1  307.4  309.8  313.5  319.2  323.9  326.4  327.2  327.1  326.8  326.2  325.5  324.6  323.6  322.4  
316.9  315.1  313.3  311.4  309.4  307.5  305.6  303.9  302.8  302.8  303.8  305.9  309.8  315.7  320.7  323.1  323.7  323.4  322.9  322.1  321.1  319.9  318.5  316.9  
316.9  315.1  313.3  311.5  309.6  307.6  305.8  304.1  303  303  304.1  306.2  310.1  316  321  323.4  324  323.7  323.2  322.4  321.4  320.3  318.9  317.3  
316.9  315.2  313.4  311.6  309.7  307.8  306  304.3  303.3  303.3  304.5  306.6  310.5  316.3  321.3  323.7  324.3  324  323.5  322.8  321.8  320.7  319.4  317.9  
316.9  315.2  313.4  311.6  309.7  307.9  306.1  304.3  303.3  303.4  304.5  306.7  310.6  316.4  321.4  323.8  324.4  324.1  323.6  322.9  322  320.8  319.5  318  
317  315.5  314  312.5  310.9  309.4  308  306.6  305.9  306.2  307.6  310  313.7  319.3  324.1  326.6  327.4  327.3  327  326.4  325.7  324.9  323.9  322.7  
317  315.4  313.9  312.2  310.6  309  307.4  306  305.2  305.4  306.7  309  312.8  318.5  323.3  325.8  326.5  326.4  326  325.4  324.7  323.7  322.7  321.4  
317  315.6  314.1  312.5  311  309.5  308.1  306.8  306.1  306.4  307.9  310.2  313.9  319.5  324.3  326.8  327.6  327.5  327.2  326.7  326  325.2  324.2  323  
317  315.5  313.9  312.4  310.8  309.2  307.7  306.3  305.5  305.9  307.2  309.5  313.3  319  323.7  326.2  327  326.9  326.5  326  325.2  324.3  323.3  322.1  
316.9  315.3  313.7  312  310.2  308.5  306.9  305.3  304.3  304.6  305.9  308.1  311.9  317.7  322.5  325  325.7  325.5  325.1  324.4  323.6  322.6  321.4  320.1  
317  315.6  314.1  312.6  311.1  309.6  308.2  306.9  306.2  306.6  308  310.3  314.1  319.7  324.4  326.9  327.7  327.7  327.4  326.9  326.2  325.3  324.4  323.2  
316.9  315.1  313.3  311.4  309.4  307.5  305.6  303.9  302.7  302.7  303.8  305.9  309.8  315.7  320.7  323.1  323.7  323.4  322.8  322  321  319.8  318.4  316.8  
316.9  315.1  313.3  311.4  309.5  307.6  305.7  304  302.9  302.9  304  306  309.9  315.8  320.8  323.2  323.9  323.5  323  322.2  321.2  320.1  318.7  317  
316.9  315.2  313.5  311.6  309.8  307.9  306.2  304.5  303.5  303.6  304.7  306.8  310.7  316.6  321.5  323.9  324.6  324.3  323.8  323.1  322.1  321  319.8  318.3  
316.9  315.2  313.4  311.6  309.7  307.9  306.1  304.3  303.4  303.4  304.6  306.7  310.6  316.4  321.4  323.8  324.4  324.2  323.7  322.9  322  320.9  319.6  318.1  
316.9  315.1  313.3  311.5  309.5  307.6  305.8  304.1  303  303  304.1  306.2  310.1  316  320.9  323.4  324  323.7  323.1  322.4  321.4  320.2  318.8  317.2  
317  315.5  313.9  312.3  310.7  309.1  307.6  306.2  305.4  305.7  307.1  309.4  313.2  318.8  323.6  326.1  326.9  326.7  326.4  325.8  325.1  324.2  323.1  321.9  
317  315.5  314.1  312.5  311  309.5  308.1  306.7  306  306.4  307.8  310.1  313.9  319.5  324.2  326.7  327.5  327.5  327.2  326.6  325.9  325.1  324.1  322.9  
316.9  315.2  313.5  311.7  309.8  308  306.2  304.6  303.6  303.7  304.8  307  310.9  316.7  321.6  324.1  324.7  324.4  324  323.2  322.3  321.2  320  318.5  
317  315.6  314.1  312.6  311.2  309.7  308.3  307.1  306.4  306.8  308.2  310.6  314.3  319.9  324.6  327.1  328  327.9  327.6  327.1  326.5  325.6  324.7  323.6  
317  315.5  314  312.4  310.9  309.3  307.9  306.5  305.7  306.1  307.5  309.8  313.6  319.2  323.9  326.4  327.2  327.1  326.8  326.3  325.5  324.7  323.6  322.5  
316.9  315.1  313.4  311.5  309.6  307.7  305.9  304.2  303.1  303.1  304.2  306.3  310.2  316.1  321.1  323.5  324.1  323.8  323.3  322.5  321.6  320.4  319  317.5  
316.9  315.2  313.5  311.7  309.8  308  306.2  304.6  303.5  303.6  304.8  306.9  310.8  316.6  321.6  324  324.6  324.4  323.9  323.1  322.2  321.1  319.8  318.4  
316.9  315.2  313.5  311.7  309.9  308.1  306.3  304.7  303.7  303.8  305  307.2  311  316.9  321.8  324.2  324.8  324.6  324.1  323.4  322.5  321.4  320.2  318.7  
316.9  315.2  313.4  311.5  309.6  307.8  305.9  304.3  303.2  303.2  304.3  306.5  310.4  316.2  321.2  323.6  324.2  323.9  323.4  322.7  321.7  320.6  319.2  317.7  
317  315.6  314.2  312.8  311.3  309.9  308.6  307.3  306.7  307.2  308.6  311  314.7  320.3  325  327.5  328.4  328.3  328.1  327.6  327  326.2  325.2  324.2  
316.9  315.3  313.6  311.8  310  308.2  306.5  304.9  303.9  304  305.2  307.4  311.3  317.1  322  324.4  325.1  324.8  324.4  323.7  322.8  321.7  320.5  319.1  
317  315.6  314.2  312.7  311.2  309.8  308.5  307.2  306.6  307  308.5  310.8  314.5  320.1  324.8  327.4  328.2  328.2  327.9  327.4  326.8  325.9  325  323.9  
316.9  315.2  313.5  311.8  309.9  308.1  306.4  304.8  303.8  303.9  305.1  307.3  311.2  317  321.9  324.3  325  324.7  324.2  323.6  322.7  321.6  320.4  318.9  
316.9  315.2  313.5  311.7  309.8  308  306.3  304.6  303.6  303.7  304.9  307  310.9  316.7  321.7  324.1  324.7  324.5  324  323.3  322.4  321.3  320  318.5  
316.9  315.3  313.7  312  310.3  308.6  307  305.4  304.5  304.7  306  308.2  312.1  317.8  322.7  325.1  325.8  325.6  325.2  324.6  323.7  322.8  321.6  320.3  
316.9  315.1  313.4  311.5  309.6  307.7  305.9  304.2  303.1  303.1  304.3  306.4  310.2  316.1  321.1  323.5  324.1  323.8  323.3  322.6  321.6  320.4  319.1  317.5  
317  315.5  314  312.5  311  309.5  308  306.7  305.9  306.3  307.7  310  313.8  319.4  324.1  326.7  327.5  327.4  327.1  326.5  325.8  325  324  322.8  
317  315.6  314.2  312.8  311.3  309.9  308.6  307.3  306.7  307.2  308.6  311  314.7  320.3  325  327.5  328.4  328.3  328.1  327.6  327  326.2  325.2  324.2  
317  315.6  314.2  312.7  311.2  309.8  308.5  307.2  306.6  307  308.5  310.8  314.5  320.1  324.8  327.4  328.2  328.2  327.9  327.4  326.8  325.9  325  323.9  
316.9  315.3  313.6  311.9  310.1  308.4  306.7  305.2  304.2  304.3  305.6  307.9  311.7  317.5  322.3  324.8  325.5  325.3  324.8  324.2  323.3  322.3  321.1  319.7  
316.9  315.2  313.5  311.8  309.9  308.1  306.4  304.8  303.8  303.9  305.1  307.3  311.2  317  321.9  324.3  325  324.7  324.2  323.6  322.7  321.6  320.4  318.9  
316.9  315.3  313.6  311.8  310  308.2  306.5  304.9  303.9  304  305.2  307.4  311.3  317.1  322  324.4  325.1  324.8  324.4  323.7  322.8  321.7  320.5  319.1  
317  315.4  313.9  312.3  310.6  309  307.5  306.1  305.2  305.5  306.9  309.2  313  318.6  323.4  325.9  326.6  326.5  326.1  325.6  324.8  323.9  322.8  321.6  
316.9  315.1  313.3  311.4  309.5  307.6  305.7  304  302.9  302.9  304  306.1  310  315.9  320.9  323.3  323.9  323.6  323  322.3  321.3  320.1  318.7  317.1  
316.9  315.3  313.6  311.8  310  308.3  306.6  305  304  304.1  305.3  307.5  311.4  317.2  322.1  324.5  325.2  324.9  324.5  323.8  322.9  321.9  320.7  319.3  
316.9  315.2  313.4  311.5  309.6  307.8  305.9  304.3  303.2  303.2  304.3  306.5  310.4  316.2  321.2  323.6  324.2  323.9  323.4  322.7  321.7  320.6  319.2  317.7  
316.9  315.3  313.6  311.9  310.1  308.3  306.6  305.1  304.1  304.3  305.5  307.7  311.6  317.3  322.2  324.6  325.3  325.1  324.7  324  323.1  322.1  320.9  319.5  
317  315.4  313.8  312.1  310.5  308.8  307.3  305.8  304.9  305.2  306.5  308.7  312.6  318.3  323.1  325.5  326.3  326.1  325.7  325.1  324.3  323.4  322.3  321  
317  315.5  314  312.4  310.8  309.3  307.8  306.4  305.7  306  307.4  309.7  313.4  319.1  323.8  326.3  327.1  327  326.7  326.1  325.4  324.5  323.5  322.3  
317  315.5  314  312.5  311  309.5  308  306.7  305.9  306.3  307.7  310  313.8  319.4  324.1  326.7  327.5  327.4  327.1  326.5  325.8  325  324  322.8  
316.9  315.2  313.4  311.6  309.7  307.8  306  304.3  303.3  303.3  304.5  306.6  310.5  316.3  321.3  323.7  324.3  324.1  323.6  322.8  321.9  320.7  319.4  317.9  
317  315.5  313.9  312.3  310.7  309.1  307.6  306.1  305.3  305.6  307  309.3  313.1  318.7  323.5  326  326.8  326.6  326.3  325.7  324.9  324  323  321.8  
316.9  315.3  313.7  311.9  310.2  308.5  306.8  305.3  304.3  304.5  305.8  308  311.8  317.6  322.4  324.9  325.6  325.4  324.9  324.3  323.4  322.4  321.3  319.9  
