317  315.6  314.1  312.5  311  309.5  308  306.7  305.9  306.3  307.7  310  313.7  319.3  324  326.5  327.3  327.3  327.1  326.8  326.4  326.3  326.3  326.1  
316.9  315.4  313.7  312.1  310.4  308.7  307.1  305.5  304.6  304.8  306  308.2  312  317.8  322.6  325  325.7  325.6  325.5  325.1  324.7  324.4  323.9  323.7  
317  315.5  314  312.4  310.8  309.2  307.7  306.3  305.5  305.8  307.2  309.4  313.2  318.8  323.6  326.1  326.8  326.8  326.5  326.1  325.8  325.7  325.8  325.6  
317  315.5  313.9  312.3  310.7  309.1  307.6  306.1  305.3  305.6  306.9  309.1  312.9  318.6  323.3  325.8  326.5  326.5  326.3  325.9  325.5  325.5  325.7  325.6  
316.9  315.4  313.8  312.1  310.4  308.8  307.2  305.7  304.8  305  306.3  308.5  312.3  318  322.8  325.2  325.9  325.9  325.7  325.3  325.1  325.1  325.3  325.4  
317  315.4  313.8  312.2  310.5  308.9  307.3  305.8  305  305.2  306.5  308.7  312.5  318.2  323  325.4  326.1  326.1  325.9  325.5  325.2  325.3  325.4  325.4  
317  315.6  314  312.4  310.8  309.3  307.9  306.5  305.7  306  307.4  309.7  313.4  319  323.8  326.3  327  327  326.7  326.3  325.9  325.9  326  325.7  
317  315.6  314.1  312.6  311.1  309.7  308.3  307  306.3  306.6  308.1  310.4  314.1  319.7  324.4  326.9  327.7  327.7  327.7  327.5  327.1  326.9  326.7  326.4  
316.9  315.3  313.7  312  310.2  308.5  306.9  305.3  304.3  304.5  305.7  307.9  311.7  317.5  322.3  324.8  325.4  325.4  325.3  325  324.6  324.1  323.4  322.8  
316.9  315.2  313.5  311.7  309.9  308  306.3  304.7  303.6  303.7  304.9  307  310.9  316.7  321.6  324.1  324.7  324.6  324.6  324.7  324.4  323.5  322.5  321.6  
317  315.6  314.2  312.7  311.2  309.8  308.5  307.2  306.5  306.9  308.3  310.6  314.4  319.9  324.6  327.2  328  328  328  327.8  327.5  327.4  326.8  326.2  
316.9  315.1  313.3  311.4  309.5  307.5  305.7  303.9  302.8  302.9  304  306.1  310  315.9  320.9  323.4  324  323.9  323.9  323.9  323.5  322.7  321.7  320.6  
317  315.6  314.2  312.7  311.3  309.9  308.6  307.3  306.6  307  308.5  310.9  314.6  320.1  324.8  327.4  328.2  328.2  328.2  328  327.7  327.5  326.9  326.2  
316.9  315.1  313.3  311.4  309.4  307.4  305.6  303.8  302.6  302.7  303.8  305.8  309.7  315.7  320.7  323.2  323.8  323.7  323.7  323.7  323.2  322.2  321.2  320.5  
316.9  315.3  313.6  311.8  310  308.2  306.5  304.9  303.9  304  305.2  307.4  311.2  317  321.9  324.4  325  324.9  324.8  324.4  323.9  323.4  322.6  322.2  
316.9  315.2  313.4  311.5  309.6  307.7  305.9  304.2  303.1  303.2  304.3  306.5  310.4  316.3  321.3  323.7  324.3  324.2  324.2  324.1  323.8  323.1  321.9  320.8  
316.9  315.1  313.3  311.4  309.4  307.4  305.5  303.7  302.6  302.6  303.8  305.8  309.7  315.7  320.7  323.2  323.8  323.7  323.7  323.7  323.1  322.1  321.1  320  
316.9  315.2  313.5  311.7  309.8  307.9  306.2  304.5  303.5  303.6  304.7  306.9  310.8  316.6  321.6  324  324.6  324.5  324.5  324.5  324.5  324  323  321.9  
316.9  315.3  313.6  311.8  310  308.2  306.5  304.9  303.9  304  305.2  307.4  311.2  317  321.9  324.4  325  324.9  324.8  324.5  323.9  323.4  322.7  322.2  
316.9  315.2  313.4  311.5  309.6  307.7  305.9  304.2  303.1  303.2  304.3  306.5  310.4  316.3  321.3  323.7  324.3  324.2  324.2  324.1  323.8  323.1  321.9  320.8  
