316.9  315.3  313.7  312  310.4  308.7  307  305.6  304.7  304.9  306.2  308.4  312.2  318  322.8  325.2  325.9  325.8  325.8  325.9  325.7  325.9  325.7  325.3  
316.9  315.3  313.7  312  310.3  308.6  306.9  305.4  304.5  304.7  306  308.2  312  317.8  322.6  325  325.7  325.6  325.6  325.5  325.3  325.3  325  324.9  
317  315.4  313.8  312.2  310.6  309  307.4  306  305.1  305.4  306.8  309.1  312.9  318.5  323.3  325.8  326.5  326.4  326.4  326.4  326  326  326  325.7  
316.9  315.4  313.8  312.1  310.5  308.8  307.2  305.7  304.8  305.1  306.4  308.6  312.4  318.1  323  325.4  326.1  326  325.9  325.8  325.6  325.7  325.4  324.7  
316.9  315.2  313.5  311.6  309.7  307.9  306.1  304.5  303.4  303.5  304.6  306.7  310.6  316.5  321.4  323.8  324.4  324.3  324.2  324.2  324.3  324.1  323.2  322.7  
317  315.5  313.9  312.3  310.7  309.1  307.6  306.2  305.4  305.7  307.1  309.4  313.2  318.8  323.6  326.1  326.8  326.7  326.7  326.6  326.2  326.2  326  325.8  
316.9  315.2  313.4  311.6  309.7  307.8  306  304.3  303.3  303.4  304.5  306.6  310.5  316.4  321.3  323.7  324.3  324.2  324.2  324.2  324.2  324  323.1  322.7  
317  315.5  314  312.4  310.9  309.3  307.9  306.5  305.8  306.1  307.5  309.8  313.6  319.2  324  326.5  327.2  327.2  327.2  327.1  326.6  326.6  326.6  326.6  
316.9  315.3  313.6  311.9  310.1  308.3  306.6  305  304.1  304.2  305.4  307.6  311.4  317.2  322.1  324.5  325.1  325.1  325  324.9  324.8  324.7  324.4  324.1  
317  315.4  313.8  312.1  310.5  308.8  307.3  305.8  305  305.2  306.6  308.8  312.6  318.3  323.2  325.6  326.3  326.2  326.2  326.2  326  326  326  325.7  
317  315.6  314.1  312.6  311  309.6  308.1  306.8  306.1  306.5  307.9  310.2  314  319.6  324.3  326.8  327.5  327.5  327.5  327.3  326.9  326.7  326.8  326.7  
316.9  315.3  313.6  311.9  310.1  308.4  306.7  305.2  304.2  304.3  305.6  307.8  311.7  317.5  322.3  324.8  325.4  325.3  325.2  324.9  324.7  324.6  324.8  324.9  
316.9  315.1  313.3  311.4  309.4  307.4  305.5  303.8  302.7  302.7  303.7  305.9  309.8  315.7  320.7  323.1  323.6  323.5  323.3  323  323.1  323  322.7  322.9  
316.8  315.1  313.3  311.4  309.4  307.4  305.6  303.9  302.8  302.7  303.8  305.9  309.8  315.7  320.7  323.1  323.7  323.6  323.4  322.9  323  323.1  322.7  322.6  
316.9  315.1  313.4  311.5  309.6  307.6  305.8  304.1  303.1  303.1  304.2  306.3  310.2  316.1  321  323.4  324  323.9  323.7  323.3  323.3  323.2  322.8  322.9  
316.9  315.2  313.5  311.7  309.9  308.1  306.3  304.7  303.7  303.8  304.9  307.1  311  316.8  321.7  324.1  324.7  324.7  324.6  324.6  324.5  324.1  323.5  323.2  
317  315.6  314.2  312.7  311.2  309.7  308.3  307  306.4  306.8  308.2  310.5  314.2  319.8  324.5  327  327.8  327.8  327.8  327.5  327.2  327  327  327  
316.8  315  313.2  311.3  309.2  307.2  305.3  303.6  302.4  302.3  303.4  305.5  309.4  315.3  320.4  322.7  323.3  323.2  322.9  322.5  322.7  322.9  322.1  321.7  
316.9  315.3  313.6  311.8  310  308.2  306.5  304.9  303.9  304  305.2  307.4  311.3  317.1  322  324.4  325  325  324.9  324.8  324.6  324.3  324.3  324.3  
316.9  315.3  313.6  311.9  310.1  308.4  306.7  305.2  304.2  304.3  305.6  307.8  311.7  317.5  322.3  324.8  325.4  325.3  325.2  324.9  324.7  324.6  324.8  324.9  
