316.9  315.3  313.6  311.9  310.2  308.4  306.8  305.2  304.3  304.4  305.7  307.9  311.8  317.5  322.4  324.8  325.5  325.5  325.2  325.3  325.3  324.8  324  323.4  
317  315.5  313.9  312.3  310.7  309.1  307.6  306.2  305.4  305.7  307  309.3  313.1  318.7  323.5  326  326.7  326.7  326.6  326.2  325.7  325.7  325.9  325.8  
316.9  315.3  313.7  312  310.2  308.5  306.9  305.4  304.5  304.7  305.9  308.1  312  317.7  322.6  325  325.7  325.7  325.4  325.5  325.5  324.9  324.2  323.7  
316.9  315.3  313.6  311.8  310.1  308.3  306.6  305.1  304.1  304.3  305.5  307.7  311.6  317.3  322.2  324.6  325.3  325.3  325.1  325.2  325.2  324.6  323.9  323.2  
317.1  315.9  314.5  313  311.5  310.1  308.7  307.5  306.9  307.4  308.8  311.2  314.8  320.3  325  327.6  328.5  328.5  328.4  328.5  328.4  328.2  328.2  328.2  
316.9  315.2  313.5  311.8  310  308.2  306.5  304.9  303.9  304.1  305.3  307.5  311.4  317.2  322  324.5  325.1  325.1  325.1  325.1  325  324.4  323.9  323.4  
316.9  315.2  313.4  311.6  309.8  307.9  306.2  304.5  303.5  303.6  304.7  306.8  310.7  316.5  321.5  323.9  324.5  324.4  324.2  324.2  324.2  323.8  323.5  323.7  
316.9  315.1  313.4  311.6  309.7  307.8  306  304.3  303.3  303.4  304.5  306.6  310.5  316.3  321.3  323.7  324.3  324.2  324  324.1  324.1  323.7  323.6  323.8  
317  315.5  314  312.4  310.8  309.3  307.8  306.4  305.6  305.9  307.3  309.6  313.4  319  323.8  326.2  327  326.9  326.8  326.7  326.2  326.2  326.5  326.3  
316.9  315.2  313.5  311.7  309.9  308.1  306.3  304.7  303.7  303.8  305  307.1  311  316.8  321.7  324.2  324.8  324.8  324.7  324.8  324.7  324.2  323.8  323.7  
316.9  315.1  313.4  311.5  309.6  307.8  306  304.3  303.2  303.3  304.3  306.5  310.4  316.2  321.2  323.6  324.2  324.1  323.9  324  324  323.6  323.6  323.9  
317.2  315.9  314.5  313  311.6  310.2  308.8  307.6  307.1  307.6  309  311.3  315  320.5  325.2  327.7  328.6  328.6  328.5  328.6  328.5  328.3  328.2  328  
316.9  315.4  313.8  312.1  310.4  308.8  307.2  305.7  304.8  305.1  306.3  308.6  312.4  318.1  322.9  325.4  326.1  326.1  325.8  325.7  325.6  325.2  324.8  324.4  
317.1  315.7  314.3  312.8  311.3  309.8  308.4  307.1  306.5  306.9  308.3  310.6  314.3  319.9  324.6  327.1  327.9  327.9  327.8  327.8  327.5  327.5  327.5  327.3  
317  315.4  313.8  312.2  310.5  308.9  307.4  305.9  305.1  305.4  306.7  309  312.8  318.4  323.2  325.7  326.4  326.3  326.1  325.9  325.3  325.3  325.7  325.5  
317  315.6  314.1  312.6  311  309.5  308  306.7  306  306.3  307.7  310  313.8  319.4  324.1  326.6  327.4  327.4  327.2  327.1  326.8  326.7  326.9  326.9  
317.1  315.7  314.3  312.8  311.3  309.8  308.4  307.1  306.5  306.9  308.3  310.6  314.3  319.9  324.6  327.1  327.9  327.9  327.7  327.8  327.6  327.5  327.6  327.3  
316.9  315.4  313.8  312.1  310.4  308.8  307.2  305.7  304.8  305.1  306.3  308.6  312.4  318.1  322.9  325.4  326.1  326.1  325.9  325.8  325.7  325.4  325.1  324.6  
317  315.5  314  312.5  311  309.5  308  306.7  305.9  306.3  307.7  310  313.7  319.3  324.1  326.6  327.4  327.4  327.3  327.2  326.9  326.9  327  326.8  
317  315.4  313.8  312.2  310.5  308.9  307.4  305.9  305.1  305.4  306.7  309  312.8  318.4  323.2  325.7  326.4  326.3  326.1  325.9  325.3  325.3  325.7  325.5  
