316.5  313  312  312.1  312.2  313  312.9  313  313.6  313.6  314.5  314.8  314.1  314.4  315.7  316.1  315.5  313.6  
319.1  320.7  322.9  325.6  328.3  331  333.9  337  337.971  339.079  339.693  339.885  339.725  339.33  338.79  338.16  337.491  336.852  
319.1  320.7  323  325.6  328.4  331.1  334  337.1  338.015  339.107  339.707  339.884  339.712  339.305  338.757  338.117  337.441  336.796  
319.1  320.8  323  325.7  328.4  331.2  334  337.1  338.027  339.115  339.71  339.884  339.708  339.299  338.747  338.106  337.427  336.781  
319.1  320.7  323  325.7  328.5  331.2  334  337.1  338.026  339.114  339.71  339.884  339.708  339.299  338.748  338.107  337.428  336.782  
319.1  320.8  323  325.7  328.5  331.2  334.1  337.2  338.051  339.13  339.718  339.884  339.7  339.285  338.728  338.082  337.399  336.749  
319.1  320.8  323  325.7  328.5  331.2  334.1  337.2  338.051  339.13  339.718  339.884  339.7  339.285  338.728  338.082  337.399  336.749  
319.1  320.8  323  325.7  328.5  331.2  334.1  337.2  338.051  339.13  339.718  339.884  339.7  339.285  338.728  338.082  337.399  336.749  
319.1  320.8  323  325.7  328.5  331.2  334.1  337.2  338.051  339.13  339.718  339.884  339.7  339.285  338.728  338.082  337.399  336.749  
319.1  320.8  323  325.7  328.5  331.2  334.1  337.2  338.051  339.13  339.718  339.884  339.7  339.285  338.728  338.082  337.399  336.749  
319.1  320.8  323  325.7  328.5  331.2  334.1  337.2  338.051  339.13  339.718  339.884  339.7  339.285  338.728  338.082  337.399  336.749  
319.1  320.8  323  325.7  328.5  331.2  334.1  337.2  338.051  339.13  339.718  339.884  339.7  339.285  338.728  338.082  337.399  336.749  
319.1  320.8  323  325.7  328.5  331.2  334.1  337.2  338.051  339.13  339.718  339.884  339.7  339.285  338.728  338.082  337.399  336.749  
319.1  320.8  323  325.7  328.5  331.2  334.1  337.2  338.051  339.13  339.718  339.884  339.7  339.285  338.728  338.082  337.399  336.749  
319.1  320.8  323  325.7  328.5  331.2  334.1  337.2  338.051  339.13  339.718  339.884  339.7  339.285  338.728  338.082  337.399  336.749  
319.1  320.8  323  325.7  328.5  331.2  334.1  337.2  338.051  339.13  339.718  339.884  339.7  339.285  338.728  338.082  337.399  336.749  
319.1  320.8  323  325.7  328.4  331.2  334  337.1  338.026  339.115  339.71  339.884  339.708  339.299  338.748  338.106  337.428  336.781  
319.1  320.8  323  325.7  328.4  331.2  334  337.1  338.027  339.115  339.71  339.884  339.708  339.299  338.747  338.106  337.427  336.781  
319.1  320.8  323  325.7  328.4  331.2  334  337.1  338.027  339.115  339.71  339.884  339.708  339.299  338.748  338.106  337.428  336.781  
319.1  320.8  323  325.7  328.4  331.2  334  337.1  338.027  339.115  339.71  339.884  339.708  339.299  338.748  338.106  337.428  336.781  
