316.9  315.3  313.6  311.8  310  308.3  306.6  304.9  303.9  304  305.2  307.4  311.2  317  321.9  324.3  324.9  324.7  324.6  324.5  324.3  324  323.6  323.5  
317  315.5  314.1  312.6  311  309.6  308.2  306.8  306.1  306.5  307.9  310.2  314  319.5  324.3  326.8  327.5  327.5  327.4  327.3  327  327  327.4  327.5  
316.9  315.4  313.8  312.2  310.5  308.8  307.2  305.7  304.8  305  306.3  308.6  312.4  318.1  322.9  325.4  326.1  326  326  326.1  325.7  325  324.4  323.9  
317  315.4  313.9  312.3  310.7  309.1  307.6  306.1  305.3  305.6  307  309.3  313.1  318.7  323.5  326  326.7  326.7  326.7  326.7  326.4  326.4  326.2  325.5  
317  315.4  313.9  312.3  310.6  309  307.4  306  305.1  305.4  306.7  309  312.7  318.4  323.2  325.7  326.4  326.4  326.3  326.4  326.2  326.2  325.9  325.1  
317  315.6  314.1  312.6  311.1  309.7  308.3  306.9  306.3  306.7  308.1  310.5  314.2  319.8  324.5  327  327.8  327.7  327.6  327.5  327.2  327.1  327.3  326.9  
316.9  315.3  313.6  311.9  310.1  308.4  306.7  305.1  304.1  304.2  305.4  307.6  311.4  317.2  322.1  324.5  325.2  325  325  324.9  324.7  324.5  324  323.8  
317  315.6  314.2  312.7  311.3  309.9  308.6  307.3  306.7  307.2  308.6  311  314.7  320.2  324.9  327.4  328.2  328.2  328.1  328  327.7  327.7  327.9  328  
316.9  315.2  313.6  311.8  309.9  308.1  306.4  304.8  303.8  303.9  305  307.2  311  316.8  321.7  324.1  324.7  324.6  324.2  323.6  323  322.5  322.3  322.5  
317  315.5  314  312.5  310.9  309.4  307.9  306.5  305.8  306.2  307.6  309.9  313.6  319.2  324  326.4  327.2  327.2  327.1  327.1  326.9  326.8  326.7  326.1  
317  315.5  314  312.4  310.7  309.2  307.6  306.2  305.4  305.7  307  309.3  313.1  318.7  323.5  325.9  326.7  326.7  326.7  326.7  326.4  326  325.5  324.7  
316.9  315.2  313.5  311.7  309.9  308.1  306.3  304.7  303.7  303.8  304.9  307.1  310.9  316.7  321.6  324  324.6  324.4  324.3  324.1  323.9  323.4  322.9  323.1  
317  315.6  314.2  312.8  311.3  310  308.6  307.3  306.7  307.3  308.7  311.1  314.8  320.3  325  327.5  328.3  328.3  328.2  328  327.7  327.8  328.1  328.2  
316.9  315.3  313.7  311.9  310.2  308.5  306.8  305.3  304.3  304.5  305.7  307.9  311.8  317.5  322.4  324.8  325.5  325.4  325.3  325.3  325.1  324.9  324.3  323.9  
316.9  315.4  313.7  312.1  310.3  308.6  307  305.5  304.6  304.8  306  308.3  312.1  317.8  322.7  325.1  325.8  325.7  325.7  325.5  325.3  324.9  324.4  323.9  
317  315.6  314.1  312.6  311.2  309.8  308.4  307.1  306.4  306.9  308.3  310.6  314.3  319.9  324.6  327.1  327.9  327.9  327.8  327.7  327.3  327.4  327.7  327.7  
317  315.5  314  312.4  310.8  309.3  307.9  306.5  305.7  306  307.4  309.7  313.5  319.1  323.9  326.3  327.1  327.1  327  327  326.8  326.6  326.3  325.5  
316.9  315.3  313.7  311.9  310.2  308.5  306.8  305.3  304.3  304.5  305.7  307.9  311.8  317.6  322.4  324.8  325.5  325.4  325.3  325.1  325  324.8  324.4  323.9  
317  315.4  313.9  312.3  310.6  309  307.4  306  305.1  305.4  306.7  309  312.7  318.4  323.2  325.7  326.4  326.4  326.3  326.4  326.2  326.2  325.9  325.1  
316.9  315.4  313.7  312.1  310.3  308.6  307  305.5  304.6  304.8  306  308.3  312.1  317.8  322.7  325.1  325.8  325.7  325.7  325.5  325.3  324.9  324.4  323.9  
