316.9  315.4  313.8  312.1  310.4  308.8  307.2  305.7  304.8  305  306.3  308.5  312.4  318.1  322.9  325.3  326  326  325.8  325.7  325.7  325.5  325.2  324.6  
317  315.6  314.2  312.7  311.2  309.8  308.4  307.2  306.5  307  308.4  310.8  314.5  320  324.7  327.3  328.1  328.1  328  327.7  327.7  327.9  327.4  326.4  
316.9  315.3  313.6  311.9  310.2  308.4  306.7  305.2  304.2  304.3  305.6  307.8  311.6  317.4  322.3  324.7  325.3  325.2  325  324.7  324.5  324.2  324  323.5  
317  315.5  314.1  312.5  311  309.5  308  306.7  306  306.4  307.9  310.2  313.9  319.5  324.2  326.8  327.5  327.5  327.4  327  327.1  327.2  326.7  326.1  
316.9  315.3  313.7  312  310.3  308.6  306.9  305.4  304.5  304.7  305.9  308.1  311.9  317.7  322.5  324.9  325.6  325.5  325.4  325.3  325.2  324.9  324.7  324.2  
316.9  315.2  313.5  311.7  309.9  308.1  306.4  304.8  303.8  303.9  305.1  307.2  311.1  316.9  321.8  324.2  324.8  324.7  324.5  324.2  324  323.7  323.6  323.3  
317  315.6  314.1  312.6  311.1  309.6  308.2  306.9  306.2  306.7  308.1  310.4  314.2  319.8  324.5  327  327.8  327.8  327.6  327.3  327.3  327.5  327.1  326.7  
316.9  315.3  313.6  311.8  310  308.2  306.5  304.9  303.9  304.1  305.3  307.5  311.3  317.1  322  324.4  325  324.9  324.7  324.7  324.6  324.2  324  323.5  
316.9  315.2  313.4  311.6  309.8  307.9  306.2  304.5  303.5  303.6  304.7  306.9  310.8  316.6  321.5  323.9  324.5  324.4  324.1  323.9  323.8  323.7  323.6  323.4  
316.9  315.1  313.4  311.5  309.6  307.7  305.9  304.3  303.2  303.2  304.3  306.5  310.3  316.2  321.1  323.5  324.1  324  323.7  323.2  323  323.1  323.2  323.1  
317  315.7  314.3  312.8  311.4  310  308.7  307.5  306.9  307.4  308.9  311.3  315  320.5  325.2  327.7  328.6  328.6  328.5  328.2  328.2  328.4  327.9  327.3  
317  315.5  314  312.3  310.8  309.3  307.8  306.4  305.6  305.9  307.3  309.6  313.4  319  323.8  326.3  327  327  326.8  326.5  326.5  326.6  325.9  325.4  
317  315.4  313.9  312.2  310.6  309  307.5  306.1  305.2  305.5  306.8  309.1  312.9  318.6  323.3  325.8  326.5  326.5  326.3  326  325.9  325.8  325.1  324.1  
317  315.5  314  312.4  310.8  309.2  307.7  306.4  305.6  305.9  307.3  309.7  313.4  319.1  323.8  326.3  327.1  327  326.9  326.6  326.6  326.7  326  325.7  
317  315.7  314.4  313  311.6  310.3  309  307.9  307.3  307.8  309.3  311.6  315.3  320.8  325.5  328.1  329  329  328.9  328.6  328.6  328.9  328.4  327.8  
317  315.4  313.9  312.2  310.6  309  307.4  306  305.2  305.4  306.8  309.1  312.8  318.5  323.3  325.8  326.5  326.4  326.3  326  325.9  325.9  325.2  324.6  
317.1  315.8  314.4  313.1  311.7  310.4  309.2  308.1  307.5  308  309.6  311.9  315.6  321.1  325.8  328.4  329.3  329.3  329.2  328.9  328.9  329.2  328.7  328.2  
316.9  315.1  313.3  311.4  309.5  307.6  305.8  304.1  303  303  304.1  306.2  310.1  316  320.9  323.3  323.9  323.8  323.5  323  322.9  323.1  323.2  323.3  
317  315.7  314.3  312.8  311.4  310  308.7  307.5  306.9  307.3  308.8  311.1  314.9  320.4  325.1  327.7  328.5  328.5  328.4  328.1  328.1  328.3  327.8  327  
317  315.6  314.2  312.7  311.2  309.8  308.4  307.2  306.5  307  308.4  310.8  314.5  320  324.7  327.3  328.1  328.1  328  327.7  327.7  327.9  327.4  326.4  
