317  315.5  314  312.4  310.9  309.3  307.9  306.5  305.8  306.1  307.5  309.8  313.5  319.2  323.9  326.5  327.2  327.2  327.1  327  326.9  327.1  327  326.6  
316.9  315.2  313.5  311.7  309.9  308.1  306.3  304.7  303.7  303.8  305  307.1  311  316.8  321.7  324.1  324.7  324.5  324.2  324.1  324.1  324  323.7  322.8  
316.9  315.3  313.6  311.9  310.2  308.4  306.8  305.2  304.3  304.5  305.7  307.9  311.7  317.5  322.3  324.8  325.4  325.3  325.1  325.2  325  324.7  324.2  323.4  
317  315.4  313.9  312.3  310.6  309.1  307.6  306.1  305.3  305.6  307  309.2  313  318.7  323.5  326  326.7  326.7  326.5  326.3  326.3  326.5  326.3  325.5  
316.9  315.2  313.5  311.8  310  308.2  306.5  304.9  303.9  304  305.1  307.3  311.2  317  321.8  324.3  324.9  324.9  324.7  324.5  324.6  324.8  324.7  324.5  
316.9  315.4  313.8  312.2  310.5  308.9  307.3  305.9  305  305.3  306.6  308.8  312.6  318.3  323.1  325.6  326.3  326.3  326.2  326.2  325.9  325.7  325.4  325.1  
316.9  315.3  313.6  311.8  310.1  308.3  306.6  305  304  304.2  305.4  307.5  311.4  317.2  322  324.5  325.1  325.1  325  324.9  325  325.1  325  324.6  
317  315.5  314  312.4  310.8  309.2  307.8  306.4  305.6  305.9  307.3  309.6  313.3  319  323.8  326.3  327  327  326.8  326.7  326.4  326.5  326.5  326.2  
317  315.5  314  312.5  310.9  309.5  308  306.7  306  306.3  307.7  310  313.7  319.3  324.1  326.6  327.4  327.4  327.3  327.3  327.1  327.3  327.3  327  
316.9  315.3  313.6  311.9  310.2  308.4  306.7  305.2  304.2  304.3  305.6  307.7  311.6  317.4  322.2  324.7  325.3  325.3  325.2  325.1  325.1  325.2  325  324.6  
317  315.4  313.8  312.2  310.6  309  307.4  306  305.2  305.4  306.8  309  312.8  318.5  323.3  325.8  326.5  326.5  326.3  326.3  326  325.9  325.7  325.4  
316.9  315.3  313.7  312.1  310.4  308.7  307.1  305.6  304.7  304.9  306.2  308.4  312.2  317.9  322.8  325.2  325.9  325.9  325.8  325.9  325.6  325.3  325.1  324.9  
317  315.6  314.1  312.6  311.1  309.6  308.2  306.9  306.2  306.6  308  310.3  314  319.6  324.4  326.9  327.7  327.7  327.5  327.3  327.2  327.4  327.4  327.2  
316.9  315.4  313.8  312.1  310.5  308.8  307.3  305.8  304.9  305.2  306.5  308.7  312.5  318.2  323  325.5  326.2  326.2  326.1  326.1  325.8  325.6  325.5  325  
317  315.6  314.1  312.6  311  309.6  308.2  306.9  306.1  306.5  307.9  310.2  313.9  319.5  324.3  326.8  327.6  327.6  327.6  327.5  327.4  327.6  327.6  327.4  
316.9  315.3  313.7  312  310.3  308.5  306.9  305.4  304.5  304.6  305.9  308.1  311.9  317.7  322.5  324.9  325.6  325.5  325.4  325.5  325.2  325.1  324.8  324.1  
317  315.6  314.2  312.8  311.3  309.9  308.5  307.3  306.6  307  308.5  310.8  314.5  320.1  324.8  327.4  328.2  328.2  328.1  328  327.7  327.8  327.9  327.8  
317  315.6  314.2  312.7  311.2  309.8  308.5  307.2  306.6  307  308.4  310.7  314.4  320  324.7  327.3  328.1  328.1  328.1  328  327.8  328  328  327.9  
316.9  315.3  313.7  312.1  310.4  308.7  307.1  305.6  304.7  304.9  306.2  308.4  312.2  318  322.8  325.2  325.9  325.8  325.8  325.9  325.6  325.4  325.2  324.9  
317  315.4  313.9  312.3  310.6  309.1  307.6  306.1  305.3  305.6  307  309.2  313  318.7  323.5  326  326.7  326.7  326.5  326.3  326.3  326.5  326.3  325.5  
