316.9  315.3  313.6  311.9  310.1  308.3  306.7  305.1  304.2  304.3  305.6  307.8  311.6  317.4  322.3  324.7  325.4  325.2  325.2  325.3  325.1  325.1  325.1  324.9  
316.9  315.2  313.4  311.6  309.7  307.8  306  304.3  303.3  303.3  304.5  306.6  310.5  316.3  321.3  323.7  324.3  324.2  323.9  323.4  322.9  322.9  323  322.6  
317  315.4  313.8  312.2  310.5  308.9  307.4  305.9  305.1  305.4  306.7  308.9  312.7  318.4  323.2  325.7  326.4  326.4  326.2  326.1  326.1  326.2  326.2  325.9  
316.9  315.3  313.5  311.7  309.9  308.1  306.4  304.8  303.8  303.9  305.1  307.2  311.1  316.9  321.8  324.3  324.9  324.7  324.7  324.9  324.9  324.9  324.9  324.7  
316.9  315.3  313.6  311.8  310  308.2  306.5  305  304  304.2  305.4  307.5  311.4  317.2  322.1  324.5  325.2  325.1  325  325.1  324.9  325  325  324.8  
317  315.5  313.9  312.3  310.6  309.1  307.6  306.2  305.4  305.6  307  309.3  313  318.7  323.5  326  326.7  326.7  326.5  326.4  326.2  326.2  325.9  325.5  
316.9  315.3  313.7  311.9  310.2  308.4  306.8  305.3  304.3  304.6  305.8  308  311.8  317.6  322.5  324.9  325.6  325.5  325.4  325.6  325.6  325.6  325.6  325.3  
316.9  315.2  313.4  311.5  309.6  307.7  305.9  304.3  303.2  303.2  304.3  306.5  310.3  316.2  321.2  323.6  324.2  324.1  323.8  323.4  322.8  322.9  322.9  322.5  
317  315.4  313.8  312.2  310.5  308.8  307.3  305.9  305  305.3  306.6  308.8  312.6  318.3  323.1  325.6  326.3  326.3  326.1  326  325.9  326  326  325.8  
316.9  315.1  313.3  311.4  309.5  307.5  305.7  304  302.9  302.9  303.9  306  309.9  315.8  320.8  323.2  323.8  323.7  323.5  323.6  323.5  323.6  323.6  323.2  
316.9  315.1  313.3  311.4  309.5  307.6  305.7  304  302.9  302.9  304  306.1  310  315.9  320.9  323.3  323.9  323.8  323.7  323.7  323.5  323.5  323.6  323.1  
317  315.5  314  312.4  310.8  309.3  307.8  306.5  305.7  306  307.4  309.7  313.5  319.1  323.8  326.3  327.1  327.1  327  326.7  326.6  326.5  325.9  325.3  
316.9  315.4  313.8  312.1  310.4  308.7  307.1  305.6  304.7  305  306.3  308.5  312.3  318  322.8  325.3  326  325.9  325.7  325.6  325.3  325.5  325.5  325.4  
316.9  315.2  313.5  311.7  309.8  308  306.2  304.6  303.5  303.6  304.8  306.9  310.8  316.6  321.6  324  324.6  324.5  324.3  324.3  324  324.1  324.1  323.8  
317  315.5  314  312.4  310.9  309.3  307.9  306.6  305.8  306.2  307.6  309.9  313.6  319.3  324  326.5  327.3  327.3  327.1  326.9  326.6  326.6  326.1  325.6  
316.9  315.1  313.2  311.3  309.4  307.4  305.5  303.8  302.6  302.6  303.6  305.7  309.6  315.5  320.5  322.9  323.5  323.4  323.1  322.8  322.4  322.4  322.5  321.9  
317  315.4  313.7  312.1  310.3  308.7  307.1  305.6  304.7  305  306.2  308.5  312.3  318  322.8  325.3  326  325.9  325.7  325.8  325.9  326  326  325.9  
316.9  315.1  313.2  311.3  309.4  307.4  305.5  303.8  302.6  302.6  303.6  305.7  309.6  315.5  320.5  322.9  323.5  323.4  323.1  322.8  322.4  322.4  322.5  321.9  
317  315.5  313.9  312.3  310.6  309.1  307.6  306.2  305.4  305.6  307  309.3  313  318.7  323.5  326  326.7  326.7  326.5  326.4  326.2  326.2  325.9  325.5  
316.9  315.3  313.7  311.9  310.2  308.4  306.8  305.3  304.3  304.6  305.8  308  311.8  317.6  322.5  324.9  325.6  325.5  325.4  325.6  325.6  325.6  325.6  325.3  
