316.9  315.3  313.6  311.9  310.1  308.4  306.8  305.2  304.3  304.5  305.7  307.9  311.7  317.5  322.3  324.8  325.4  325.2  325  324.8  325  325.3  324.8  323.8  
317  315.6  314.1  312.5  310.9  309.5  308.1  306.8  306.1  306.4  307.8  310.1  313.9  319.5  324.2  326.8  327.5  327.5  327.3  327.1  326.8  326.3  326.3  326.2  
316.9  315.4  313.8  312.1  310.4  308.8  307.2  305.7  304.8  305  306.3  308.5  312.3  318  322.8  325.3  326  325.9  325.6  325.2  325.3  325.7  325.5  324.9  
316.9  315.3  313.7  312  310.3  308.6  306.9  305.4  304.5  304.6  305.9  308.1  311.9  317.6  322.5  324.9  325.6  325.5  325.2  324.9  325.2  325.5  325.1  324.4  
316.9  315.2  313.5  311.7  309.9  308  306.3  304.6  303.6  303.7  304.9  307  310.9  316.7  321.6  324  324.6  324.4  324.2  323.9  324.1  324.4  323.9  323.3  
317  315.5  313.9  312.4  310.7  309.2  307.7  306.3  305.5  305.8  307.2  309.4  313.2  318.8  323.6  326.1  326.8  326.8  326.8  326.6  326.6  326.8  326.7  326.4  
316.9  315.2  313.4  311.6  309.8  307.9  306.1  304.5  303.4  303.5  304.6  306.8  310.6  316.5  321.4  323.8  324.4  324.2  324  323.7  323.8  324.2  323.7  323.2  
317  315.5  314  312.4  310.8  309.3  307.9  306.6  305.8  306.2  307.5  309.8  313.6  319.2  323.9  326.5  327.2  327.2  327  326.7  326.3  325.7  325.5  325.5  
316.9  315.2  313.6  311.8  310  308.3  306.6  305  304  304.2  305.4  307.6  311.4  317.2  322.1  324.5  325.1  324.9  324.7  324.4  324.5  325  324.6  323.7  
317  315.6  314.1  312.6  311  309.6  308.2  307  306.3  306.7  308.1  310.4  314.1  319.7  324.4  327  327.8  327.8  327.5  327.4  327.1  326.6  326.4  326.2  
316.9  315.2  313.5  311.7  309.9  308.1  306.4  304.8  303.8  303.9  305.1  307.2  311.1  316.9  321.8  324.2  324.8  324.6  324.4  324  324.1  324.6  324.3  323.5  
317  315.5  313.9  312.3  310.7  309.1  307.7  306.3  305.4  305.7  307.1  309.3  313.1  318.7  323.5  326  326.7  326.7  326.6  326.4  326.4  326.6  326.5  326.3  
317  315.5  314  312.4  310.8  309.3  307.9  306.5  305.8  306.1  307.5  309.8  313.5  319.2  323.9  326.4  327.2  327.2  327  326.7  326.3  325.6  325.4  325.3  
316.9  315.3  313.6  311.9  310.1  308.4  306.7  305.1  304.2  304.3  305.6  307.8  311.6  317.4  322.2  324.7  325.3  325.1  324.9  324.7  325  325.3  324.7  323.7  
317  315.6  314.1  312.6  311.1  309.6  308.3  307  306.3  306.8  308.2  310.5  314.2  319.8  324.5  327.1  327.9  327.9  327.7  327.5  327.4  326.7  326.5  326.3  
317  315.4  313.8  312.2  310.5  308.9  307.4  306  305.1  305.3  306.6  308.9  312.7  318.4  323.2  325.6  326.3  326.2  326  325.6  325.6  326.1  326.1  325.7  
317  315.4  313.8  312.2  310.5  309  307.4  306  305.1  305.3  306.6  308.9  312.7  318.4  323.2  325.6  326.3  326.2  326  325.6  325.6  325.9  325.8  325.3  
316.9  315.4  313.8  312.1  310.4  308.7  307.1  305.6  304.7  304.9  306.2  308.4  312.2  317.9  322.8  325.2  325.9  325.8  325.5  325.2  325.3  325.7  325.4  324.8  
316.9  315.2  313.4  311.6  309.8  307.9  306.1  304.5  303.4  303.5  304.6  306.8  310.6  316.5  321.4  323.8  324.4  324.2  324  323.7  323.8  324.2  323.7  323.2  
316.9  315.3  313.7  312  310.3  308.6  306.9  305.4  304.5  304.6  305.9  308.1  311.9  317.6  322.5  324.9  325.6  325.5  325.2  324.9  325.2  325.5  325.1  324.4  
