317  315.5  313.9  312.2  310.6  308.9  307.4  305.9  305.1  305.4  306.7  309  312.8  318.5  323.3  325.7  326.4  326.4  326.3  326.4  326.3  326.1  326.2  325.6  
317  315.5  314  312.4  310.8  309.3  307.8  306.4  305.7  306.1  307.5  309.8  313.6  319.3  324  326.5  327.3  327.3  327.3  327  326.5  326.6  326.6  326.3  
317  315.4  313.8  312.2  310.5  308.8  307.2  305.8  304.9  305.2  306.5  308.7  312.5  318.2  323.1  325.5  326.2  326.1  326  326.2  326.1  325.9  326  325.5  
317  315.5  314  312.4  310.7  309.2  307.6  306.3  305.5  305.8  307.2  309.5  313.3  318.9  323.7  326.2  326.9  326.9  326.8  326.9  326.9  326.8  326.9  326.5  
317  315.4  313.8  312.1  310.4  308.7  307.1  305.6  304.7  304.9  306.2  308.5  312.3  318  322.9  325.3  326  325.9  325.8  326  326  325.6  325.7  325.1  
317  315.5  313.9  312.3  310.6  309  307.5  306.1  305.3  305.6  306.9  309.2  313  318.6  323.4  325.9  326.6  326.6  326.5  326.6  326.5  326.3  326.3  325.7  
317  315.5  314  312.4  310.8  309.3  307.8  306.4  305.6  305.9  307.3  309.7  313.5  319.1  323.9  326.4  327.1  327.1  327.1  326.8  326.5  326.5  326.8  326.9  
316.9  315.1  313.4  311.5  309.7  307.8  306  304.3  303.4  303.4  304.5  306.7  310.6  316.4  321.3  323.7  324.3  324.2  323.9  323.5  323.4  323  322.4  322  
316.9  315.3  313.6  311.8  310  308.2  306.5  305  304  304.1  305.3  307.5  311.4  317.2  322.1  324.5  325.1  325  324.9  325  324.9  324.5  324.4  324  
317  315.5  314  312.4  310.8  309.2  307.7  306.4  305.6  306  307.4  309.7  313.5  319.2  324  326.5  327.2  327.2  327.2  327.1  326.7  326.8  326.8  326.2  
316.9  315.2  313.4  311.6  309.7  307.9  306.2  304.6  303.5  303.6  304.7  306.9  310.8  316.6  321.5  323.9  324.5  324.4  324.1  323.8  323.7  323.3  323  322.7  
316.9  315.2  313.5  311.8  309.9  308.2  306.5  304.9  303.9  304  305.2  307.4  311.2  317  322  324.4  325  324.9  324.7  324.7  324.6  324.3  324.3  323.8  
316.9  315.3  313.6  311.9  310.1  308.4  306.7  305.2  304.3  304.3  305.6  307.8  311.7  317.5  322.3  324.8  325.4  325.3  325.2  325.3  325.3  324.8  324.8  324.6  
316.9  315.2  313.5  311.7  309.8  308  306.3  304.7  303.7  303.8  304.9  307.1  311  316.8  321.7  324.1  324.7  324.6  324.4  324.4  324.5  323.9  323.6  323.4  
317  315.5  314  312.5  310.9  309.4  307.9  306.6  305.9  306.3  307.8  310.1  313.9  319.5  324.3  326.8  327.5  327.5  327.4  327  326.5  326.6  326.6  326.4  
316.9  315.4  313.7  312  310.3  308.6  306.9  305.4  304.5  304.7  305.9  308.1  312  317.8  322.6  325.1  325.7  325.6  325.4  325.7  325.7  325.2  325.2  324.8  
317  315.5  314  312.5  310.9  309.4  307.9  306.6  305.9  306.3  307.7  310.1  313.9  319.5  324.3  326.8  327.5  327.5  327.4  327  326.5  326.6  326.6  326.3  
316.9  315.3  313.7  311.9  310.2  308.4  306.7  305.2  304.2  304.3  305.6  307.8  311.7  317.5  322.3  324.8  325.4  325.3  325.2  325.3  325.3  324.9  324.8  324.5  
316.9  315.2  313.5  311.6  309.8  308  306.2  304.6  303.5  303.6  304.8  306.9  310.8  316.7  321.6  324  324.6  324.5  324.3  324.3  324.4  323.9  323.6  323.3  
316.9  315.4  313.7  312  310.3  308.6  306.9  305.4  304.5  304.7  305.9  308.1  312  317.8  322.6  325.1  325.7  325.6  325.4  325.7  325.7  325.2  325.2  324.8  
