317.4  317.6  319.3  322.3  325.3  327.3  328.3  328.3  327.6  326.7  326  325.8  325.7  325  324.2  323.5  
317.3  317.6  319.3  322.3  325.2  327.2  328.1  328.1  327.5  326.7  325.8  325.2  325.1  324.3  323.5  322.9  
317.5  318  319.9  323.1  326.2  328.4  329.5  329.7  329.4  329.1  328.8  328.7  328.3  327.5  327  326.8  
317.4  317.8  319.6  322.7  325.8  327.8  328.9  329  329  328.8  328.4  328.2  328.1  327.8  327.3  327.1  
317.4  317.8  319.7  322.8  325.9  328  329.1  329.3  329.3  329.2  328.8  328.7  328.6  328.1  327.5  327.1  
317.3  317.4  319.1  322  324.9  326.8  327.7  327.7  327.4  327.1  326.7  326.6  326.6  325.8  324.8  323.9  
317.3  317.3  318.9  321.8  324.7  326.5  327.4  327.4  327.2  327  326.3  325.9  325.8  325.3  324.5  323.8  
317.3  317.5  319.2  322.1  325.1  327  327.9  327.9  327.8  327.7  327.1  326.9  326.9  326.4  325.6  324.7  
317.5  317.9  319.8  323  326.1  328.2  329.4  329.5  329.4  329.4  329  328.7  328.4  327.8  327.3  327.2  
317.3  317.3  318.8  321.7  324.5  326.3  327.1  327.1  327  326.8  326  325.4  325.3  325  324.5  323.9  
317.2  317.2  318.7  321.5  324.3  326.1  326.8  326.7  326.6  326.4  325.4  324.9  324.5  323.7  322.9  322.1  
317.2  317  318.3  321  323.6  325.2  325.8  325.5  325.6  325.7  325.2  324.2  323.4  322.3  320.8  319.4  
317.1  316.9  318.3  321  323.6  325.2  325.8  325.6  325.4  325.2  324.7  324.1  323.6  322.5  321  319.5  
317.2  317  318.4  321.1  323.8  325.5  326.1  326  325.9  325.7  325  324.9  325.1  324.1  322.9  321.6  
317.2  317.1  318.5  321.3  324.1  325.7  326.4  326.3  326.1  325.7  324.9  324.4  324.3  323.6  322.4  320.9  
317.4  317.7  319.5  322.5  325.5  327.5  328.6  328.6  328.2  327.6  326.7  326.2  326.3  325.8  324.7  323.3  
317.2  317  318.4  321.1  323.8  325.5  326.1  326  325.8  325.6  324.9  324.8  325  324.1  322.9  321.6  
317.2  317.2  318.7  321.5  324.3  326  326.7  326.6  326.4  326  325.4  325.7  325.7  324.8  323.6  322.3  
317.4  317.7  319.5  322.5  325.5  327.5  328.6  328.6  328.2  327.6  326.7  326.2  326.3  325.8  324.7  323.3  
317.2  317.1  318.5  321.3  324.1  325.7  326.4  326.3  326.1  325.7  324.9  324.4  324.3  323.6  322.3  320.8  
