317.4  317.7  319.4  322.5  325.4  327.4  328.4  328.5  328.3  328.2  328.4  328.3  327.2  326.6  326.3  325.2  
317.4  317.8  319.7  322.8  325.9  327.9  329  329.2  328.9  328.7  328.7  328.3  327.3  326.1  325.2  324.3  
317.5  317.9  319.8  322.9  326  328.1  329.3  329.4  329.2  329.1  329.3  329  328.1  327.2  326.4  325.1  
317.3  317.5  319.3  322.3  325.2  327.1  328.1  328.1  327.5  327.1  327.3  327.9  327.5  326.9  326.6  325.3  
317.5  317.9  319.9  323  326.1  328.3  329.4  329.6  329.1  328.8  328.7  328.3  327.5  327.2  326.6  325.7  
317.6  318.2  320.3  323.6  326.9  329.1  330.4  330.8  330.5  329.9  329.5  329  328.1  327.5  326.8  326  
317.6  318.3  320.4  323.7  327  329.3  330.5  330.9  330.6  330.1  329.7  329.2  328.3  327.8  327.1  326.2  
317.5  318  320  323.2  326.4  328.6  329.8  330  329.6  329.1  329.1  328.7  327.9  327.3  326.7  325.6  
317.5  318.1  320.2  323.4  326.6  328.9  330.1  330.4  330  329.5  329.3  328.9  328  327.4  326.8  325.7  
317.3  317.5  319.1  322.1  325  326.9  327.8  327.8  327.3  326.6  326.5  326.9  326.4  325.8  325.1  323.9  
317.4  317.7  319.5  322.6  325.6  327.7  328.7  328.8  328.4  328.1  328.2  328.3  327.5  327.1  326.8  325.6  
317.3  317.5  319.1  322.1  325  326.8  327.7  327.7  327.1  326.5  326.6  327.2  326.8  326.2  325.7  324.5  
317.5  318  320  323.2  326.4  328.6  329.8  330  329.6  329.1  329.3  329.2  328.5  328.1  327.5  326.7  
317.6  318.1  320.2  323.4  326.7  328.9  330.1  330.4  330  329.6  329.7  329.6  328.8  328.3  327.7  326.7  
317.4  317.7  319.5  322.6  325.6  327.7  328.7  328.8  328.5  328.1  328.2  328.5  327.9  327.5  327.4  326.3  
317.4  317.6  319.4  322.4  325.4  327.4  328.4  328.4  327.9  327.5  327.8  328.4  328  327.5  327.4  326.2  
317.3  317.4  319  321.9  324.8  326.6  327.4  327.4  326.7  326  326.1  326.7  326.3  325.6  325.1  323.9  
317.4  317.8  319.7  322.8  325.8  327.9  329  329.1  328.8  328.6  328.7  328.6  327.7  327.1  326.5  325.3  
317.3  317.5  319.3  322.3  325.2  327.1  328.1  328.1  327.5  327.1  327.3  327.9  327.5  326.9  326.6  325.3  
317.5  318  319.9  323.1  326.2  328.3  329.5  329.7  329.3  328.9  328.8  328.5  327.7  327.4  326.9  326.1  
