317  315.5  314  312.4  310.7  309.2  307.7  306.2  305.4  305.7  307.1  309.4  313.2  318.8  323.6  326.1  326.8  326.8  326.7  326.7  326.5  326.1  325.7  325.6  
317  315.5  314  312.4  310.8  309.3  307.8  306.4  305.6  305.9  307.3  309.6  313.4  319  323.8  326.2  327  327  326.9  326.8  326.5  326.1  325.9  325.8  
316.9  315.3  313.6  311.9  310.1  308.3  306.7  305.1  304.1  304.3  305.5  307.7  311.6  317.3  322.2  324.7  325.3  325.3  325  324.4  324.2  323.7  322.7  321.9  
317  315.6  314.2  312.7  311.3  309.8  308.5  307.2  306.5  306.9  308.4  310.8  314.5  320.1  324.8  327.3  328.1  328.1  328  327.6  327.1  326.8  326.4  325.6  
316.9  315.4  313.7  312  310.4  308.7  307  305.5  304.6  304.9  306.1  308.4  312.2  317.9  322.8  325.2  325.9  325.9  325.9  325.6  325.6  325.4  324.5  324.1  
317  315.6  314.2  312.7  311.2  309.7  308.3  307  306.3  306.7  308.2  310.5  314.2  319.8  324.5  327  327.8  327.8  327.7  327.3  326.9  326.6  326.1  326  
317  315.6  314.2  312.7  311.2  309.8  308.5  307.2  306.5  306.9  308.3  310.7  314.4  320  324.7  327.2  328  328  327.9  327.5  327  326.7  326.3  325.5  
317  315.4  313.9  312.2  310.6  309  307.4  306  305.2  305.4  306.8  309.1  312.9  318.5  323.3  325.8  326.5  326.5  326.3  325.9  325.5  324.9  324.4  324.3  
316.9  315.2  313.6  311.8  310.1  308.3  306.6  305  304  304.2  305.4  307.6  311.4  317.2  322.1  324.6  325.2  325.2  325  324.5  324.5  324.3  323.3  322.3  
317  315.6  314.2  312.7  311.1  309.7  308.3  307  306.2  306.6  308.1  310.4  314.1  319.7  324.4  326.9  327.7  327.7  327.7  327.5  327.2  326.8  326.2  325.8  
316.9  315.2  313.5  311.8  310  308.2  306.5  304.9  303.9  304.1  305.3  307.5  311.3  317.1  322  324.5  325.1  325  324.8  324.3  324.2  323.9  322.9  322.1  
316.9  315.4  313.8  312.1  310.5  308.8  307.2  305.7  304.9  305.2  306.5  308.8  312.6  318.2  323.1  325.5  326.2  326.2  326.1  325.7  325.5  325.1  324.4  324.2  
316.9  315.4  313.7  312.1  310.4  308.7  307  305.5  304.6  304.9  306.2  308.4  312.2  317.9  322.8  325.2  325.9  325.9  325.8  325.4  325.3  325  324.1  323.7  
317  315.6  314.1  312.5  311  309.5  308  306.6  305.9  306.2  307.6  310  313.7  319.3  324.1  326.6  327.3  327.3  327  327  326.9  326.8  326.8  326.8  
317  315.6  314.1  312.5  311  309.5  308  306.6  305.9  306.2  307.6  310  313.7  319.3  324.1  326.6  327.3  327.3  327.2  327.2  327.1  327.1  327  327  
316.9  315.3  313.6  311.9  310.2  308.5  306.8  305.2  304.3  304.5  305.7  308  311.8  317.5  322.4  324.9  325.5  325.5  325.3  324.7  324.5  324.1  323.1  322.3  
317  315.6  314.2  312.8  311.3  309.9  308.6  307.3  306.7  307.1  308.6  310.9  314.7  320.2  324.9  327.5  328.3  328.3  328.2  327.9  327.3  327  326.6  325.8  
316.9  315.2  313.5  311.8  310  308.2  306.5  304.9  303.9  304  305.2  307.4  311.2  317  321.9  324.4  325  324.9  324.8  324.4  324.4  324.3  323.4  322.6  
316.9  315.3  313.6  311.9  310.2  308.5  306.8  305.2  304.3  304.5  305.7  308  311.8  317.5  322.4  324.9  325.5  325.5  325.3  324.7  324.5  324.1  323.1  322.3  
316.9  315.4  313.8  312.1  310.5  308.8  307.2  305.7  304.9  305.2  306.5  308.8  312.6  318.2  323.1  325.5  326.2  326.2  326.1  325.7  325.5  325.1  324.4  324.2  
