317.6  316.4  315.9  316.2  316.6  317.2  318.5  320.2  321.6  322.7  323.6  324.3  324.7  324.7  324.7  324.5  324.3  324.1  
317.6  316.4  316  316.2  316.6  317.2  318.5  320.3  321.7  322.8  323.7  324.4  324.8  324.8  324.8  324.7  324.5  324.1  
317.6  316.3  315.8  316  316.4  316.9  318.2  319.9  321.2  322.3  323.2  323.9  324.2  324.2  324.1  323.9  323.8  323.7  
317.6  316.3  315.8  316  316.3  316.9  318.1  319.8  321.2  322.3  323.1  323.8  324.2  324.2  324.1  323.9  323.8  323.6  
317.7  316.6  316.3  316.6  317.2  317.9  319.3  321.1  322.6  323.8  324.8  325.6  326.1  326.2  326.1  325.9  325.7  325.9  
317.6  316.3  315.7  315.9  316.2  316.7  317.9  319.6  321  322  322.9  323.6  323.9  323.9  323.7  323.5  323.5  323.2  
317.7  316.6  316.3  316.7  317.3  318  319.4  321.2  322.8  324  325  325.8  326.4  326.5  326.4  326.2  326.2  326.4  
317.7  316.5  316.2  316.5  317.1  317.8  319.1  320.9  322.4  323.5  324.5  325.3  325.8  325.9  325.8  325.5  325.3  325.6  
317.7  316.7  316.4  316.9  317.5  318.2  319.7  321.5  323  324.3  325.3  326.2  326.7  326.9  326.8  326.6  326.6  326.8  
317.6  316.5  316.1  316.4  316.9  317.6  318.9  320.7  322.1  323.2  324.2  324.9  325.4  325.5  325.5  325.2  324.9  325  
317.7  316.7  316.4  316.9  317.5  318.3  319.7  321.5  323  324.3  325.3  326.2  326.7  326.9  326.8  326.7  326.8  326.9  
317.6  316.5  316.1  316.4  316.9  317.6  318.9  320.7  322.1  323.3  324.2  325  325.5  325.5  325.3  325.1  324.9  324.7  
317.6  316.2  315.6  315.8  316.1  316.6  317.8  319.5  320.8  321.9  322.7  323.4  323.7  323.7  323.6  323.4  323.5  323.7  
317.6  316.5  316.2  316.5  317  317.7  319.1  320.9  322.3  323.5  324.5  325.2  325.7  325.8  325.8  325.6  325.4  325.4  
317.7  316.6  316.3  316.7  317.3  318.1  319.5  321.2  322.8  324  325  325.8  326.4  326.5  326.4  326.3  326.1  326.3  
317.6  316.4  316  316.3  316.7  317.4  318.7  320.4  321.8  322.9  323.8  324.6  325  325.1  325.1  324.9  324.9  324.6  
317.7  316.7  316.5  317  317.6  318.4  319.8  321.7  323.2  324.5  325.5  326.4  327  327.2  327.2  327  327.1  327.2  
317.5  316.2  315.6  315.7  316  316.5  317.7  319.4  320.7  321.8  322.6  323.3  323.6  323.6  323.5  323.3  323.3  323.6  
317.6  316.4  315.9  316.1  316.5  317.1  318.3  320.1  321.4  322.5  323.4  324.1  324.5  324.5  324.5  324.4  324.3  324  
317.6  316.4  316  316.3  316.7  317.4  318.7  320.4  321.8  323  323.9  324.6  325.1  325.1  325.1  325  325  324.7  
