316.9  315.3  313.6  311.9  310.2  308.4  306.8  305.3  304.3  304.6  305.9  308.1  311.9  317.7  322.5  325  325.6  325.5  325.2  325.1  324.8  324.1  323.3  322.9  
317  315.6  314.1  312.6  311.1  309.6  308.2  306.9  306.3  306.7  308.1  310.4  314.2  319.7  324.5  327  327.8  327.8  327.7  327.5  327.5  327.4  326.9  326.3  
317  315.5  314  312.5  310.9  309.4  308  306.7  306  306.3  307.7  310  313.7  319.3  324.1  326.5  327.3  327.3  327.2  327  326.9  327  326.7  326.2  
317  315.4  313.9  312.3  310.6  309.1  307.6  306.2  305.4  305.7  307  309.3  313.1  318.7  323.5  325.9  326.7  326.7  326.6  326.3  326  325.9  326.2  326.3  
317  315.5  314  312.4  310.8  309.3  307.8  306.5  305.7  306  307.4  309.7  313.4  319  323.8  326.2  327  327  326.9  326.7  326.6  326.8  326.5  325.9  
316.9  315.3  313.6  311.9  310.1  308.3  306.7  305.1  304.2  304.3  305.6  307.9  311.7  317.5  322.3  324.8  325.4  325.3  325.1  325.1  324.9  324.3  323.4  322.8  
316.9  315.2  313.6  311.8  310  308.2  306.5  304.9  304  304.1  305.3  307.5  311.4  317.2  322.1  324.5  325.1  325  324.7  324.6  324.5  323.9  323  322.2  
316.9  315.2  313.5  311.7  309.9  308.1  306.3  304.7  303.7  303.9  305.1  307.2  311.1  316.9  321.8  324.2  324.8  324.7  324.3  324.4  324.6  324.5  324  323  
316.9  315.2  313.5  311.7  309.8  308  306.2  304.6  303.6  303.7  304.9  307  310.9  316.7  321.6  324  324.6  324.5  324.1  324.2  324.5  324.2  323.4  322.3  
317  315.6  314.1  312.7  311.2  309.8  308.4  307.1  306.5  306.9  308.4  310.7  314.4  320  324.7  327.3  328.1  328.1  328  327.9  328  327.7  327.2  326.6  
316.9  315.1  313.4  311.6  309.7  307.8  306.1  304.3  303.4  303.4  304.6  306.7  310.5  316.4  321.3  323.7  324.3  324.2  323.8  323.6  323.8  323.8  323.2  322.1  
316.9  315.3  313.7  312  310.3  308.6  307  305.5  304.6  304.9  306.2  308.4  312.2  318  322.8  325.2  325.9  325.9  325.6  325.6  325.6  325.2  324.7  324.4  
317  315.5  314  312.5  311  309.5  308.1  306.7  306  306.4  307.8  310.1  313.9  319.5  324.2  326.7  327.5  327.5  327.4  327.2  327.2  327.1  326.7  326.3  
316.9  315.1  313.4  311.6  309.6  307.7  305.9  304.2  303.1  303.2  304.3  306.3  310.2  316.1  321.1  323.4  324  323.9  323.5  323.1  323.2  323.5  322.9  321.8  
317  315.6  314.2  312.7  311.3  310  308.7  307.5  306.9  307.3  308.8  311.1  314.8  320.3  325  327.6  328.4  328.4  328.4  328.3  328.3  327.9  327.4  326.9  
316.9  315.4  313.8  312.1  310.5  308.8  307.3  305.8  305  305.3  306.6  308.8  312.7  318.3  323.1  325.6  326.3  326.3  326  325.9  325.6  325.4  325.3  325.2  
316.9  315.1  313.4  311.6  309.6  307.7  305.9  304.2  303.1  303.2  304.3  306.3  310.2  316.1  321.1  323.4  324  323.9  323.5  323.1  323.2  323.5  322.9  321.8  
316.9  315.2  313.4  311.6  309.7  307.8  306.1  304.3  303.4  303.5  304.6  306.7  310.6  316.4  321.3  323.7  324.3  324.2  324.1  324  323.9  323.9  323.1  322.1  
316.9  315.4  313.8  312.1  310.5  308.8  307.3  305.8  305  305.3  306.6  308.8  312.7  318.3  323.1  325.6  326.3  326.3  326  325.9  325.6  325.4  325.8  326  
317  315.5  314  312.5  311  309.5  308.1  306.7  306  306.4  307.8  310.1  313.9  319.5  324.2  326.7  327.5  327.5  327.4  327.2  327.2  327.1  326.7  326.3  
