317  315.5  314  312.4  310.8  309.3  307.8  306.5  305.7  306  307.4  309.7  313.5  319.1  323.9  326.4  327.2  327.2  327.1  326.6  326.1  325.5  325  325.1  
316.9  315.3  313.7  312  310.3  308.6  307  305.5  304.6  304.8  306.1  308.3  312.2  317.9  322.8  325.2  325.9  325.9  325.7  325.7  325.7  325.3  324.5  324.1  
317  315.4  313.8  312.2  310.6  309  307.4  306  305.1  305.4  306.7  309  312.8  318.5  323.3  325.8  326.5  326.5  326.4  326  325.8  325.8  325.4  324.7  
317  315.5  313.9  312.4  310.8  309.3  307.8  306.4  305.6  305.9  307.3  309.6  313.4  319  323.8  326.3  327.1  327.1  326.9  326.5  326.3  326.1  325.6  325.4  
317  315.4  313.8  312.3  310.7  309.1  307.6  306.1  305.3  305.6  306.9  309.2  313  318.7  323.5  326  326.7  326.7  326.6  326.2  325.7  325.6  325.4  325.1  
316.9  315.4  313.8  312.1  310.5  308.9  307.3  305.9  305  305.3  306.6  308.9  312.7  318.4  323.2  325.7  326.4  326.4  326.2  325.8  325.8  326  325.4  324.5  
316.9  315.3  313.7  312  310.3  308.6  306.9  305.4  304.5  304.7  306  308.2  312.1  317.8  322.6  325.1  325.8  325.8  325.5  325.3  325.2  325  324.5  324.2  
316.9  315.3  313.7  312.1  310.4  308.7  307.1  305.6  304.7  304.9  306.2  308.4  312.3  318  322.9  325.3  326  326  325.8  325.7  325.6  325.5  324.9  324.6  
317  315.5  314  312.5  310.9  309.4  308  306.6  305.9  306.2  307.6  309.9  313.7  319.4  324.1  326.6  327.4  327.4  327.3  326.9  326.5  326.1  325.7  325.6  
316.9  315.4  313.7  312.1  310.4  308.8  307.2  305.7  304.8  305.1  306.4  308.7  312.5  318.2  323  325.5  326.2  326.2  326  325.6  325.5  325.4  324.8  324.3  
316.9  315.3  313.6  311.9  310.2  308.4  306.7  305.2  304.3  304.4  305.7  307.9  311.8  317.5  322.4  324.8  325.5  325.5  325.2  325  324.8  324.9  324.6  324.1  
317  315.4  313.9  312.3  310.8  309.2  307.7  306.3  305.5  305.8  307.2  309.5  313.2  318.9  323.6  326.1  326.9  326.9  326.9  326.5  325.9  325.8  325.7  325.3  
317  315.4  313.8  312.3  310.7  309.1  307.6  306.1  305.3  305.6  306.9  309.2  313  318.7  323.5  326  326.7  326.7  326.6  326.2  325.9  326  325.9  325.7  
317  315.6  314.1  312.6  311.1  309.7  308.3  306.9  306.2  306.6  308.1  310.4  314.2  319.8  324.5  327  327.8  327.8  327.8  327.5  326.9  326.4  326.3  326.4  
317  315.6  314.1  312.6  311.1  309.7  308.3  307  306.3  306.7  308.1  310.5  314.3  319.9  324.6  327.1  327.9  327.9  327.9  327.5  327.1  326.8  326.6  326.6  
317  315.5  314  312.5  311  309.5  308.1  306.7  306  306.4  307.8  310.1  313.9  319.5  324.3  326.8  327.5  327.5  327.5  327.1  326.4  325.7  325  324.8  
317  315.6  314.2  312.8  311.4  310.1  308.8  307.6  307  307.5  309  311.4  315.2  320.7  325.3  327.9  328.8  328.8  328.9  328.9  328.5  328.3  328.6  328.4  
317  315.6  314.2  312.7  311.4  310.1  308.8  307.5  306.9  307.4  308.9  311.3  315.1  320.5  325.2  327.8  328.6  328.6  328.8  328.7  328.3  328.1  328.3  328.1  
316.9  315.3  313.6  311.9  310.2  308.4  306.7  305.2  304.3  304.4  305.7  307.9  311.8  317.5  322.4  324.8  325.5  325.5  325.2  325.3  325.3  325.3  325  324.6  
317  315.6  314.2  312.7  311.2  309.9  308.5  307.3  306.6  307.1  308.6  311  314.7  320.3  324.9  327.5  328.3  328.3  328.3  328  327.8  327.8  327.9  327.7  
