317.5  318.1  320.1  323.3  326.4  328.6  329.8  330.1  329.9  329.6  328.9  328  327.4  327.2  326.7  326.2  
317.4  317.8  319.6  322.7  325.7  327.7  328.8  328.9  328.8  328.6  328  327.8  328.3  328.6  328.4  327.8  
317.2  317.1  318.5  321.3  324  325.6  326.3  326.2  325.9  325.4  324.8  325  324.8  324  323.2  322.5  
317.2  317.1  318.5  321.3  324.1  325.7  326.4  326.3  326  325.4  324.9  325.2  325  324.1  323.3  322.6  
317.5  317.9  319.7  322.8  325.8  327.9  329  329.1  328.9  328.7  328.1  328  328.5  328.7  328.4  327.9  
317.1  316.9  318.2  320.9  323.5  325.1  325.6  325.5  325.4  325  324.3  324.4  324.4  323.5  322.4  321.6  
317.5  317.9  319.8  323  326.1  328.3  329.4  329.6  329.5  329.2  328.4  328.2  328.5  328.4  328.1  328  
317.5  317.9  319.8  323  326.1  328.2  329.3  329.5  329.4  329.1  328.4  328.2  328.5  328.5  328.1  327.8  
317.3  317.3  318.9  321.8  324.7  326.5  327.3  327.3  326.8  326.4  325.9  325.7  325.6  325.1  324.3  323.4  
317.3  317.5  319.2  322.1  325  326.9  327.8  327.8  327.5  327.1  326.3  326  326.1  325.9  325.5  325.2  
317.2  317  318.3  321  323.7  325.3  325.9  325.7  325.4  324.9  324.6  325  324.9  323.7  321.9  320.6  
317.4  317.6  319.4  322.4  325.3  327.3  328.3  328.3  328.1  327.9  327.5  327.5  327.7  328  328  327.5  
317.4  317.6  319.4  322.4  325.4  327.4  328.4  328.4  328.2  328  327.6  327.5  327.8  328.1  328  327.5  
317.6  318.2  320.2  323.4  326.6  328.9  330.1  330.4  330.1  329.7  329.1  328.7  328.2  327.6  327.2  326.8  
317.1  316.8  318.1  320.8  323.4  325  325.5  325.3  325.5  325.4  324.8  324.8  325  324.3  323.9  324  
317.2  317.2  318.7  321.6  324.3  326.1  326.8  326.7  326.2  325.4  324.6  324.7  324.5  323.2  321.8  320.3  
317.6  318.2  320.3  323.5  326.8  329.1  330.3  330.6  330.3  329.9  329.3  328.6  327.8  327.1  326.7  326.2  
317.3  317.3  318.9  321.8  324.7  326.5  327.3  327.3  326.9  326.2  325.4  325.3  325.4  324.9  324.1  323.2  
317.3  317.5  319.2  322.1  325  326.9  327.8  327.8  327.5  326.9  325.9  325.6  325.9  325.7  325.4  325.1  
317.2  317.2  318.7  321.6  324.3  326.1  326.8  326.7  326.2  325.4  324.6  324.7  324.5  323.2  321.8  320.3  
