317.4  317.6  319.4  322.4  325.4  327.4  328.4  328.4  327.8  327.4  327.5  327.3  327.4  327.8  327.5  326.8  
317.3  317.5  319.1  322  325  326.8  327.7  327.7  327.5  327.1  326.8  326.9  326.5  326.1  325.7  325.6  
317.3  317.4  319.1  322  324.9  326.7  327.5  327.5  326.9  326.4  326.5  326.7  326.7  327  326.6  326.1  
317.4  317.6  319.3  322.3  325.3  327.2  328.2  328.2  327.8  327.7  327.9  327.9  327.5  327.4  327.7  327.5  
317.3  317.5  319.2  322.2  325.2  327.1  328  328  327.7  327.6  327.8  327.7  327.1  326.3  325.9  325.6  
317.4  317.8  319.6  322.7  325.7  327.7  328.8  328.9  328.4  328.1  328.5  328.3  327.2  326.6  326.1  325.4  
317.4  317.7  319.5  322.5  325.5  327.5  328.6  328.6  328.1  327.9  328.2  328.1  327.4  326.9  326.8  326.3  
317.5  318  320  323.1  326.3  328.4  329.6  329.9  329.8  329.5  329.4  329.8  329.8  329.8  329.7  329.2  
317.5  318  319.9  323.1  326.3  328.4  329.6  329.8  329.4  329  329.3  329.1  328.3  327.8  327.4  327  
317.5  317.9  319.8  322.9  326  328.1  329.2  329.3  328.8  328.5  328.9  328.7  327.7  327.2  326.7  326.4  
317.5  317.9  319.8  322.9  326  328.1  329.2  329.4  328.9  328.6  328.9  328.7  327.7  327.1  326.6  325.9  
317.3  317.3  318.8  321.7  324.5  326.3  327.1  327.1  326.6  326.1  326.1  326.3  325.5  324.5  324.2  324.2  
317.1  316.8  318.1  320.7  323.3  324.9  325.4  325.2  324.9  324.6  324.6  324.6  324.4  323.8  322  321  
317.1  316.9  318.3  321  323.7  325.3  325.9  325.7  325.5  324.9  324.6  324.6  324.1  323.1  321.7  321  
317.1  317  318.4  321.1  323.8  325.4  326  325.9  325.1  324.1  323.8  324  323.8  322.9  321.5  320.9  
317.2  317.1  318.6  321.4  324.2  325.9  326.6  326.5  325.9  325  324.8  324.9  324.1  323.1  322.3  322  
317.6  318.3  320.4  323.7  327.1  329.4  330.6  331  330.7  330.1  329.7  329.1  328.3  328  327.8  327.2  
317.6  318.3  320.4  323.7  327  329.3  330.6  330.9  330.6  330.1  329.7  329.2  328.4  328.2  328  327.5  
317.6  318.1  320.2  323.4  326.6  328.9  330.1  330.4  330  329.7  329.7  329.1  328.1  327.8  327.7  327.1  
317.6  318.1  320.2  323.4  326.7  328.9  330.1  330.4  330.1  329.8  329.8  329.5  328.7  328.3  328  327.4  
