316.9  315.2  313.5  311.7  309.9  308.1  306.3  304.7  303.7  303.8  305  307.1  311  316.8  321.7  324.2  324.8  324.8  324.6  324.5  324.5  324.1  323.8  323.5  
316.9  315.2  313.5  311.8  310  308.2  306.5  305  304  304.1  305.3  307.5  311.3  317.1  322  324.5  325.1  325.1  325  324.8  324.9  324.7  324.5  324.2  
316.9  315.3  313.7  312  310.3  308.5  306.9  305.3  304.3  304.6  305.8  308  311.9  317.6  322.5  324.9  325.6  325.6  325.4  324.8  324.8  324.7  324.5  324.1  
316.9  315.3  313.7  312  310.4  308.7  307  305.5  304.6  304.8  306.1  308.3  312.2  317.9  322.8  325.2  325.9  325.9  325.8  325.3  325.3  325.4  324.7  324  
317  315.5  313.9  312.4  310.8  309.3  307.8  306.4  305.7  306  307.4  309.7  313.4  319.1  323.8  326.3  327.1  327.1  327.1  326.8  326.6  326.4  325.8  325.5  
316.9  315.2  313.5  311.8  310  308.2  306.5  304.9  303.9  304  305.2  307.4  311.2  317  321.9  324.4  325  325  324.9  324.7  324.9  324.7  324.4  324.1  
316.9  315.2  313.4  311.6  309.8  308  306.2  304.6  303.6  303.6  304.8  306.9  310.8  316.6  321.6  324  324.6  324.6  324.3  324.2  324.5  324.1  323.9  323.8  
316.9  315.3  313.6  311.9  310.1  308.4  306.7  305.1  304.2  304.3  305.5  307.7  311.6  317.3  322.2  324.7  325.3  325.3  325.3  325  325  324.9  324.7  324.4  
317  315.5  314  312.5  310.9  309.4  308  306.6  305.9  306.3  307.7  310  313.7  319.3  324.1  326.6  327.4  327.4  327.4  327.2  326.6  325.9  325.2  325.1  
317  315.4  313.9  312.3  310.7  309.1  307.5  306.1  305.3  305.6  307  309.2  313  318.7  323.5  326  326.7  326.7  326.7  326.3  326.3  326.2  325.9  325.6  
317  315.5  314  312.5  310.9  309.4  308  306.7  306  306.4  307.8  310.1  313.8  319.4  324.2  326.7  327.5  327.5  327.5  327.2  327  327  326.6  326.4  
317  315.4  313.8  312.2  310.5  308.9  307.3  305.8  305  305.2  306.5  308.8  312.6  318.3  323.1  325.6  326.3  326.3  326.3  325.9  325.9  325.9  325.7  325.4  
317  315.6  314.2  312.7  311.2  309.8  308.4  307.2  306.6  307  308.4  310.8  314.5  320  324.7  327.3  328.1  328.1  328.1  328  327.7  327.6  327.2  327  
317.1  315.7  314.3  312.8  311.3  310  308.6  307.4  306.9  307.4  308.8  311.1  314.8  320.3  325  327.5  328.4  328.4  328.4  328.4  328  328  327.8  327.5  
317  315.4  313.9  312.3  310.6  309  307.5  306.1  305.3  305.6  306.9  309.2  313  318.7  323.5  326  326.7  326.7  326.7  326.3  326.3  326.2  325.8  325.5  
317  315.4  313.8  312.2  310.5  308.8  307.2  305.8  305  305.2  306.5  308.8  312.6  318.3  323.1  325.6  326.3  326.3  326.3  325.9  325.9  325.9  325.7  325.4  
317.1  315.8  314.5  313.3  312.2  311.2  310.1  309.1  308.9  309.6  311.6  314.3  318  323.4  328.2  330.7  331.6  332.1  332.2  331.9  331.8  331.7  331.8  332  
317.1  315.8  314.5  313.2  312.1  311.1  310  309  308.6  309.3  311.2  313.8  317.6  323  327.8  330.4  331.3  331.6  331.7  331.4  331.3  331.2  331  331  
317.1  315.7  314.4  313.1  312  311  309.8  308.7  308.2  308.7  310.5  313.2  317  322.4  327.1  329.7  330.6  330.7  330.6  330.3  330.1  330  329.8  329.8  
317.1  315.7  314.3  312.9  311.7  310.6  309.4  308.3  307.8  308.4  309.9  312.3  316.3  321.9  326.7  329.3  330.2  330.3  330.2  329.9  329.9  329.8  329.6  329.8  
