317.5  318  320  323.2  326.4  328.6  329.9  330.1  329.8  329.2  328.6  328  327.4  326.9  326.5  325.9  
317.5  317.9  319.9  323  326.2  328.3  329.5  329.7  329.4  328.8  328.1  327.3  326.3  325.5  324.7  323.4  
317.5  317.9  319.8  322.9  326.1  328.2  329.3  329.5  329.1  328.5  328.3  328.5  327.9  326.9  325.9  324.7  
317.5  317.9  319.8  323  326.1  328.2  329.4  329.6  329.2  328.6  328  327.2  326.2  325.4  324.6  323.6  
317.5  318  320  323.2  326.4  328.6  329.8  330  329.7  329.1  328.6  327.9  327.6  327.4  327.1  326.6  
317.5  318  319.9  323.1  326.2  328.4  329.6  329.8  329.5  328.9  328.3  327.5  326.7  326  325.3  324.6  
317.4  317.9  319.8  322.9  326  328.1  329.2  329.4  329  328.4  327.9  327.1  325.9  325  324  323.3  
317.5  318  320  323.2  326.3  328.5  329.7  329.9  329.5  328.9  328.4  327.9  327.8  327.6  327.3  326.7  
317.6  318.3  320.4  323.7  327  329.3  330.6  330.9  330.6  330.1  329.7  329.4  328.9  328.8  328.9  328.6  
317.6  318.3  320.4  323.7  327.1  329.4  330.6  331  330.7  330.1  329.6  328.9  328.5  328.2  327.8  327  
317.4  317.7  319.4  322.5  325.5  327.5  328.5  328.6  328.2  327.5  326.9  326.1  325.6  325.3  324.1  323  
317.4  317.7  319.5  322.5  325.5  327.5  328.6  328.7  328.4  327.7  327  326.1  325.3  324.7  323.5  322.7  
317.6  318.4  320.6  323.9  327.3  329.7  331  331.4  331.1  330.6  330.2  329.7  329.1  328.9  328.7  328  
317.6  318.2  320.2  323.5  326.7  329  330.2  330.5  330.1  329.4  329.1  328.7  328.5  328.8  328.9  328.4  
317.6  318.2  320.2  323.5  326.7  329  330.2  330.5  330.2  329.9  329.7  329.3  329  328.9  328.8  328.5  
317.6  318.4  320.6  323.9  327.3  329.6  330.9  331.3  331.1  330.6  330.1  329.8  329.2  329  329.2  328.8  
317.4  317.7  319.6  322.6  325.7  327.7  328.8  328.9  328.6  327.9  327.3  326.4  325.5  324.8  323.7  322.9  
317.4  317.8  319.6  322.7  325.7  327.8  328.9  329  328.6  327.9  327.3  326.4  325.6  325.1  324  323.3  
317.5  318.1  320.1  323.3  326.5  328.7  330  330.2  329.9  329.3  328.8  328.3  328  327.8  327.8  327.4  
317.4  317.6  319.4  322.4  325.4  327.4  328.5  328.5  328.4  327.9  327.2  326.3  325.9  325.7  324.5  323.5  
