317.5  317.9  319.8  323  326.1  328.2  329.3  329.5  329  328.3  327.8  327.3  326.4  325.8  325.6  325.4  
317.5  318.1  320.1  323.3  326.5  328.7  330  330.2  329.8  329.2  328.6  327.8  327.3  327.1  326.7  326.3  
317.5  318  319.9  323.1  326.3  328.4  329.6  329.8  329.4  328.7  328.1  327.3  326.5  326.4  326.1  325.9  
317.3  317.6  319.3  322.3  325.3  327.2  328.2  328.2  327.5  326.9  326.4  325.7  324.9  324.4  323.8  323.3  
317.5  318  320  323.2  326.3  328.5  329.7  329.9  329.5  328.8  328.2  327.5  326.9  326.8  326.6  326.3  
317.4  317.8  319.6  322.7  325.7  327.8  328.9  329  328.4  327.7  327.3  326.7  325.8  325.5  325.1  324.8  
317.4  317.7  319.5  322.6  325.6  327.5  328.6  328.7  328.1  327.4  327  326.3  325.5  325.1  324.8  324.3  
317.4  317.6  319.4  322.4  325.4  327.3  328.4  328.4  327.8  327.1  326.6  325.9  325.1  324.7  324.2  323.6  
317.5  318  320  323.2  326.4  328.6  329.8  330  329.6  328.9  328.3  327.5  327  327  326.9  326.6  
317.4  317.8  319.7  322.9  325.9  328  329.2  329.3  328.8  328.1  327.6  327  326.1  325.5  325.2  325.1  
317.3  317.5  319.1  322.1  325  326.9  327.8  327.8  327.1  326.4  325.9  325.2  324.1  323.3  322.7  321.6  
317.3  317.5  319.2  322.2  325.2  327.1  328.1  328.1  327.5  326.7  326.3  325.6  324.4  323.7  323.2  322.2  
317.6  318.2  320.3  323.6  326.9  329.2  330.4  330.8  330.4  329.8  329.2  328.5  328.3  328.4  328.1  327.8  
317.4  317.8  319.6  322.7  325.8  327.8  328.9  329  328.5  327.8  327.3  326.8  325.8  325.1  324.7  324.6  
317.6  318.3  320.4  323.7  327  329.2  330.5  330.9  330.5  330  329.3  328.6  328.4  328.4  328.4  328.4  
317.5  318.1  320.2  323.4  326.7  328.9  330.1  330.5  330.1  329.5  329  328.9  329  329.1  329.2  328.7  
317.3  317.5  319.1  322.1  325  326.9  327.8  327.8  327.1  326.8  326.8  326.1  325.2  324.7  324  322.8  
317.5  318.1  320.2  323.4  326.7  328.9  330.1  330.5  330.1  329.5  329  329  329.2  329.3  329.4  329  
317.4  317.7  319.5  322.5  325.5  327.5  328.5  328.6  328  327.3  326.9  326.2  325.1  324.6  324.1  323.8  
317.5  318.1  320.1  323.3  326.5  328.7  330  330.2  329.8  329.3  328.9  328.6  328.4  328.5  328.6  328.6  
