317.3  317.6  319.3  322.3  325.2  327.2  328.1  328.1  327.8  328.1  328  327.9  327.4  326.1  325  324.1  
317.4  317.8  319.7  322.8  325.8  327.9  329  329.1  328.9  328.9  328.5  328  327.4  326.2  325.2  324.2  
317.5  318.1  320.1  323.3  326.6  328.8  330  330.2  330  329.9  329.6  329.1  328.4  327.7  327.1  326.3  
317.5  317.9  319.8  322.9  326  328.1  329.3  329.4  329.3  329.3  329.3  329.3  328.7  327.9  327.1  326.1  
317.5  318  320  323.1  326.2  328.4  329.5  329.7  329.5  329.6  329.6  329  328.2  327.8  327.7  326.9  
317.4  317.8  319.6  322.7  325.8  327.8  328.9  329  328.8  328.9  328.5  328.2  327.6  326.5  325.4  324.4  
317.4  317.6  319.3  322.3  325.3  327.2  328.2  328.2  327.9  328.2  328.2  327.9  327.4  326.3  325.3  324.3  
317.5  318  320  323.2  326.3  328.5  329.7  329.9  329.8  329.6  329.1  328.3  327.4  326.4  325.5  324.4  
317.6  318.2  320.3  323.6  326.9  329.2  330.4  330.8  330.4  329.8  329.1  328.8  328.4  327.9  327.6  326.7  
317.3  317.5  319.2  322.1  325  326.9  327.8  327.8  327.4  327.4  327.3  327.1  326.5  325.2  324.2  323.3  
317.6  318.3  320.4  323.8  327.1  329.4  330.7  331  330.7  330.1  329.5  329.2  328.9  328.6  328.5  327.6  
317.6  318.3  320.5  323.8  327.2  329.5  330.8  331.1  330.9  330.3  329.6  329.4  329.1  328.9  328.7  327.8  
317.3  317.5  319.1  322.1  325  326.8  327.7  327.7  327.3  327.4  327.3  327.1  326.7  325.8  324.9  324  
317.6  318.4  320.6  323.9  327.3  329.6  330.9  331.3  331  330.5  329.8  329.6  329.4  329  328.6  327.7  
317.4  317.7  319.5  322.5  325.5  327.5  328.6  328.6  328.4  328.4  328.2  327.8  327.3  326  324.9  324  
317.5  318.1  320.2  323.5  326.7  329  330.2  330.5  330.1  329.6  328.9  328.5  328  327.5  327.4  326.6  
317.4  317.7  319.5  322.5  325.5  327.5  328.6  328.6  328.4  328.4  328.2  327.8  327.3  326  324.9  324  
317.5  318.1  320.2  323.5  326.7  329  330.2  330.5  330.1  329.6  328.8  328.5  328  327.5  327.4  326.6  
317.6  318.2  320.3  323.6  326.9  329.2  330.4  330.8  330.4  329.8  329.1  328.8  328.4  327.9  327.6  326.7  
317.5  318.1  320.1  323.3  326.5  328.7  329.9  330.1  330  329.7  329.2  328.5  327.7  327  326.3  325.3  
