316.9  315.2  313.5  311.6  309.8  308  306.3  304.6  303.6  303.7  304.9  307  310.9  316.7  321.7  324.1  324.7  324.6  324.2  324.1  324.6  324.7  324.2  323.9  
317  315.5  313.9  312.3  310.7  309.2  307.7  306.3  305.5  305.8  307.1  309.5  313.3  318.9  323.7  326.1  326.9  326.9  326.7  326.2  326.1  326.4  326.2  325.8  
317  315.4  313.9  312.3  310.6  309.1  307.6  306.1  305.3  305.6  307  309.3  313.1  318.7  323.5  326  326.7  326.7  326.6  326.1  325.9  326.1  325.9  325.5  
316.9  315.3  313.6  311.9  310.2  308.5  306.9  305.3  304.3  304.6  305.8  308  311.9  317.7  322.5  324.9  325.6  325.5  325.2  324.8  324.5  324.6  324.6  324.3  
317  315.6  314.2  312.7  311.1  309.7  308.3  307  306.3  306.7  308.1  310.4  314.2  319.8  324.5  327  327.8  327.8  327.6  327.2  326.8  326.9  326.8  326.3  
317  315.4  313.8  312.1  310.5  308.8  307.3  305.8  304.9  305.2  306.5  308.8  312.6  318.3  323.2  325.6  326.3  326.3  326.1  325.7  325.4  325.5  325.2  325  
316.9  315.2  313.5  311.8  310  308.3  306.6  305  304  304.2  305.3  307.5  311.4  317.2  322.1  324.5  325.1  325  324.7  324.3  324.5  324.8  324.8  324.7  
316.9  315.3  313.6  311.9  310.2  308.4  306.8  305.2  304.3  304.5  305.7  307.9  311.8  317.6  322.4  324.9  325.5  325.4  325.1  324.7  324.5  324.7  324.6  324.4  
316.9  315.2  313.5  311.8  310  308.3  306.6  305  304  304.1  305.3  307.5  311.4  317.2  322.1  324.5  325.1  325  324.7  324.3  324.5  324.8  324.8  324.7  
317  315.5  314  312.5  310.9  309.4  307.9  306.6  305.8  306.2  307.6  309.9  313.7  319.3  324  326.5  327.3  327.3  327.2  326.7  326.1  326  325.9  325.2  
316.9  315.4  313.8  312.1  310.5  308.8  307.3  305.8  304.9  305.2  306.5  308.8  312.6  318.3  323.2  325.6  326.3  326.3  326.1  325.7  325.5  325.5  325.2  325  
317  315.6  314.1  312.6  311.1  309.6  308.2  306.9  306.2  306.5  308  310.3  314.1  319.7  324.4  326.9  327.7  327.7  327.5  327.1  326.5  326.4  326.3  325.5  
317  315.4  313.9  312.2  310.6  309  307.5  306  305.2  305.5  306.8  309.1  312.9  318.6  323.4  325.9  326.6  326.6  326.4  326  325.7  326  325.7  325.3  
316.9  315.2  313.4  311.6  309.8  307.9  306.2  304.5  303.5  303.6  304.8  306.9  310.8  316.6  321.6  324  324.6  324.5  324.1  324  324.5  324.5  323.9  323.7  
316.9  315.3  313.7  312  310.3  308.7  307.1  305.5  304.7  304.9  306.2  308.5  312.3  318.1  322.9  325.3  326  326  325.8  325.4  325.2  325.2  324.8  324.5  
317  315.5  314  312.4  310.8  309.2  307.7  306.3  305.6  305.9  307.3  309.6  313.4  319  323.8  326.2  327  327  326.8  326.4  326.1  326.3  326.1  325.7  
317  315.6  314.2  312.7  311.2  309.8  308.4  307.1  306.4  306.8  308.3  310.6  314.4  320  324.7  327.2  328  328  327.8  327.4  326.9  327  327.1  326.4  
316.9  315.3  313.7  312  310.3  308.7  307.1  305.5  304.7  304.9  306.2  308.5  312.3  318.1  322.9  325.3  326  326  325.8  325.4  325.2  325.2  324.8  324.4  
317  315.5  314  312.5  310.9  309.4  307.9  306.6  305.8  306.2  307.6  309.9  313.7  319.3  324  326.5  327.3  327.3  327.1  326.6  326.1  326  325.8  325.3  
316.9  315.3  313.6  311.9  310.1  308.4  306.8  305.2  304.3  304.4  305.6  307.8  311.7  317.5  322.3  324.8  325.4  325.3  325.1  324.6  324.5  324.7  324.6  324.4  
