317.3  317.5  319.3  322.3  325.2  327.2  328.1  328.1  327.6  327.2  326.8  326.6  326.5  325.9  325.6  325.4  
317.5  317.9  319.8  323  326.1  328.2  329.4  329.5  329.2  329.1  328.9  328.8  329  328.6  327.9  327  
317.4  317.6  319.4  322.4  325.3  327.3  328.3  328.3  327.8  327.2  326.9  327  327.1  326.8  326.3  325.6  
317.3  317.4  319  322  324.8  326.7  327.5  327.5  327  326.6  325.9  325  324.3  323.6  323  322.9  
317.4  317.7  319.4  322.5  325.5  327.5  328.5  328.5  328.1  327.3  326.9  327.3  327.6  327.4  326.9  325.9  
317.5  317.9  319.8  322.9  326  328.1  329.3  329.4  329.1  329.1  329  328.9  329.3  329.1  328.4  327.5  
317.3  317.5  319.2  322.2  325.2  327.1  328  328  327.5  327.1  326.9  326.6  326.4  325.8  325.5  325.4  
317.4  317.7  319.5  322.5  325.5  327.5  328.6  328.6  328.2  327.4  327  327.3  327.6  327.5  326.9  325.8  
317.4  317.8  319.7  322.8  325.9  328  329.1  329.2  328.9  328.9  328.8  328.8  329.1  329.2  328.9  327.9  
317.3  317.5  319.1  322.1  325  326.9  327.8  327.8  327.3  326.5  325.4  324.2  323.1  322.3  321.4  320.6  
317.3  317.4  319  321.9  324.7  326.6  327.4  327.4  326.8  326  325  324.2  323.3  322.5  321.8  321.2  
317.3  317.3  318.9  321.7  324.6  326.4  327.2  327.2  326.6  325.7  324.8  324.1  323.3  322.5  321.8  321.2  
317.4  317.8  319.6  322.7  325.8  327.8  328.9  329  328.5  327.7  327.7  328.1  328.2  328.3  328.2  327.4  
317.4  317.7  319.5  322.6  325.7  327.7  328.7  328.8  328.4  327.6  327.3  327.5  327.6  327.5  327.1  326.5  
317.2  317.3  318.8  321.6  324.5  326.2  327  327  326.3  325.4  324.5  324  323.3  322.4  321.7  321.1  
317.5  318  320  323.1  326.3  328.4  329.6  329.8  329.5  329.4  329  328.9  329.3  329  328.3  327.7  
317.5  318  320  323.2  326.3  328.5  329.7  329.9  329.6  329.4  328.9  328.8  329.1  328.7  328  327.4  
317.2  317.2  318.8  321.7  324.5  326.2  327  327  326.4  325.5  324.8  324.6  324.1  323.2  322.5  321.8  
317.3  317.5  319.1  322.1  325  326.9  327.8  327.8  327.2  326.8  326.6  326.2  325.7  325.1  325.1  325.3  
317.3  317.3  318.9  321.8  324.6  326.4  327.2  327.2  326.6  325.8  324.9  324.3  323.5  322.6  322  321.4  
