317.5  318  319.9  323.1  326.2  328.4  329.5  329.7  329.5  329.3  329  328.8  328.2  327.5  326.9  326.3  
317.4  317.7  319.5  322.6  325.6  327.6  328.6  328.7  328.3  328  327.8  327.8  327.3  326.5  326.3  325.9  
317.4  317.8  319.7  322.8  325.9  328  329.1  329.2  329.1  328.9  328.6  328.4  327.7  326.9  326  325.2  
317.3  317.5  319.2  322.2  325.1  327.1  328  328  327.9  327.4  326.3  325.6  325.4  325  323.8  322.5  
317.4  317.8  319.6  322.7  325.8  327.8  328.9  329  328.9  329  328.8  328.2  327.4  326.7  326  325.1  
317.5  317.9  319.8  323  326.1  328.2  329.3  329.5  329.3  329.2  328.9  328.6  328  327.1  326.4  325.7  
317.5  318  320  323.2  326.3  328.5  329.7  329.9  329.7  329.4  329.1  329  328.5  327.7  327.1  326.4  
317.4  317.6  319.3  322.4  325.3  327.3  328.3  328.3  327.8  327  326.5  326.2  325.2  324.7  324.5  323.5  
317.4  317.6  319.4  322.5  325.5  327.4  328.5  328.5  328.2  327.5  327  326.7  325.9  325.5  325.6  325  
317.3  317.4  319.1  322  324.9  326.8  327.7  327.7  327.5  326.9  325.7  324.8  324.6  324  322.5  321.3  
317.3  317.4  319  322  324.9  326.7  327.6  327.6  327.4  326.9  325.8  324.9  324.6  324  322.7  321.6  
317.5  318.1  320.2  323.4  326.6  328.8  330  330.3  330  329.5  329.4  329.7  329.5  328.6  327.8  327.5  
317.3  317.3  318.8  321.7  324.5  326.3  327.1  327.1  327  326.5  326.1  326  324.8  324.3  324.1  323.3  
317.6  318.2  320.3  323.6  326.8  329.1  330.3  330.6  330.4  330  329.7  329.6  329.1  328.3  327.4  327  
317.5  318.1  320.1  323.3  326.5  328.7  330  330.2  329.9  329.4  329.2  329.4  329.1  328.3  327.9  327.7  
317.6  318.3  320.4  323.7  327  329.3  330.6  330.9  330.7  330.1  329.6  329.6  329.3  328.6  328  327.8  
317.6  318.4  320.6  324  327.3  329.7  330.9  331.4  331.1  330.6  330.1  329.7  329.2  328.5  327.6  327.3  
317.3  317.3  318.8  321.7  324.5  326.3  327.1  327.1  327  326.5  326.1  326  324.8  324.3  324.1  323.3  
317.6  318.4  320.6  323.9  327.3  329.6  330.9  331.3  331.1  330.5  330.1  329.9  329.4  328.7  327.9  327.5  
317.6  318.3  320.4  323.7  327  329.3  330.6  330.9  330.7  330.1  329.7  329.6  329.3  328.7  328  327.7  
