317.4  317.8  319.6  322.7  325.7  327.8  328.9  329  328.5  327.8  327.5  327.6  327.2  326.3  325.8  326  
317.5  318  320  323.1  326.3  328.5  329.7  329.9  329.8  329.3  328.5  327.8  327.2  326.5  325.6  324.6  
317.5  318  320  323.3  326.5  328.7  329.9  330.1  330  329.5  328.6  327.7  326.9  326.4  326.1  325.3  
317.4  317.8  319.7  322.8  325.9  328  329.1  329.2  328.9  328.3  327.8  327.9  327.6  326.8  326.2  325.7  
317.5  317.9  319.8  323  326.1  328.3  329.4  329.6  329.6  329.2  328.5  328.5  328.4  328.1  327.5  326.6  
317.6  318.2  320.2  323.4  326.7  328.9  330.1  330.4  330  329.3  328.6  328.3  328  327.5  326.9  326  
317.5  317.8  319.7  322.8  325.9  328  329.2  329.3  329.2  328.7  328.2  328.3  328.2  327.8  327.1  326.4  
317.6  318.4  320.6  323.9  327.3  329.6  330.9  331.3  331.1  330.5  329.9  329.6  329.2  328.3  327.8  327.7  
317.6  318.2  320.3  323.6  326.8  329.1  330.3  330.7  330.3  329.7  328.9  328.6  328.6  328.4  328.2  327.6  
317.6  318.3  320.4  323.7  326.9  329.2  330.5  330.9  330.5  329.9  329.2  328.9  328.5  327.7  327.1  326.5  
317.7  318.5  320.8  324.2  327.7  330.1  331.4  331.9  331.7  331.2  330.6  329.9  329.2  328.4  328.1  328  
317.7  318.5  320.7  324.1  327.5  329.9  331.2  331.7  331.5  331  330.4  330  329.6  328.8  328.5  328.3  
317.6  318.3  320.5  323.8  327.1  329.4  330.6  331  330.7  330.1  329.4  329.1  328.8  328.1  327.5  327.1  
317.6  318.4  320.5  323.9  327.3  329.6  330.9  331.3  331.1  330.6  330  329.6  329.3  328.4  327.9  327.8  
317.6  318.2  320.2  323.4  326.7  328.9  330.1  330.4  330  329.3  328.5  328.3  328  327.5  326.9  326.1  
317.7  318.6  320.8  324.3  327.8  330.2  331.5  332  331.9  331.5  330.9  330.3  329.6  329  328.8  328.6  
317.5  317.9  319.8  323  326.1  328.3  329.4  329.6  329.6  329.2  328.5  328.5  328.4  327.7  326.8  325.9  
317.7  318.5  320.7  324  327.5  329.9  331.2  331.6  331.4  330.9  330.2  329.8  329.3  328.6  328.2  328.1  
317.6  318.3  320.4  323.8  327.1  329.4  330.7  331.1  330.8  330.2  329.6  329.3  328.9  328.2  327.6  327.2  
317.5  318.1  320.1  323.3  326.5  328.7  329.9  330.1  329.9  329.3  328.5  328  327.5  326.9  326.1  325.1  
