318.5  320.9  324.5  329.1  333.3  336.3  337.233  338.037  338.452  338.713  338.916  339.071  339.19  339.285  339.361  339.423  
318.6  321  324.6  329.3  333.5  336.5  337.379  338.178  338.595  338.856  339.057  339.21  339.328  339.423  339.498  339.559  
318.6  321  324.6  329.3  333.5  336.6  337.398  338.198  338.614  338.874  339.075  339.226  339.345  339.44  339.515  339.575  
318.6  321  324.6  329.3  333.5  336.6  337.407  338.206  338.622  338.883  339.084  339.236  339.353  339.448  339.523  339.583  
318.6  321  324.6  329.3  333.5  336.6  337.42  338.218  338.634  338.895  339.096  339.247  339.365  339.459  339.534  339.593  
318.6  321  324.6  329.3  333.5  336.6  337.424  338.222  338.638  338.899  339.099  339.251  339.368  339.462  339.537  339.596  
318.6  321  324.6  329.3  333.5  336.6  337.426  338.224  338.64  338.901  339.102  339.253  339.37  339.465  339.539  339.598  
318.6  321  324.6  329.3  333.5  336.6  337.428  338.226  338.642  338.903  339.104  339.255  339.372  339.466  339.541  339.6  
318.6  321  324.6  329.3  333.5  336.6  337.43  338.228  338.644  338.905  339.105  339.256  339.373  339.467  339.542  339.601  
318.6  321  324.6  329.4  333.5  336.6  337.433  338.231  338.647  338.908  339.108  339.259  339.376  339.47  339.544  339.603  
318.6  321  324.6  329.4  333.5  336.6  337.434  338.231  338.647  338.909  339.109  339.26  339.377  339.471  339.545  339.604  
318.6  321  324.6  329.4  333.5  336.6  337.434  338.231  338.648  338.909  339.11  339.261  339.377  339.471  339.546  339.604  
318.6  321  324.6  329.4  333.5  336.6  337.435  338.232  338.648  338.91  339.11  339.261  339.378  339.471  339.546  339.604  
318.6  321  324.6  329.4  333.5  336.6  337.435  338.233  338.649  338.91  339.111  339.262  339.378  339.472  339.546  339.605  
318.6  321  324.6  329.4  333.5  336.6  337.436  338.233  338.649  338.911  339.111  339.262  339.379  339.472  339.547  339.605  
318.6  321  324.6  329.4  333.5  336.6  337.436  338.234  338.65  338.911  339.112  339.263  339.379  339.473  339.547  339.606  
318.6  321  324.6  329.4  333.5  336.6  337.435  338.233  338.649  338.911  339.111  339.262  339.378  339.472  339.547  339.605  
318.6  321  324.6  329.4  333.5  336.6  337.435  338.233  338.649  338.91  339.111  339.262  339.378  339.472  339.546  339.605  
318.6  321  324.6  329.4  333.5  336.6  337.435  338.232  338.649  338.91  339.111  339.261  339.378  339.472  339.546  339.605  
318.6  321  324.6  329.3  333.5  336.6  337.425  338.223  338.639  338.9  339.101  339.252  339.369  339.464  339.538  339.597  
