317.6  316.4  316  316.3  316.7  317.3  318.6  320.3  321.7  322.8  323.7  324.5  324.9  324.9  324.9  324.7  324.4  323.9  
317.7  316.7  316.4  316.9  317.5  318.2  319.7  321.5  323  324.3  325.3  326.2  326.7  326.9  326.9  326.8  326.8  326.3  
317.7  316.7  316.4  316.8  317.3  318  319.4  321.2  322.8  324  325  325.8  326.4  326.5  326.5  326.5  326.5  326  
317.7  316.6  316.3  316.7  317.2  317.9  319.3  321.1  322.6  323.8  324.7  325.5  326.1  326.2  326.2  326.1  325.9  325.4  
317.7  316.6  316.2  316.6  317.1  317.8  319.2  321  322.4  323.6  324.6  325.4  325.9  326  326  326  325.7  325.1  
317.6  316.5  316.2  316.5  317  317.7  319  320.7  322.2  323.3  324.3  325  325.5  325.6  325.6  325.5  325.1  324.5  
317.7  316.7  316.4  316.8  317.3  318.1  319.5  321.3  322.8  324  325.1  325.9  326.5  326.6  326.6  326.6  326.5  326.1  
317.7  316.6  316.3  316.7  317.2  317.9  319.3  321.1  322.6  323.8  324.8  325.6  326.2  326.3  326.3  326.2  326.1  325.5  
317.7  316.7  316.4  316.9  317.4  318.2  319.6  321.4  323  324.2  325.2  326.1  326.6  326.8  326.8  326.6  326.4  325.9  
317.6  316.5  316.1  316.4  316.9  317.6  318.9  320.7  322.1  323.3  324.2  325  325.4  325.5  325.5  325.4  325.2  324.8  
317.6  316.5  316  316.3  316.8  317.4  318.7  320.4  321.9  323  323.9  324.6  325.1  325.1  325.1  325  324.8  324.4  
317.7  316.5  316.2  316.5  317  317.7  319  320.8  322.3  323.5  324.4  325.2  325.7  325.8  325.8  325.8  325.4  324.9  
317.7  316.7  316.5  316.9  317.5  318.3  319.8  321.6  323.1  324.4  325.4  326.3  326.9  327.1  327.1  327  327.1  326.6  
317.6  316.4  315.9  316.2  316.6  317.2  318.5  320.2  321.6  322.7  323.6  324.3  324.7  324.7  324.7  324.5  323.9  323.4  
317.7  316.8  316.5  316.9  317.6  318.4  319.8  321.7  323.2  324.5  325.5  326.4  327  327.2  327.2  327.1  327.2  326.8  
317.6  316.5  316.1  316.4  316.9  317.5  318.8  320.5  322  323.1  324  324.8  325.3  325.3  325.3  325.2  324.8  324.3  
317.7  316.5  316.2  316.5  317  317.7  319.1  320.8  322.3  323.5  324.4  325.2  325.7  325.8  325.8  325.8  325.4  324.8  
317.6  316.4  315.9  316.2  316.6  317.2  318.4  320.2  321.6  322.7  323.6  324.3  324.7  324.7  324.7  324.5  323.9  323.7  
317.6  316.5  316  316.3  316.8  317.4  318.7  320.4  321.8  323  323.9  324.6  325.1  325.1  325.1  324.9  324.5  324.1  
317.6  316.5  316.1  316.4  316.9  317.5  318.8  320.5  322  323.1  324  324.8  325.3  325.3  325.3  325.2  324.8  324.3  
