317.4  317.7  319.5  322.6  325.6  327.7  328.7  328.8  328.4  328.1  328.2  328.2  327.5  327.1  326.5  325.4  
317.4  317.9  319.8  322.9  326  328.1  329.3  329.4  329.1  328.9  329  328.7  327.9  327.9  327.4  326.1  
317.4  317.8  319.6  322.8  325.8  327.9  329  329.1  328.7  328.5  328.6  328.1  327  326.7  326.3  324.9  
317.4  317.6  319.4  322.4  325.4  327.3  328.3  328.3  327.7  327.3  327.5  327.9  327.9  328  327.5  326.1  
317.4  317.6  319.4  322.5  325.5  327.5  328.5  328.5  328  327.8  327.9  328  327.5  327  326.3  325  
317.2  317.2  318.8  321.6  324.4  326.1  326.9  326.9  326.1  325.7  325.9  325.8  325.7  325.6  325.2  324.4  
317.3  317.4  319  321.9  324.7  326.6  327.4  327.4  326.6  326.3  326.7  326.8  326.8  327  326.6  325.6  
317.1  316.8  318.1  320.8  323.5  325.1  325.6  325.5  324.8  323.9  323.4  322.9  322.5  321.8  320.6  319.8  
317.1  316.9  318.2  321  323.6  325.2  325.8  325.6  324.7  323.8  323.5  323.1  323  322.8  321.9  321.1  
317.1  316.7  318  320.6  323.2  324.7  325.2  325.1  324.4  323.6  323  322  321.4  321  320.1  319.4  
317.2  317.2  318.8  321.6  324.4  326.2  327  327  326.2  325.8  326.1  326.1  326  326.2  325.9  325.1  
317.2  317  318.4  321.2  323.9  325.5  326.2  326.2  325.4  324.9  324.8  324.4  324.3  324.7  324.5  324  
317.1  316.7  317.9  320.5  323.1  324.6  325.1  324.9  324.3  323.5  322.8  321.8  321.1  321.2  321  320.3  
317.2  317.1  318.5  321.3  324.1  325.8  326.5  326.5  325.7  324.9  324.6  324.3  324.4  324.6  324.3  323.8  
317.3  317.5  319.2  322.1  325  326.9  327.8  327.8  327.4  327.2  327.3  327.3  327.1  327.2  326.7  325.4  
317.5  317.9  319.9  323  326.2  328.4  329.5  329.7  329.5  329.2  329  328.7  327.7  327.4  327.2  326.4  
317.3  317.5  319.2  322.1  325  326.9  327.8  327.8  327.4  327.2  327.3  327.3  327.1  327.2  326.7  325.4  
317.5  317.9  319.9  323  326.2  328.4  329.5  329.7  329.5  329.2  329  328.7  327.7  327.4  327.2  326.4  
317.3  317.4  319  321.9  324.7  326.6  327.4  327.4  326.6  326.3  326.5  326.5  326.5  326.7  326.1  325  
317.2  317.1  318.6  321.4  324.1  325.8  326.5  326.5  325.7  325  324.7  324.7  324.9  325.1  324.8  324.3  
