317.4  317.8  319.7  322.8  325.9  328  329.1  329.2  329  329  329  328.4  327.8  327.8  327.2  326.1  
317.4  317.8  319.7  322.8  325.8  327.9  329  329.1  328.9  328.9  329.1  328.4  327.9  327.8  327.1  326.1  
317.5  318  320  323.2  326.3  328.5  329.7  329.9  329.7  329.7  329.8  329.3  328.6  328.4  328  327.1  
317.3  317.5  319.1  322.1  325  326.8  327.7  327.7  327.5  327.4  327.2  326.6  326.3  326  325  323.9  
317.5  318.1  320.2  323.4  326.6  328.9  330.1  330.4  330  329.6  329.5  329  328.6  328.4  328.2  327.4  
317.5  318.1  320.2  323.4  326.6  328.8  330  330.3  329.9  329.5  329.4  328.8  328.2  328  327.6  326.8  
317.4  317.5  319.2  322.2  325.2  327.1  328  328  327.9  327.5  326.3  324.9  324.2  323.7  322.9  321.5  
317.3  317.4  319.1  322  324.9  326.7  327.6  327.6  327.2  327.3  327.6  326.9  326.3  326  325.4  324.4  
317.6  318.3  320.4  323.7  327  329.3  330.5  330.9  330.6  330  329.8  329.5  329.3  329.4  329.3  328.9  
317.3  317.4  319  321.9  324.8  326.6  327.4  327.4  327.1  326.4  325.7  325.1  324.8  324.9  324.5  323.5  
317.5  317.9  319.8  322.9  326  328.1  329.2  329.4  329.3  329.2  329.1  328.5  327.6  327.3  327  326.2  
317.4  317.8  319.6  322.7  325.7  327.7  328.8  328.9  328.6  328.2  328.1  327.5  326.9  326.6  325.6  324.5  
317.3  317.4  319  321.8  324.7  326.5  327.3  327.3  327  326.3  325.9  325.8  326  326  325.9  325.1  
317.6  318.2  320.3  323.5  326.7  329  330.3  330.6  330.2  329.7  329.6  329.3  328.9  328.8  328.6  328  
317.6  318.3  320.5  323.8  327.1  329.5  330.7  331.1  330.9  330.3  329.9  329.8  329.6  329.8  329.8  329.7  
317.4  317.7  319.4  322.5  325.5  327.4  328.5  328.5  328.3  328.1  327.5  326.5  325.9  325.6  324.8  323.6  
317.4  317.6  319.4  322.4  325.4  327.4  328.4  328.4  328.3  328  327.3  326.2  325.5  325.3  324.5  323.2  
317.6  318.3  320.5  323.8  327.2  329.5  330.7  331.1  330.9  330.3  329.9  329.8  329.6  329.8  329.8  329.7  
317.5  318  320  323.1  326.3  328.4  329.6  329.8  329.8  329.7  329.8  329.4  328.4  328  327.9  327.2  
317.4  317.5  319.2  322.2  325.2  327.1  328  328  327.9  327.5  326.7  325.9  325.8  325.7  325.5  325  
