317.4  317.7  319.4  322.4  325.4  327.4  328.5  328.5  328.3  327.7  327  326.5  326.4  326.4  325.7  324.5  
317.4  317.7  319.5  322.6  325.6  327.7  328.7  328.8  328.3  327.5  326.7  325.8  325.6  325.6  325  324  
317.4  317.6  319.3  322.3  325.3  327.3  328.3  328.3  328.1  327.8  327.3  326.7  326.4  326.4  325.8  324.7  
317.5  317.9  319.8  322.9  326  328.2  329.3  329.4  328.9  328.7  328.6  328.1  328.2  328  327.1  326.1  
317.3  317.4  319.1  322  324.9  326.7  327.6  327.6  327.2  326.7  326.1  325.7  325.3  325  324.3  323.1  
317.3  317.5  319.2  322.2  325.1  327  327.9  327.9  327.7  327.3  326.8  326.3  326.2  326.2  325.4  324.2  
317.5  318  319.9  323.1  326.2  328.4  329.5  329.7  329.3  329.1  328.9  328.6  328.9  328.6  327.4  326.6  
317.3  317.4  319  321.9  324.7  326.6  327.4  327.4  327.4  327  326.2  325.8  325.8  325.8  325  324.3  
317.5  318  320  323.1  326.3  328.4  329.6  329.8  329.4  329.2  328.9  328.5  328.8  328.5  327.4  326.8  
317.4  317.8  319.6  322.7  325.8  327.8  328.9  329  328.7  328.1  327.6  327  326.8  326.9  326.3  325.3  
317.6  318.2  320.3  323.6  326.9  329.2  330.4  330.7  330.4  330  329.5  329.1  329.2  328.9  328.2  327.7  
317.5  318  320.1  323.3  326.5  328.7  329.9  330.1  329.8  329.4  329  328.7  328.9  328.7  327.7  327.4  
317.5  318.1  320.2  323.4  326.7  328.9  330.1  330.4  330.1  329.8  329.4  328.8  328.9  328.8  328.1  327.7  
317.3  317.3  318.9  321.7  324.6  326.4  327.2  327.2  327.1  326.7  325.9  325.8  326.1  326.2  325.5  324.7  
317.6  318.3  320.4  323.8  327.1  329.4  330.6  331  330.7  330.1  329.5  329.3  329.6  329.4  328.9  329.1  
317.6  318.3  320.5  323.8  327.2  329.5  330.7  331.1  330.8  330.3  329.7  329.4  329.6  329.4  329  329.1  
317.3  317.5  319.2  322.2  325.1  327  327.9  327.9  327.7  327.3  326.8  326.3  326.2  326.2  325.4  324.2  
317.4  317.8  319.7  322.9  325.9  328  329.2  329.3  329.1  328.5  327.8  327.7  327.8  327.5  327  326.6  
317.5  318.1  320.1  323.3  326.5  328.7  329.9  330.1  329.8  329.8  329.6  329  329  328.7  327.8  327.3  
317.5  318.1  320.2  323.4  326.7  328.9  330.1  330.4  330.1  329.9  329.5  328.9  329  328.8  328.1  327.7  
