317  315.6  314.1  312.6  311.1  309.6  308.2  306.9  306.2  306.6  308.1  310.4  314.2  319.8  324.5  327.1  327.9  327.9  327.7  327.7  327.5  327.1  326.7  326.7  
317  315.6  314.1  312.5  311  309.5  308.1  306.8  306.1  306.4  307.9  310.2  314  319.6  324.4  326.9  327.7  327.7  327.4  327.4  327.2  326.7  326.1  325.8  
316.9  315.3  313.6  311.9  310.1  308.3  306.6  305.1  304.2  304.3  305.5  307.7  311.6  317.4  322.3  324.7  325.4  325.2  325  324.8  324.4  324.3  324.7  324.6  
316.9  315.2  313.4  311.6  309.7  307.8  306  304.3  303.3  303.3  304.5  306.6  310.5  316.4  321.3  323.7  324.3  324.1  323.9  323.5  322.9  322.5  322.7  322.7  
316.9  315.2  313.4  311.5  309.6  307.7  305.9  304.2  303.1  303.1  304.3  306.4  310.3  316.2  321.1  323.5  324.1  323.9  323.8  323.5  322.9  322.7  322.9  322.9  
316.9  315.3  313.5  311.8  309.9  308.1  306.4  304.8  303.8  303.9  305.1  307.3  311.2  317  321.9  324.3  324.9  324.7  324.6  324.5  324.2  324.2  324.6  324.5  
317  315.5  313.9  312.4  310.8  309.2  307.8  306.4  305.6  305.9  307.3  309.6  313.4  319.1  323.8  326.3  327.1  327.1  326.8  326.8  326.8  326.5  326.3  326.4  
316.9  315.4  313.7  312  310.3  308.6  306.9  305.4  304.5  304.7  306  308.2  312.1  317.9  322.7  325.1  325.8  325.7  325.5  325.2  324.8  324.6  324.9  324.8  
316.9  315.2  313.5  311.7  309.8  307.9  306.1  304.5  303.5  303.6  304.8  306.9  310.8  316.7  321.6  324  324.6  324.4  324.2  324.1  323.9  323.9  324.3  324  
317  315.5  314  312.4  310.8  309.3  307.8  306.4  305.7  306  307.4  309.7  313.5  319.2  323.9  326.4  327.2  327.2  326.9  326.9  326.9  326.6  326.4  326.5  
316.8  315  313.1  311.1  309  307  305  303.2  302  301.8  302.9  304.9  308.8  314.8  319.9  322.3  322.8  322.5  322.3  322.3  321.9  321.9  322.3  322.4  
316.8  315  313.2  311.2  309.2  307.2  305.3  303.5  302.3  302.2  303.3  305.3  309.3  315.2  320.3  322.7  323.2  323  322.9  322.9  322.4  322.5  322.9  323.1  
316.8  314.9  313  311  308.9  306.8  304.8  303  301.7  301.6  302.5  304.6  308.5  314.5  319.6  322  322.5  322.1  322  322  321.6  321.6  322  322  
317  315.4  313.8  312.1  310.5  308.8  307.2  305.7  304.8  305.1  306.4  308.6  312.5  318.2  323.1  325.5  326.2  326.1  325.8  325.8  325.6  325.3  325.5  325.6  
316.9  315.1  313.3  311.3  309.4  307.4  305.5  303.8  302.6  302.6  303.7  305.8  309.7  315.6  320.7  323.1  323.6  323.3  323.3  323.2  322.7  322.7  323.1  323.3  
317  315.4  313.9  312.3  310.6  309  307.5  306  305.2  305.4  306.8  309.1  312.9  318.6  323.4  325.9  326.6  326.5  326.2  326.4  326.4  326.1  326.2  326.3  
317  315.4  313.9  312.3  310.6  309  307.5  306  305.2  305.4  306.8  309.1  312.9  318.6  323.4  325.9  326.6  326.5  326.2  326.4  326.4  326.1  326.2  326.3  
316.8  314.9  313  311  308.9  306.8  304.8  303  301.7  301.6  302.5  304.6  308.5  314.5  319.6  322  322.5  322.1  322  322  321.6  321.6  322  322  
317  315.4  313.8  312.1  310.4  308.8  307.1  305.7  304.8  305  306.3  308.6  312.4  318.2  323  325.4  326.1  326  325.7  325.6  325.4  325.3  325.8  325.8  
316.9  315.1  313.3  311.3  309.4  307.4  305.5  303.8  302.6  302.6  303.7  305.8  309.7  315.6  320.7  323.1  323.6  323.3  323.3  323.2  322.7  322.7  323.1  323.3  
