317  315.4  313.8  312.1  310.5  308.8  307.2  305.8  305  305.2  306.5  308.8  312.6  318.3  323.2  325.6  326.3  326.3  326.1  325.8  325.3  324.9  324.6  324.1  
317  315.4  313.8  312.1  310.4  308.7  307.1  305.6  304.8  305  306.3  308.5  312.4  318.1  323  325.4  326.1  326.1  326  325.7  325.1  324.6  324.1  323.7  
317  315.5  313.9  312.3  310.7  309.1  307.6  306.2  305.3  305.6  306.9  309.2  313.1  318.7  323.5  326  326.7  326.7  326.5  326.2  325.9  325.8  326  325.8  
317  315.4  313.7  312  310.3  308.7  307  305.5  304.7  304.9  306.2  308.4  312.3  318  322.8  325.2  325.9  325.8  325.9  325.9  325.3  324.7  324.2  323.4  
317  315.5  314  312.4  310.8  309.4  307.9  306.5  305.7  306  307.4  309.7  313.4  319.1  323.8  326.3  327  327  326.8  326.6  326.1  326.1  326.5  326.4  
317  315.4  313.9  312.2  310.6  309  307.4  306  305.2  305.4  306.7  309  312.8  318.5  323.3  325.8  326.5  326.5  326.2  325.9  325.7  325.6  325.5  325.1  
317  315.6  314.1  312.6  311.2  309.9  308.5  307.3  306.7  307.1  308.6  311  314.7  320.2  324.9  327.4  328.2  328.2  328  328  327.9  327.7  328  328.1  
317  315.5  314  312.5  310.9  309.4  308  306.7  305.9  306.3  307.7  310  313.7  319.3  324.1  326.6  327.3  327.2  327  326.9  326.5  326.5  327  327.1  
316.9  315.3  313.6  311.9  310.2  308.5  306.8  305.3  304.3  304.6  305.9  308.1  311.9  317.7  322.5  324.9  325.6  325.5  325.5  325.4  325.1  324.8  324.4  323.7  
316.9  315.3  313.5  311.8  310  308.2  306.6  305  304  304.2  305.4  307.6  311.4  317.2  322.1  324.5  325.1  324.9  324.9  324.8  324.3  323.8  323.6  323.7  
317  315.6  314.1  312.6  311.2  309.9  308.6  307.4  306.8  307.3  308.8  311.2  314.9  320.4  325  327.5  328.4  328.4  328.1  328.1  327.9  327.6  328  328.2  
316.9  315.3  313.5  311.8  309.9  308.2  306.5  304.9  303.9  304.1  305.2  307.4  311.3  317  321.9  324.3  324.9  324.7  324.7  324.5  324.1  323.8  323.7  324  
316.9  315.3  313.6  311.8  310.1  308.3  306.7  305.1  304.2  304.3  305.6  307.8  311.6  317.4  322.3  324.7  325.3  325.1  325.1  325  324.8  324.5  324.3  324.1  
316.9  315.2  313.5  311.7  309.9  308  306.2  304.6  303.6  303.7  304.9  307  310.9  316.7  321.6  324  324.6  324.4  324.3  324.1  324.1  324.1  324.1  324.5  
316.9  315.1  313.4  311.5  309.6  307.7  305.9  304.2  303.1  303.2  304.3  306.4  310.3  316.1  321.1  323.5  324.1  323.9  323.5  323.2  323.1  323  323.1  323.3  
317  315.6  314.2  312.8  311.5  310.3  309.1  308  307.6  308.2  309.7  312  315.7  321.2  325.8  328.4  329.2  329.2  329  329.2  329.1  328.8  328.9  329.1  
316.9  315.1  313.4  311.5  309.6  307.7  305.9  304.2  303.1  303.2  304.3  306.4  310.3  316.1  321.1  323.5  324.1  323.9  323.5  323.2  323.1  323  323.1  323.3  
316.9  315.2  313.5  311.6  309.8  307.9  306.1  304.5  303.5  303.6  304.7  306.9  310.7  316.5  321.5  323.9  324.5  324.3  324.1  323.9  324  324  324  324.3  
317  315.5  314  312.5  310.9  309.5  308.1  306.7  306  306.3  307.8  310.1  313.8  319.4  324.2  326.6  327.4  327.3  327.1  326.7  326  325.8  326.2  326.4  
317  315.6  314.2  312.8  311.6  310.4  309.1  308  307.6  308.2  309.8  312.1  315.8  321.2  325.9  328.4  329.3  329.3  329.1  329.3  329.3  329  329.1  329.2  
