317.4  317.8  319.7  322.9  325.9  328  329.1  329.3  329  328.7  328  327.5  327  326.4  326.5  326.5  
317.3  317.4  319  321.9  324.7  326.6  327.4  327.4  326.7  326.7  326.8  326.9  326.7  326  325.2  324.9  
317.3  317.6  319.3  322.3  325.2  327.1  328.1  328.1  327.9  327.8  327.5  327.5  327.4  327.4  327.1  326.1  
317.3  317.5  319.2  322.2  325.1  327  327.9  327.9  327.5  327.5  327.2  326.9  326.4  326  325.6  325  
317.3  317.3  318.8  321.6  324.4  326.2  327  327  326.2  326.1  326.2  326.1  325.7  324.9  323.8  323.1  
317.3  317.3  318.8  321.7  324.5  326.3  327.1  327.1  326.4  326.3  326.2  325.5  324.8  323.9  322.6  321.9  
317.3  317.5  319.2  322.1  325  326.9  327.8  327.8  327.3  327.3  327.1  326.6  326.3  325.7  324.8  324.3  
317.4  317.8  319.6  322.7  325.7  327.8  328.9  329  328.8  328.9  328.5  328.1  327.9  327.6  327.3  326.9  
317.4  317.6  319.4  322.4  325.4  327.3  328.3  328.4  328.2  328.2  327.7  327.3  327.1  326.9  326.6  326.3  
317.4  317.7  319.5  322.5  325.6  327.5  328.6  328.7  328.5  328.5  328  327.8  327.7  327.4  326.9  326.5  
317.1  316.9  318.1  320.8  323.5  325  325.5  325.3  324.5  324.3  325  324.6  323.1  321.6  320.1  319.1  
317.1  316.9  318.3  321  323.6  325.2  325.8  325.7  324.8  324.5  325.3  325.3  324.8  324.1  322.7  321.7  
317.2  317.1  318.6  321.4  324.2  325.9  326.6  326.5  325.8  325.5  325.8  325.8  325.5  324.7  323.6  322.9  
317.2  317  318.4  321.2  323.9  325.5  326.2  326.1  325.2  324.9  325.4  325.4  324.8  324  322.8  322.1  
317.5  317.9  319.9  323.1  326.2  328.3  329.5  329.7  329.4  328.9  328.2  327.7  327  326.3  326.4  326.3  
317.1  316.8  318  320.7  323.3  324.8  325.3  325  324.1  324  324.7  324.1  322.2  320.4  318.8  317.8  
317.5  317.9  319.9  323.1  326.2  328.3  329.5  329.7  329.4  328.9  328.2  327.7  327  326.3  326.4  326.3  
317.2  317  318.4  321.2  323.9  325.6  326.2  326.1  325.1  324.9  325.5  325.7  325.6  325.1  323.9  323.1  
317.1  316.8  318.1  320.7  323.3  324.8  325.3  325.1  324.3  324.1  324.8  324.5  322.8  321.1  319.4  318.4  
317.1  316.9  318.3  321  323.6  325.2  325.8  325.7  324.8  324.5  325.3  325.3  324.8  324.1  322.7  321.7  
