317.5  317.9  319.8  323  326.1  328.2  329.4  329.6  329.2  329.3  329.6  329.2  328.4  327.6  326.6  325.8  
317.4  317.7  319.5  322.5  325.5  327.5  328.5  328.5  328.1  328  327.6  327.1  326.6  326.2  325.8  325.3  
317.4  317.8  319.6  322.7  325.8  327.8  328.9  329  328.7  328.9  329  328.2  327.3  326.2  324.9  324.3  
317.5  318  319.9  323.1  326.3  328.5  329.7  329.9  329.5  329.6  329.6  329.3  328.6  327.6  326.6  325.7  
317.4  317.6  319.3  322.3  325.3  327.2  328.1  328.1  327.6  327.5  327.1  326.4  325.8  324.6  323.2  322.7  
317.4  317.6  319.4  322.4  325.4  327.3  328.3  328.3  327.9  327.8  327.3  326.6  326  325.2  324.3  323.8  
317.4  317.7  319.5  322.6  325.6  327.6  328.7  328.7  328.3  328.3  327.9  327.4  326.8  326.4  325.8  325.3  
317.4  317.8  319.7  322.8  325.9  328  329.2  329.3  328.9  329  329.2  329.1  328.7  327.7  326.5  325.8  
317.3  317.3  318.9  321.8  324.6  326.4  327.2  327.1  326.9  327.1  326.6  325.7  325.2  324.5  323.6  323.5  
317.6  318.2  320.3  323.6  326.9  329.2  330.4  330.8  330.4  329.9  329.3  328.8  328.2  327.5  327.2  327.2  
317.5  318  320  323.2  326.4  328.6  329.9  330.1  329.7  329.7  329.8  329.3  328.5  327.7  327  326.7  
317.2  317.2  318.7  321.6  324.5  326.2  327  326.9  326.5  326.7  326.2  325.2  324.7  324.2  323.8  323.9  
317.5  318.1  320.2  323.4  326.7  328.9  330.1  330.4  330.1  329.8  329.6  329.1  328.3  327.5  327  326.9  
317.3  317.5  319.1  322.1  325  326.8  327.7  327.7  327.4  327.6  327.3  326.5  326.1  325.1  324  323.6  
317.6  318.2  320.4  323.7  327  329.3  330.5  330.9  330.6  330  329.3  328.6  327.8  327.1  326.9  327.1  
317.3  317.4  319  321.9  324.8  326.6  327.4  327.4  327.1  327.4  327  326.1  325.7  324.9  324  323.9  
317.2  317.2  318.7  321.6  324.4  326.2  326.9  326.9  326.6  326.7  326.5  326  326  325.5  325.1  325.2  
317.6  318.3  320.4  323.7  327.1  329.4  330.7  331  330.7  330.3  329.8  329.1  328.3  327.6  327.5  327.8  
317.5  318.1  320.2  323.4  326.7  328.9  330.1  330.4  330.1  329.8  329.4  328.8  328  327.2  326.5  326.3  
317.3  317.4  319  321.9  324.8  326.6  327.4  327.4  327.1  327.4  327  326.1  325.7  324.9  324  323.9  
