317  315.4  313.8  312.1  310.4  308.7  307.1  305.6  304.7  304.9  306.2  308.4  312.2  318  322.8  325.2  325.9  325.8  325.7  325.7  325.2  324.9  325  324.4  
317  315.5  314  312.4  310.8  309.3  307.8  306.5  305.7  306.1  307.6  309.9  313.7  319.3  324  326.5  327.3  327.3  327.1  326.7  326.7  326.9  326.9  326.7  
317  315.6  314.1  312.6  311  309.6  308.1  306.8  306.2  306.6  308.1  310.4  314.1  319.7  324.5  327  327.8  327.8  327.7  327.7  327.5  327.3  327.3  327.1  
317  315.5  313.9  312.3  310.7  309.1  307.6  306.2  305.4  305.8  307.2  309.5  313.3  318.9  323.7  326.2  326.9  326.8  326.8  326.5  326  325.7  325.9  325.9  
317  315.4  313.8  312.1  310.3  308.6  307  305.4  304.5  304.7  306  308.2  312  317.8  322.6  325  325.7  325.5  325.5  325.6  325.3  325.1  324.8  323.9  
317  315.5  313.9  312.4  310.8  309.2  307.7  306.3  305.6  305.9  307.4  309.7  313.5  319.1  323.9  326.3  327.1  327  327  326.7  326.4  326.3  326.4  326.3  
316.9  315.3  313.7  312.1  310.4  308.6  307  305.5  304.6  304.8  306  308.2  312  317.8  322.6  325.1  325.7  325.6  325.5  325.3  324.7  324.5  324.5  323.6  
317  315.4  313.8  312.2  310.6  309  307.4  305.9  305  305.3  306.6  308.9  312.7  318.4  323.2  325.6  326.3  326.2  326  326  326.1  325.6  324.7  323.5  
317  315.4  313.8  312.2  310.5  308.9  307.3  305.9  305  305.2  306.5  308.8  312.6  318.3  323.2  325.6  326.3  326.2  326  326.1  326.1  325.7  324.9  324  
317  315.4  313.9  312.3  310.7  309  307.5  306.1  305.3  305.6  307  309.3  313.1  318.7  323.5  326  326.7  326.6  326.5  326.1  325.6  325  324.7  324.7  
317  315.4  313.8  312.2  310.6  309  307.4  306  305.2  305.4  306.8  309.1  312.9  318.5  323.3  325.8  326.5  326.4  326.3  326.1  325.9  325.6  325.3  325.4  
317  315.5  314  312.5  310.9  309.4  308  306.6  305.9  306.3  307.8  310.1  313.9  319.5  324.2  326.7  327.5  327.5  327.4  327.3  327.2  326.9  326.8  326.5  
317  315.6  314.1  312.5  311  309.5  308.1  306.8  306.1  306.5  308  310.3  314  319.7  324.4  326.9  327.7  327.7  327.6  327.4  327.3  327.3  327.4  327.1  
316.9  315.3  313.6  311.9  310.1  308.3  306.5  305  304  304.1  305.3  307.5  311.4  317.2  322.1  324.5  325.1  324.9  325  324.9  324.4  324  323.2  322.1  
316.9  315.3  313.6  311.8  309.9  308.1  306.4  304.8  303.8  303.9  305.1  307.3  311.2  317  321.9  324.3  324.9  324.7  324.8  324.7  324.1  323.7  322.9  321.8  
316.9  315.3  313.7  311.9  310.2  308.4  306.7  305.1  304.2  304.3  305.6  307.7  311.6  317.4  322.3  324.7  325.3  325.1  325.1  325.1  324.6  324.3  323.7  322.7  
316.9  315.2  313.5  311.7  309.8  308  306.2  304.6  303.6  303.8  305  307.1  311  316.9  321.8  324.2  324.8  324.6  324.7  324.7  324.3  324.1  323.5  322.3  
316.9  315.3  313.7  311.9  310.2  308.4  306.7  305.1  304.2  304.3  305.6  307.7  311.6  317.4  322.3  324.7  325.3  325.1  325.1  325.1  324.6  324.3  323.7  322.7  
317  315.4  313.8  312.1  310.4  308.7  307.1  305.6  304.7  304.9  306.2  308.4  312.2  318  322.8  325.2  325.9  325.8  325.7  325.7  325.2  324.9  325  324.4  
317  315.6  314.1  312.6  311.1  309.6  308.2  306.9  306.2  306.7  308.2  310.5  314.2  319.8  324.6  327.1  327.9  327.9  327.7  327.5  327.4  327  326.7  326.4  
