317  315.6  314.1  312.6  311.1  309.6  308.3  307  306.3  306.7  308.2  310.5  314.3  319.8  324.6  327.1  327.9  327.9  327.8  327.8  327.8  327.5  327.3  326.8  
317  315.4  313.8  312.1  310.5  308.9  307.4  305.9  305.1  305.3  306.6  308.9  312.7  318.4  323.2  325.7  326.4  326.4  326.2  326.3  326.4  326.2  326.1  325.8  
317  315.4  313.8  312.2  310.6  309  307.5  306.1  305.3  305.6  306.9  309.2  313  318.7  323.5  326  326.7  326.7  326.5  326.5  326.7  326.7  326.6  326.4  
317  315.5  314  312.5  310.9  309.5  308.1  306.8  306.1  306.4  307.8  310.2  313.9  319.5  324.3  326.8  327.6  327.6  327.4  327.4  327.5  327.5  327.3  326.9  
316.9  315.2  313.4  311.5  309.6  307.7  305.9  304.2  303.2  303.2  304.3  306.4  310.3  316.2  321.2  323.6  324.2  324.1  324  324  324.1  324  323.5  322.9  
317  315.5  314  312.4  310.9  309.4  308  306.6  305.9  306.3  307.6  309.9  313.7  319.3  324.1  326.6  327.4  327.4  327.2  327.1  327.4  327.3  327.3  327  
316.9  315.4  313.8  312.1  310.4  308.8  307.2  305.8  304.9  305.2  306.4  308.7  312.5  318.2  323.1  325.5  326.2  326.2  326  326.1  326.2  325.9  325.7  325.5  
316.9  315.2  313.5  311.7  309.9  308.1  306.3  304.7  303.8  303.9  305  307.2  311.1  316.9  321.8  324.3  325  325  324.7  324.5  324.7  324.6  323.8  323.7  
316.9  315.2  313.4  311.6  309.7  307.9  306.1  304.4  303.4  303.4  304.6  306.7  310.6  316.5  321.5  323.9  324.6  324.6  324.4  324.2  324.3  324.3  323.9  323.5  
316.9  315.3  313.6  311.8  310.1  308.3  306.6  305.1  304.1  304.3  305.5  307.7  311.6  317.3  322.2  324.7  325.3  325.3  325.1  325  325  324.5  324.2  324.3  
316.9  315.1  313.4  311.5  309.6  307.6  305.8  304.1  303  303  304.1  306.2  310.2  316  321  323.4  324  323.9  323.7  323.5  323.6  323.9  323.8  323.3  
316.9  315.1  313.3  311.4  309.5  307.5  305.6  303.9  302.8  302.8  303.9  306  309.9  315.8  320.8  323.2  323.8  323.7  323.6  323.5  323.5  323.7  323.5  322.7  
316.9  315.3  313.6  311.8  310.1  308.4  306.7  305.1  304.2  304.3  305.5  307.8  311.6  317.4  322.3  324.7  325.4  325.4  325.2  325.1  325.1  324.6  324  323.9  
316.9  315.3  313.7  312  310.3  308.6  307  305.5  304.6  304.8  306  308.3  312.1  317.9  322.7  325.1  325.8  325.8  325.6  325.7  325.7  325.2  324.8  324.7  
317  315.4  313.9  312.3  310.7  309.2  307.7  306.3  305.6  305.9  307.2  309.5  313.3  319  323.7  326.2  327  327  326.7  326.6  326.9  326.8  326.8  326.6  
317  315.6  314.2  312.7  311.2  309.8  308.5  307.3  306.6  307.1  308.5  310.9  314.6  320.1  324.9  327.5  328.3  328.3  328.3  328.3  328.1  327.6  327.2  327  
317  315.6  314.2  312.7  311.2  309.8  308.5  307.2  306.6  307  308.5  310.8  314.6  320.1  324.8  327.4  328.3  328.3  328.3  328.3  328.1  327.7  327.2  326.7  
316.9  315.3  313.7  312  310.3  308.6  307  305.5  304.6  304.8  306  308.3  312.1  317.9  322.7  325.1  325.8  325.8  325.6  325.7  325.7  325.2  324.8  324.7  
316.9  315.2  313.5  311.7  309.9  308.1  306.3  304.7  303.8  303.9  305  307.2  311.1  316.9  321.8  324.3  324.9  324.9  324.6  324.6  324.5  323.9  323.1  322.9  
317  315.5  313.9  312.3  310.7  309.2  307.7  306.3  305.6  305.9  307.2  309.5  313.3  319  323.8  326.3  327  327  326.8  326.8  327  326.9  326.9  326.7  
