317.5  317.9  319.8  322.9  326  328.1  329.2  329.4  329.2  329.2  328.9  328.3  327.9  327.2  326.3  325.3  
317.4  317.7  319.5  322.6  325.6  327.7  328.7  328.8  328.3  327.9  327.5  327  327  327.1  326.8  325.9  
317.4  317.8  319.7  322.7  325.8  327.9  329  329.1  328.6  328.6  328.5  327.9  328  327.6  326.9  326  
317.5  318  319.9  323.1  326.3  328.4  329.6  329.8  329.4  329  328.6  327.8  327.2  326.9  326.4  325.4  
317.3  317.4  319  321.9  324.8  326.7  327.5  327.5  326.9  326  324.8  324.7  324.8  324.9  325  324.8  
317.1  316.7  318  320.6  323.3  324.8  325.3  325.1  324.9  324.9  324.9  324.3  322.7  321.5  320.7  320  
317.2  317.2  318.6  321.5  324.3  326  326.7  326.6  326.2  325.8  325.4  324.9  324  323  322.2  321.3  
317.2  317.2  318.7  321.5  324.3  326.1  326.8  326.7  326.3  325.9  325.5  324.9  324.3  323.7  323.1  322.5  
317.1  316.8  318.1  320.8  323.5  325  325.6  325.4  325.2  325.1  325  324.5  323.1  321.6  320.5  319.7  
317.1  316.9  318.3  321  323.8  325.4  326  325.9  325.6  325.3  325.2  324.6  323.4  321.8  320.5  319.2  
317.3  317.3  318.9  321.8  324.7  326.6  327.4  327.4  326.8  325.9  324.9  324.7  324.6  324.2  324.2  323.8  
317.5  318.1  320.1  323.3  326.5  328.7  329.9  330.2  329.9  329.8  329.6  329.1  328.8  328.7  328.3  327.3  
317.1  316.9  318.2  320.9  323.6  325.1  325.7  325.6  325.3  325.1  325  324.5  323.1  321.6  320.7  319.5  
317.3  317.5  319.2  322.2  325.1  327.1  328  328  327.4  326.6  325.8  325.2  325.2  325.5  325.4  324.7  
317.2  317.1  318.5  321.3  324  325.7  326.4  326.3  325.9  325.6  325.2  324.6  323.7  322.8  322  321.8  
317.4  317.6  319.4  322.4  325.4  327.4  328.4  328.4  327.8  327.2  326.5  326  326.2  326.3  326  325.2  
317.5  318.1  320.1  323.3  326.5  328.7  329.9  330.1  329.8  329.7  329.5  329  328.7  328.3  327.5  326.6  
317.3  317.5  319.2  322.1  325.1  327  327.9  327.9  327.3  326.6  325.8  325.2  325  325  324.8  324  
317.2  317  318.5  321.2  324  325.6  326.3  326.2  325.8  325.5  325.2  324.7  323.6  322.3  321.4  320.9  
317.4  317.6  319.4  322.4  325.4  327.4  328.4  328.4  327.8  327.2  326.5  326  326.2  326.3  326  325.2  
