317  315.5  314  312.4  310.9  309.4  307.9  306.6  305.8  306.2  307.5  309.8  313.6  319.2  323.9  326.4  327.2  327.2  327  327  326.9  326.4  325.6  325.1  
317  315.6  314.1  312.5  311  309.5  308  306.7  305.9  306.3  307.7  310  313.8  319.4  324.1  326.6  327.4  327.4  327.1  327  326.8  326.2  325.4  325  
317  315.5  313.9  312.3  310.7  309.1  307.6  306.2  305.4  305.7  307  309.3  313.1  318.8  323.6  326.1  326.8  326.8  326.6  326.4  326.3  325.9  325.1  324.7  
317  315.5  313.9  312.4  310.8  309.2  307.8  306.4  305.6  305.9  307.2  309.5  313.3  318.9  323.7  326.2  326.9  326.9  326.7  326.7  326.7  326.4  325.7  325.2  
317  315.5  314  312.4  310.8  309.3  307.8  306.4  305.6  305.9  307.3  309.6  313.4  319  323.8  326.2  327  327  326.8  326.9  327  326.6  325.8  325.2  
316.9  315.4  313.8  312.1  310.4  308.8  307.2  305.7  304.8  305.1  306.3  308.6  312.4  318.1  322.9  325.4  326.1  326  325.8  325.4  325.1  325.3  325.1  324.5  
317  315.4  313.9  312.3  310.6  309  307.5  306.1  305.3  305.6  306.9  309.2  313  318.7  323.4  325.9  326.6  326.6  326.3  326.2  326.3  326.2  325.5  325  
316.9  315.3  313.6  311.8  310.1  308.3  306.6  305  304  304.2  305.4  307.6  311.5  317.2  322.1  324.6  325.2  325.1  324.7  324.1  323.5  323.4  323.4  323.2  
316.9  315.3  313.6  311.9  310.1  308.4  306.7  305.1  304.2  304.3  305.6  307.8  311.6  317.4  322.3  324.7  325.4  325.3  325.2  324.8  324.3  324.3  324.2  323.6  
317  315.6  314.1  312.7  311.2  309.7  308.3  307.1  306.4  306.8  308.2  310.5  314.2  319.8  324.5  327.1  328  327.9  327.7  327.9  327.9  327.2  326.5  325.7  
316.9  315.4  313.8  312.2  310.5  308.9  307.3  305.9  305  305.3  306.6  308.8  312.6  318.3  323.1  325.6  326.3  326.2  326  325.8  325.7  325.9  325.7  324.9  
317  315.6  314.2  312.7  311.2  309.8  308.4  307.1  306.5  306.9  308.3  310.6  314.3  319.9  324.6  327.2  328.1  328.1  327.8  328  328.1  327.4  326.6  325.8  
316.9  315.2  313.6  311.8  310  308.2  306.5  304.9  303.9  304.1  305.3  307.5  311.3  317.1  322  324.5  325.1  325  324.8  324.5  323.9  323.9  323.8  323.1  
316.9  315.3  313.7  311.9  310.2  308.5  306.8  305.3  304.3  304.6  305.8  308  311.9  317.6  322.5  324.9  325.6  325.5  325.4  325.1  324.6  324.5  324.3  323.8  
317  315.6  314.1  312.5  311  309.5  308.1  306.8  306.1  306.4  307.9  310.2  313.9  319.5  324.3  326.7  327.5  327.5  327.3  327.5  327.5  326.9  326.1  325.3  
316.9  315.3  313.7  312  310.3  308.6  307  305.5  304.6  304.8  306  308.3  312.1  317.8  322.7  325.1  325.8  325.7  325.8  325.7  325.3  325.4  325.3  325  
317  315.6  314.1  312.5  311  309.5  308.1  306.8  306.1  306.4  307.8  310.2  313.9  319.5  324.3  326.7  327.5  327.5  327.3  327.5  327.5  326.9  326.1  325.3  
317  315.5  314  312.5  310.9  309.4  308  306.7  305.9  306.2  307.6  309.9  313.7  319.3  324  326.5  327.3  327.3  327.1  327.1  327.1  326.6  325.7  325.2  
316.9  315.3  313.7  312  310.3  308.6  307  305.5  304.6  304.8  306  308.3  312.1  317.8  322.7  325.1  325.8  325.7  325.8  325.7  325.3  325.4  325.3  325  
316.9  315.3  313.7  311.9  310.2  308.4  306.8  305.2  304.3  304.5  305.7  307.9  311.8  317.5  322.4  324.9  325.5  325.4  325.1  324.7  324.2  324.2  324.2  324  
