316.9  315.2  313.5  311.7  310  308.2  306.5  304.9  303.9  304  305.2  307.4  311.2  317  321.9  324.4  325  324.8  324.4  324  323.9  324  324  324  
316.9  315.4  313.7  312  310.3  308.6  307  305.5  304.6  304.8  306.1  308.4  312.2  317.9  322.8  325.3  326  325.9  325.7  325.6  326  326  325.6  325.8  
316.9  315.3  313.6  311.9  310.1  308.4  306.7  305.2  304.3  304.5  305.7  307.9  311.8  317.6  322.5  324.9  325.6  325.5  325.2  325.1  325  324.6  324.3  324.1  
317  315.4  313.8  312.2  310.5  308.9  307.3  305.9  305.1  305.3  306.7  308.9  312.7  318.4  323.3  325.8  326.5  326.4  326.2  326.1  326.5  326.4  326.2  326.5  
316.9  315.1  313.3  311.4  309.6  307.7  305.9  304.1  303  303  304.1  306.2  310.1  316  320.9  323.3  323.9  323.7  323.5  323.2  323.1  323.1  322.3  321.2  
316.9  315.3  313.6  311.9  310.2  308.4  306.8  305.3  304.3  304.6  305.8  308.1  311.9  317.7  322.5  325  325.7  325.6  325.3  325.2  325.1  324.5  324.2  324  
317  315.4  313.8  312.2  310.5  308.9  307.3  305.9  305  305.3  306.6  308.9  312.7  318.4  323.2  325.7  326.5  326.5  326.2  326  326.3  326.2  326  326.4  
316.9  315.1  313.4  311.5  309.7  307.8  306  304.3  303.2  303.2  304.3  306.4  310.3  316.2  321.1  323.5  324.1  324.1  324.1  323.8  323.6  323.4  323  322.3  
316.9  315.2  313.5  311.7  309.9  308.1  306.4  304.8  303.8  303.9  305.1  307.3  311.3  317  321.9  324.4  325  324.8  324.5  324.2  324.5  324.9  324.8  324.5  
316.9  315.4  313.8  312.1  310.4  308.7  307.1  305.6  304.8  305  306.3  308.5  312.4  318.1  323  325.4  326.2  326.1  325.9  325.8  326.2  326.1  325.9  326.2  
316.9  315.2  313.5  311.6  309.8  308  306.3  304.6  303.6  303.7  304.9  307  310.9  316.7  321.7  324.1  324.7  324.5  324.5  324.4  324.5  324.6  324.4  324  
316.9  315.2  313.5  311.7  309.9  308.1  306.3  304.7  303.7  303.7  304.9  307.1  310.9  316.8  321.7  324.1  324.7  324.5  324.3  324.1  323.6  323.3  323.3  322.9  
316.9  315.2  313.4  311.6  309.8  308  306.2  304.5  303.5  303.5  304.6  306.7  310.6  316.5  321.4  323.8  324.4  324.2  324  323.7  323.1  322.7  322.6  322  
317  315.5  313.9  312.3  310.6  309.1  307.5  306.1  305.4  305.7  307  309.3  313.1  318.8  323.6  326.1  326.8  326.7  326.5  326.4  326.8  326.7  326.2  326.4  
316.9  315.3  313.6  311.8  310  308.3  306.6  305  304  304.2  305.4  307.6  311.5  317.3  322.2  324.6  325.3  325.2  324.8  324.7  325  325.2  325.1  325  
316.9  315.3  313.7  312  310.2  308.5  306.9  305.4  304.5  304.7  306  308.2  312.1  317.8  322.7  325.2  325.9  325.8  325.5  325.4  325.8  325.7  325.4  325.5  
317  315.4  313.9  312.3  310.7  309.1  307.6  306.2  305.5  305.7  307.1  309.4  313.1  318.8  323.6  326.1  326.9  326.8  326.5  326.4  326.8  326.7  326.4  326.8  
316.9  315.3  313.6  311.8  310  308.3  306.6  305  304  304.2  305.4  307.6  311.5  317.3  322.2  324.6  325.3  325.1  324.8  324.6  324.8  324.9  324.8  324.8  
316.9  315.1  313.3  311.4  309.6  307.7  305.9  304.1  303  303  304.1  306.2  310.1  316  320.9  323.3  323.9  323.7  323.5  323.2  323.1  323.1  322.3  321.2  
316.9  315.2  313.5  311.6  309.8  308  306.2  304.5  303.5  303.5  304.6  306.7  310.6  316.5  321.4  323.8  324.4  324.2  324  323.7  323  322.6  322.4  322.2  
