317.4  317.7  319.5  322.6  325.6  327.7  328.7  328.8  328.5  328.4  328.7  328.3  327.5  326.7  326  325  
317.4  317.6  319.4  322.4  325.4  327.4  328.5  328.5  328.2  328.1  328.3  327.9  326.6  325.5  324.4  323.3  
317.4  317.8  319.6  322.7  325.8  327.9  329  329.1  328.8  328.7  329  328.8  328.4  327.9  327.3  326.6  
317.4  317.7  319.5  322.5  325.5  327.5  328.6  328.6  328.3  328.2  328.4  328  326.9  325.9  325  323.9  
317.4  317.8  319.7  322.8  325.9  328  329.1  329.2  329  328.8  329.1  329  328.5  327.9  327.5  326.9  
317.4  317.6  319.3  322.3  325.3  327.3  328.3  328.3  328  327.8  327.2  327  326.9  325.9  325.1  324.5  
317.3  317.5  319.2  322.2  325.2  327.1  328  328  327.3  326.8  326.1  325.9  326  325.1  324.2  323.5  
317.4  317.8  319.7  322.9  325.9  328  329.2  329.3  329.1  328.9  329.2  329.2  328.6  327.9  327.6  327.1  
317.3  317.5  319.1  322.1  325  326.9  327.8  327.8  327.6  327.5  327.5  327.2  326.8  326  325.3  324.7  
317.3  317.4  319.1  322  324.9  326.8  327.7  327.7  327.3  327.2  327.1  326.7  326.3  325.6  324.8  324.2  
317.4  317.8  319.6  322.7  325.7  327.8  328.8  328.9  328.7  328.5  328.7  328.6  328.2  327.6  327  326.2  
317.3  317.5  319.3  322.2  325.2  327.1  328.1  328.1  327.5  327.1  326.4  326.2  326.3  325.3  324.1  323  
317.5  318  320  323.2  326.3  328.5  329.7  329.9  329.7  329.4  329.5  329.4  329.3  329.1  328.9  328.5  
317.3  317.4  319  321.9  324.7  326.6  327.4  327.4  327  326.6  326.6  326.4  325.9  325.1  323.9  323  
317.5  318  320  323.1  326.3  328.4  329.6  329.8  329.6  329.3  329.5  329.3  329.2  329.1  328.8  328.4  
317.5  317.9  319.8  323  326.1  328.2  329.3  329.5  329.3  329.1  329.3  329.2  328.2  327.3  327.2  326.8  
317.3  317.4  319  321.9  324.7  326.6  327.4  327.4  326.9  326.4  326.4  326.1  325.6  324.8  323.7  322.9  
317.3  317.4  319  322  324.9  326.7  327.6  327.6  327.2  326.9  326.8  326.5  326.1  325.3  324.4  323.7  
317.5  317.9  319.8  323  326.1  328.2  329.3  329.5  329.3  329.1  329.3  329.2  328.2  327.3  327.2  326.8  
317.5  318  320  323.2  326.3  328.5  329.7  329.9  329.7  329.4  329.5  329.4  328.6  328.1  328  327.7  
