316.9  315.3  313.5  311.8  309.9  308.1  306.4  304.8  303.8  303.9  305.1  307.3  311.2  317  321.9  324.3  324.9  324.8  324.5  324.1  323.8  323.7  323.5  323.2  
316.9  315.3  313.6  311.8  310  308.2  306.5  305  304  304.1  305.3  307.5  311.4  317.2  322.1  324.5  325.1  325  324.7  324.4  324  323.8  323.6  323.2  
317  315.6  314.1  312.5  311  309.5  308.1  306.8  306  306.4  307.8  310.1  313.8  319.4  324.1  326.6  327.4  327.4  327.2  327.2  326.9  326.1  325.9  325.8  
317  315.5  314  312.4  310.8  309.3  307.9  306.5  305.7  306  307.4  309.6  313.4  319  323.8  326.3  327  327  326.8  326.8  326.7  326  325.7  325.4  
316.9  315.3  313.7  312  310.2  308.5  306.8  305.3  304.3  304.5  305.7  307.9  311.8  317.6  322.4  324.9  325.5  325.5  325.2  324.8  324.3  324.2  324  323.3  
316.9  315.4  313.8  312.1  310.3  308.6  307  305.5  304.6  304.8  306  308.3  312.1  317.8  322.7  325.1  325.8  325.8  325.7  325.7  325.5  324.9  324.6  324.4  
317  315.6  314.1  312.6  311.1  309.7  308.3  307.1  306.4  306.7  308.2  310.5  314.2  319.8  324.5  327  327.9  327.9  327.8  327.8  327.6  326.8  326.6  326.5  
317  315.4  313.9  312.2  310.5  308.9  307.3  305.8  305  305.2  306.5  308.7  312.5  318.2  323  325.5  326.2  326.2  326  326  325.8  325.4  325.3  324.8  
316.9  315.2  313.5  311.6  309.8  307.9  306.1  304.5  303.5  303.5  304.7  306.9  310.8  316.6  321.5  323.9  324.5  324.4  324  323.6  323.3  323.1  323.1  322.9  
317  315.6  314.2  312.7  311.2  309.8  308.6  307.3  306.7  307.1  308.5  310.9  314.7  320.2  324.9  327.5  328.3  328.3  328.1  327.9  327.5  326.8  326.6  326.4  
317  315.7  314.2  312.8  311.4  310.1  308.8  307.6  307  307.5  309  311.4  315.1  320.6  325.3  327.9  328.7  328.7  328.6  328.3  328.2  327.7  327.5  327.3  
317  315.6  314.2  312.7  311.2  309.8  308.5  307.3  306.6  307.1  308.5  310.9  314.6  320.2  324.9  327.4  328.2  328.2  328  327.8  327.5  326.8  326.6  326.5  
317  315.7  314.3  312.9  311.5  310.2  309  307.8  307.3  307.8  309.3  311.7  315.4  320.9  325.5  328.1  329  329  328.9  328.6  328.5  328.3  328.1  327.8  
317  315.6  314.1  312.6  311.1  309.7  308.3  307  306.3  306.7  308.1  310.5  314.2  319.8  324.5  327  327.8  327.8  327.6  327.5  327.2  326.4  326.2  326  
317  315.5  313.9  312.3  310.7  309.1  307.6  306.2  305.3  305.6  306.9  309.2  313  318.6  323.4  325.9  326.6  326.6  326.4  326.4  326.2  325.7  325.6  325.2  
316.9  315.3  313.7  311.9  310.2  308.4  306.7  305.2  304.2  304.3  305.6  307.8  311.7  317.5  322.3  324.8  325.4  325.4  325.1  324.7  324.2  324.1  323.8  323.2  
316.9  315.2  313.5  311.6  309.7  307.9  306.1  304.5  303.4  303.5  304.6  306.8  310.6  316.5  321.4  323.8  324.4  324.3  323.9  323.5  323.2  323  323.1  323.5  
317  315.7  314.3  312.9  311.5  310.2  308.9  307.8  307.2  307.7  309.2  311.6  315.4  320.8  325.5  328.1  329  329  328.8  328.6  328.5  328.2  328.1  327.8  
317  315.4  313.9  312.2  310.5  308.9  307.3  305.8  305  305.2  306.5  308.7  312.5  318.2  323  325.5  326.2  326.2  326  326  325.8  325.4  325.3  324.8  
317  315.5  313.9  312.3  310.7  309.1  307.6  306.2  305.3  305.6  306.9  309.2  313  318.6  323.4  325.9  326.6  326.6  326.4  326.4  326.2  325.7  325.6  325.2  
