317.4  317.7  319.5  322.5  325.5  327.5  328.6  328.6  328.5  328.1  327.3  326.6  326.1  325.8  325.5  325.3  
317.5  317.9  319.9  323  326.1  328.3  329.4  329.6  329.2  329.2  329  328.3  327.5  326.9  326.9  326.9  
317.3  317.5  319.2  322.1  325  326.9  327.8  327.8  327.8  327.8  327.6  327.8  327.2  326.1  325.8  326.1  
317.3  317.5  319.2  322.2  325.1  327  327.9  327.9  327.9  327.9  327.5  327  325.9  324.8  324.3  324.4  
317.4  317.6  319.3  322.3  325.3  327.3  328.3  328.3  328.3  328.2  327.5  326.8  326.1  325.3  324.8  324.6  
317.5  317.9  319.8  322.9  326  328.1  329.3  329.4  329.2  328.8  328.2  327.6  327.1  327.1  327.3  327.2  
317.4  317.8  319.6  322.6  325.7  327.7  328.8  328.9  328.8  328.5  328  327.5  327  326.9  327  327  
317.4  317.6  319.3  322.4  325.3  327.3  328.3  328.3  328.2  327.8  327.4  327.1  326.1  325  324  323.4  
317.4  317.7  319.5  322.5  325.5  327.5  328.6  328.6  328.4  327.9  327.5  327.2  326.2  325.2  324.3  323.8  
317.3  317.4  319.1  322  324.9  326.8  327.6  327.6  327.5  327.3  327.1  327.6  327.2  326  325.4  325.4  
317.3  317.3  318.9  321.8  324.6  326.4  327.2  327.1  327.2  327.1  326.7  326.3  325.2  324.3  324.1  323.5  
317.3  317.4  319  321.9  324.8  326.6  327.4  327.4  327.4  327.2  327.1  327.4  326.7  325.5  325.1  324.8  
317.4  317.8  319.7  322.8  325.8  327.9  329  329.1  328.9  328.4  327.7  327  326.7  326.8  327  327  
317.4  317.8  319.7  322.8  325.8  327.9  329  329.1  328.8  328.3  327.5  326.8  326.1  325.8  326  326  
317.4  317.7  319.6  322.6  325.6  327.7  328.7  328.8  328.7  328.4  327.7  327  326.8  327.1  327.4  327.6  
317.5  317.9  319.9  323.1  326.2  328.4  329.5  329.7  329.3  328.6  327.7  326.9  326.2  325.8  325.8  325.7  
317.6  318.4  320.6  324  327.3  329.7  330.9  331.3  331.1  330.6  330.2  329.8  329.6  329.2  328.9  328.6  
317.6  318.4  320.6  324  327.3  329.6  330.9  331.3  331.1  330.6  330.1  329.8  329.2  328.4  328.1  328.2  
317.5  318.1  320.2  323.4  326.7  328.9  330.1  330.4  330.1  329.6  329.3  328.9  328.3  327.7  327.4  327.3  
317.5  318.2  320.2  323.5  326.7  329  330.2  330.5  330.1  329.6  329.1  328.5  328  327.5  327.4  327.2  
