316.9  315.4  313.8  312.1  310.4  308.8  307.2  305.7  304.9  305.1  306.4  308.6  312.4  318.1  323  325.4  326.1  326  326.1  326.1  325.8  325.6  324.7  324  
317  315.6  314.1  312.6  311.1  309.6  308.2  306.9  306.1  306.5  308  310.3  314.1  319.7  324.4  326.9  327.7  327.7  327.7  327.5  327  326.8  326.7  326.4  
317  315.4  313.9  312.2  310.6  309  307.4  306  305.1  305.4  306.7  308.9  312.8  318.4  323.2  325.7  326.4  326.3  326.4  326.4  326.1  325.8  325.5  325.3  
317  315.7  314.3  312.8  311.4  310  308.6  307.4  306.8  307.2  308.7  311.1  314.9  320.4  325  327.6  328.4  328.4  328.4  328.2  327.6  327.3  326.9  326.2  
317  315.5  314  312.5  310.9  309.4  307.9  306.5  305.8  306.1  307.5  309.8  313.6  319.2  323.9  326.4  327.2  327.2  327.2  327.1  326.5  326.1  325.7  325.2  
316.9  315.3  313.7  311.9  310.2  308.5  306.9  305.4  304.5  304.6  305.9  308.1  311.9  317.7  322.5  324.9  325.6  325.5  325.6  325.6  325  324.6  324.4  324.1  
317  315.6  314.1  312.6  311.1  309.6  308.1  306.8  306.1  306.4  307.8  310.2  313.9  319.5  324.2  326.7  327.5  327.5  327.5  327.3  326.8  326.4  326.2  325.8  
317  315.6  314.2  312.7  311.3  309.8  308.4  307.1  306.4  306.8  308.3  310.7  314.4  320  324.7  327.2  328  328  328  327.8  327.3  326.9  326.8  326.4  
316.9  315.3  313.7  312  310.3  308.7  307  305.5  304.6  304.8  306.1  308.3  312.1  317.8  322.7  325.1  325.8  325.7  325.8  325.8  325.4  324.9  324.6  324.4  
317  315.5  313.9  312.3  310.7  309.2  307.7  306.3  305.4  305.7  307.1  309.4  313.2  318.8  323.6  326.1  326.8  326.7  326.8  326.8  326.8  326.7  326.1  325.3  
316.9  315.1  313.4  311.5  309.6  307.7  305.9  304.2  303.1  303.1  304.2  306.3  310.2  316.1  321.1  323.5  324.1  323.9  324  323.9  323.1  322.2  321.9  322  
316.9  315.1  313.4  311.5  309.6  307.7  305.9  304.3  303.2  303.2  304.3  306.5  310.3  316.2  321.2  323.6  324.2  324  324.2  324.1  323.3  322.4  322.1  322.1  
316.9  315.2  313.5  311.7  309.9  308.1  306.4  304.7  303.8  303.9  305  307.2  311  316.8  321.7  324.2  324.8  324.6  324.6  324.3  323.7  323.1  322.7  322.6  
316.9  315.2  313.5  311.7  309.8  308  306.3  304.7  303.7  303.7  304.9  307  310.9  316.7  321.6  324.1  324.7  324.5  324.4  324  323.4  322.8  322.6  322.4  
316.9  315.3  313.6  311.8  310.1  308.3  306.6  305.1  304.1  304.2  305.4  307.6  311.5  317.2  322.1  324.6  325.2  325  325.1  325  324.4  323.9  323.5  323.2  
317.1  315.7  314.3  312.9  311.4  310.1  308.7  307.5  306.9  307.4  308.9  311.3  315.1  320.5  325.2  327.8  328.6  328.6  328.6  328.4  327.8  327.5  327.3  326.8  
316.9  315.3  313.6  311.8  310.1  308.3  306.6  305.1  304.1  304.2  305.4  307.6  311.5  317.2  322.1  324.6  325.2  325.1  325.1  325  324.4  323.9  323.5  323.2  
317  315.5  313.9  312.3  310.8  309.2  307.7  306.3  305.5  305.8  307.1  309.4  313.2  318.8  323.6  326.1  326.8  326.8  326.7  326.7  326.7  326.5  326.5  326.2  
317  315.6  314.2  312.8  311.3  309.9  308.5  307.2  306.6  307  308.4  310.8  314.5  320.1  324.8  327.3  328.1  328.1  328.1  327.9  327.3  326.8  326.7  326.2  
317  315.5  314  312.5  310.9  309.4  307.9  306.6  305.8  306.1  307.5  309.8  313.6  319.2  323.9  326.4  327.2  327.2  327.2  327  326.4  326  325.6  325.1  
