316.9  315.3  313.6  311.9  310.1  308.4  306.7  305.2  304.2  304.3  305.6  307.8  311.7  317.5  322.3  324.8  325.4  325.4  325.1  325  325.1  324.9  324.5  323.9  
317  315.5  314  312.5  311  309.5  308  306.7  306  306.4  307.9  310.2  314  319.6  324.3  326.8  327.6  327.6  327.5  327.4  327.1  326.8  326.4  325.8  
316.9  315.4  313.7  312  310.3  308.6  307  305.5  304.6  304.8  306  308.3  312.1  317.9  322.7  325.1  325.8  325.8  325.6  325.5  325.5  325.3  325.1  324.4  
317  315.5  313.9  312.3  310.7  309.2  307.7  306.3  305.5  305.8  307.2  309.5  313.3  318.9  323.7  326.2  326.9  326.9  326.8  326.7  326.4  326.1  325.6  324.9  
317  315.5  314  312.4  310.8  309.3  307.8  306.5  305.7  306.1  307.5  309.8  313.6  319.2  324  326.4  327.2  327.2  327.1  326.9  326.6  326.3  325.8  325.1  
317  315.4  313.8  312.1  310.4  308.7  307.1  305.6  304.7  305  306.2  308.5  312.4  318.1  322.9  325.3  326  326  325.8  325.8  325.7  325.6  325.4  324.6  
316.9  315.3  313.6  311.8  310  308.3  306.6  305  304  304.1  305.3  307.5  311.4  317.2  322.1  324.5  325.1  325  324.7  324.6  324.6  324.5  324.2  323.6  
317  315.5  313.9  312.3  310.6  309  307.5  306  305.2  305.5  306.8  309.2  313  318.7  323.4  325.9  326.6  326.6  326.5  326.6  326.6  326.1  325.7  325  
316.9  315.2  313.5  311.8  310  308.2  306.5  304.8  303.8  303.9  305.1  307.3  311.1  317  321.9  324.3  324.9  324.8  324.5  324.3  324.4  324.4  324.6  324.3  
317  315.4  313.8  312.2  310.5  308.9  307.3  305.9  305  305.2  306.6  308.8  312.7  318.4  323.2  325.6  326.3  326.3  326.1  326.2  326.1  325.8  325.6  324.7  
316.9  315.2  313.5  311.7  309.8  308  306.2  304.6  303.6  303.7  304.8  306.9  310.8  316.7  321.6  324.1  324.7  324.6  324.3  324.1  324.1  324.2  324.5  324.2  
317  315.6  314.1  312.6  311.1  309.6  308.2  306.9  306.2  306.7  308.2  310.5  314.3  319.9  324.6  327.1  327.9  327.9  327.8  327.6  327.3  327  326.5  326  
317.1  315.7  314.3  313  311.7  310.4  309.2  308.1  307.6  308.2  309.8  312.1  315.8  321.3  326.1  328.7  329.7  329.7  329.7  329.4  329.1  329.2  329.2  328.8  
317.1  315.7  314.3  313  311.6  310.3  309.1  308  307.5  308.1  309.7  312  315.7  321.2  326  328.6  329.6  329.6  329.6  329.4  329  329.2  329.1  328.7  
317  315.6  314.1  312.7  311.2  309.7  308.4  307.1  306.5  307  308.5  310.9  314.6  320.2  324.9  327.5  328.3  328.3  328.2  327.9  327.5  327.7  327.5  326.8  
317  315.6  314.2  312.7  311.3  309.9  308.5  307.3  306.7  307.2  308.8  311.1  314.9  320.4  325.2  327.7  328.6  328.6  328.6  328.3  327.9  328.1  328  327.2  
317  315.6  314.2  312.8  311.4  310  308.8  307.6  307  307.6  309.2  311.5  315.2  320.8  325.5  328.1  329  329  328.9  328.6  328.3  328.3  328.1  327.5  
316.9  315.2  313.5  311.7  309.8  308  306.2  304.6  303.5  303.6  304.7  306.9  310.8  316.7  321.6  324  324.6  324.5  324.2  324  324  324.1  324.4  324.1  
316.9  315.3  313.6  311.9  310.1  308.4  306.7  305.2  304.2  304.3  305.6  307.8  311.7  317.5  322.3  324.8  325.4  325.4  325.1  325  325.1  324.9  324.5  323.9  
317  315.5  313.9  312.3  310.7  309.2  307.7  306.3  305.5  305.8  307.2  309.5  313.3  318.9  323.7  326.2  326.9  326.9  326.8  326.7  326.4  326.1  325.6  324.9  
