317.4  317.8  319.6  322.7  325.7  327.8  328.9  329  328.4  327.7  327.7  327.4  326.8  326.2  325.8  325.5  
317.4  317.8  319.6  322.6  325.7  327.7  328.8  328.9  328.3  327.5  327.3  327.3  327  326.4  325.9  325.4  
317.5  317.9  319.7  322.8  325.9  327.9  329  329.2  328.7  327.8  327.5  327.8  327.7  327.1  326.7  326  
317.5  318  319.9  323  326.2  328.3  329.5  329.7  329.2  328.4  328.1  328.1  327.9  327.5  327.1  326.7  
317.5  317.9  319.9  323  326.1  328.3  329.4  329.6  329.2  328.4  327.8  327.7  327.7  327.3  326.9  326.2  
317.4  317.8  319.7  322.8  325.9  327.9  329.1  329.2  329  328.3  327.6  327  326.4  325.7  325.1  324.3  
317.3  317.5  319.1  322.1  325  326.9  327.8  327.8  327.5  327.4  327.5  327  326.2  325.7  324.8  323.5  
317.5  317.9  319.8  322.9  326  328.1  329.2  329.4  329.1  328.4  327.7  327.4  327.1  326.5  326.1  325.4  
317.4  317.7  319.5  322.6  325.6  327.6  328.7  328.8  328.5  327.8  327.1  326.9  326.8  326.2  325.9  325.1  
317.3  317.5  319.2  322.2  325.1  327  328  328  327.8  327.8  327.9  327.5  326.4  325.6  324.6  323.2  
317.4  317.8  319.6  322.7  325.7  327.8  328.9  329  328.9  328.5  327.9  327.1  326.3  325.5  324.8  324.2  
317.3  317.4  319.1  322  324.9  326.8  327.7  327.7  327.4  327.2  327.2  326.8  326.2  325.9  325.1  323.8  
317.5  318  320  323.2  326.3  328.5  329.7  329.9  329.6  329  328.7  328.7  328.8  328.5  328.1  327.5  
317.4  317.7  319.5  322.5  325.4  327.4  328.5  328.5  328.2  328.1  328.1  328  327.5  326.7  325.7  324.7  
317.4  317.6  319.3  322.3  325.3  327.2  328.2  328.2  328  328  328.2  327.9  326.7  325.8  324.7  323.3  
317.3  317.5  319.2  322.2  325.1  327.1  328  328  327.7  327.8  328  327.5  326.5  325.6  324.6  323.2  
317.5  318  320  323.2  326.3  328.5  329.7  329.9  329.6  329.1  328.8  328.7  328.8  328.5  328.1  327.5  
317.4  317.7  319.5  322.5  325.5  327.4  328.5  328.5  328.2  328.1  328.1  328  327.5  326.8  325.8  324.5  
317.5  317.9  319.8  322.9  326  328.1  329.2  329.4  329.4  328.9  328.6  329.1  329.3  329  329.1  328.6  
317.4  317.6  319.3  322.3  325.3  327.2  328.2  328.2  328  328  328.2  327.9  326.8  325.8  324.7  323.4  
