317  315.5  314  312.4  310.8  309.3  307.8  306.5  305.7  306  307.4  309.7  313.5  319.2  323.9  326.4  327.2  327.2  327.2  327  326.5  326.6  326.5  326.3  
316.9  315.3  313.7  311.9  310.1  308.3  306.7  305.1  304.2  304.3  305.5  307.7  311.6  317.4  322.3  324.7  325.4  325.4  325.2  324.8  324.2  323.9  323.5  323.1  
316.9  315.3  313.7  311.9  310.2  308.4  306.7  305.2  304.2  304.3  305.6  307.8  311.7  317.5  322.4  324.8  325.5  325.5  325.3  324.9  324.3  324  323.6  323.2  
317  315.4  313.8  312.2  310.5  308.9  307.3  305.9  305  305.2  306.5  308.8  312.6  318.3  323.1  325.6  326.3  326.2  325.9  325.6  325.1  324.6  324  323.7  
317  315.4  313.8  312.2  310.6  308.9  307.4  305.9  305.1  305.3  306.6  308.9  312.7  318.4  323.2  325.7  326.4  326.3  326  325.5  324.9  324.6  323.9  323.5  
316.9  315.4  313.8  312.1  310.4  308.8  307.2  305.7  304.8  305  306.3  308.5  312.4  318.1  322.9  325.4  326.1  326  325.6  325.1  324.4  324.2  324  323.8  
316.9  315.3  313.7  312  310.2  308.5  306.9  305.3  304.4  304.7  305.9  308.1  311.9  317.7  322.6  325  325.7  325.7  325.4  325.1  324.9  324.9  324.5  323.9  
316.9  315.3  313.7  312  310.3  308.6  307  305.5  304.6  304.8  306  308.3  312.1  317.9  322.7  325.2  325.9  325.9  325.6  325.4  325  324.9  324.8  324.5  
317  315.6  314.1  312.6  311.2  309.8  308.5  307.2  306.6  307.1  308.5  310.8  314.6  320.1  324.9  327.4  328.2  328.2  328  327.6  327.2  327.1  327  326.5  
317  315.6  314.1  312.6  311.1  309.7  308.3  307  306.4  306.8  308.2  310.5  314.3  319.9  324.6  327.1  327.9  327.9  327.7  327.4  326.7  326.4  326.1  325.4  
317  315.5  314  312.5  310.9  309.5  308.1  306.7  306.1  306.5  307.8  310.2  313.9  319.5  324.3  326.8  327.5  327.5  327.3  326.9  326.4  326.2  326.1  325.6  
317  315.4  313.9  312.3  310.6  309  307.5  306.1  305.3  305.5  306.9  309.1  312.9  318.6  323.4  325.9  326.6  326.5  326.3  326.1  325.8  325.5  324.9  324.6  
317  315.5  313.9  312.3  310.7  309.2  307.7  306.4  305.6  306  307.3  309.6  313.4  319  323.8  326.3  327  327  326.9  326.5  326.2  326.5  326.4  326.2  
317  315.6  314.1  312.6  311.2  309.9  308.5  307.3  306.7  307.2  308.6  310.9  314.6  320.2  325  327.5  328.3  328.3  328.1  327.7  327.3  327.2  327.1  326.7  
317  315.4  313.9  312.3  310.6  309  307.5  306.1  305.4  305.7  307  309.3  313  318.7  323.5  326  326.7  326.7  326.5  326.1  325.9  326.4  326.1  325.6  
317  315.6  314.1  312.6  311.1  309.7  308.3  307  306.4  306.8  308.2  310.5  314.3  319.9  324.6  327.1  327.9  327.9  327.7  327.4  326.7  326.4  326.1  325.5  
316.9  315.2  313.5  311.7  309.9  308  306.3  304.7  303.8  303.9  305.1  307.3  311.1  316.9  321.8  324.3  324.9  324.9  324.7  324.2  324.2  324.5  323.9  323.4  
316.9  315.3  313.6  311.8  310  308.2  306.5  304.9  303.9  304  305.2  307.3  311.2  317  321.9  324.3  325  324.9  324.8  324.5  324.2  323.9  323.3  322.7  
316.9  315.4  313.8  312.1  310.4  308.7  307.1  305.6  304.8  305  306.3  308.5  312.3  318.1  322.9  325.4  326.1  326.1  325.9  325.9  325.7  325.3  324.8  324.4  
316.9  315.3  313.6  311.8  310  308.2  306.5  304.9  303.9  304.1  305.2  307.4  311.3  317.1  322  324.4  325.1  325.1  324.9  324.5  324.3  324.4  323.9  323.5  
