316.9  315.4  313.8  312.1  310.4  308.8  307.1  305.7  304.8  305.1  306.3  308.6  312.4  318.1  322.9  325.4  326.1  326.1  325.9  325.7  325.8  325.5  324.7  324.5  
317  315.6  314.1  312.6  311.1  309.6  308.2  306.9  306.2  306.7  308.2  310.5  314.2  319.8  324.6  327.1  327.9  327.9  327.8  327.4  327.2  327  326.2  326  
316.9  315.3  313.7  312.1  310.3  308.6  307  305.5  304.6  304.8  306.1  308.4  312.2  317.9  322.8  325.2  325.9  325.9  325.7  325.6  325.7  325.3  324.5  324.3  
317  315.4  313.9  312.3  310.7  309.2  307.7  306.3  305.5  305.8  307.2  309.4  313.2  318.9  323.6  326.1  326.9  326.9  326.7  326.3  326.5  326.5  326  325.1  
317  315.4  313.9  312.3  310.7  309.1  307.6  306.2  305.4  305.8  307.1  309.4  313.1  318.8  323.6  326  326.8  326.8  326.6  326.3  326.5  326.5  325.8  324.9  
316.9  315.4  313.8  312.2  310.5  308.9  307.3  305.8  305  305.2  306.6  308.8  312.6  318.3  323.1  325.6  326.3  326.3  326.1  325.8  325.8  325.5  324.7  324.2  
317  315.4  313.8  312.2  310.6  309  307.5  306  305.2  305.5  306.9  309.1  312.9  318.6  323.4  325.8  326.6  326.6  326.4  326  326.1  326  325.1  324.2  
317  315.5  314  312.5  310.9  309.4  307.9  306.6  305.8  306.2  307.7  310  313.7  319.3  324  326.5  327.3  327.3  327.2  326.9  327  327.2  327  326.8  
316.9  315.3  313.7  312  310.2  308.5  306.8  305.3  304.3  304.5  305.7  308  311.9  317.6  322.5  324.9  325.6  325.6  325.4  325.3  325.4  325.1  324.2  323.8  
317  315.6  314.1  312.6  311.1  309.6  308.2  306.9  306.2  306.6  308.1  310.4  314.2  319.8  324.5  327  327.8  327.8  327.7  327.4  327.2  327  326.3  326.1  
317  315.5  314  312.5  310.9  309.4  307.9  306.6  305.9  306.2  307.6  309.9  313.7  319.3  324  326.5  327.3  327.3  327.1  326.7  326.8  326.7  326.2  326.1  
316.9  315.3  313.7  312  310.3  308.6  306.9  305.4  304.5  304.7  306  308.3  312.1  317.8  322.7  325.1  325.8  325.8  325.6  325.5  325.6  325.2  324.4  324.2  
317  315.7  314.2  312.7  311.2  309.8  308.4  307.1  306.5  307  308.5  310.8  314.5  320.1  324.8  327.4  328.2  328.2  328.2  328  327.7  327.4  326.6  326.2  
317  315.5  314  312.4  310.8  309.3  307.8  306.4  305.6  305.9  307.3  309.6  313.4  319  323.8  326.2  327  327  326.8  326.5  326.6  326.9  326.7  326.2  
316.9  315.3  313.6  311.9  310.2  308.4  306.7  305.2  304.2  304.3  305.6  307.8  311.6  317.4  322.3  324.7  325.4  325.4  325.2  325.3  325.1  324.3  323.5  323.2  
317  315.5  314  312.5  311  309.5  308  306.7  306  306.4  307.9  310.2  313.9  319.5  324.3  326.8  327.5  327.5  327.5  327.3  327.3  327.4  327.1  327  
317  315.5  314  312.5  311  309.5  308  306.7  306  306.4  307.9  310.2  313.9  319.5  324.3  326.8  327.5  327.5  327.5  327.3  327.3  327.4  327.1  327  
317  315.5  314  312.4  310.8  309.3  307.8  306.4  305.6  305.9  307.4  309.6  313.4  319  323.8  326.2  327  327  326.8  326.5  326.7  326.9  326.8  326.3  
317  315.6  314.2  312.7  311.2  309.8  308.4  307.1  306.4  306.9  308.4  310.7  314.5  320.1  324.8  327.4  328.2  328.2  328.2  328  327.7  327.4  326.7  326.2  
317  315.4  313.8  312.2  310.6  309  307.4  306  305.2  305.5  306.8  309.1  312.8  318.5  323.3  325.8  326.5  326.5  326.3  326  325.8  325.5  324.8  323.9  
