316.9  315.3  313.6  311.9  310.1  308.4  306.7  305.1  304.2  304.3  305.6  307.8  311.6  317.4  322.3  324.7  325.4  325.3  325  324.4  323.7  323.4  322.8  322.4  
316.9  315.3  313.6  311.8  310  308.2  306.5  304.9  303.9  304.1  305.2  307.4  311.3  317.1  322  324.5  325.1  325  324.6  324.4  324.4  324.2  323.9  323.6  
316.9  315.3  313.6  311.9  310.1  308.3  306.6  305  304.1  304.2  305.5  307.6  311.5  317.3  322.2  324.7  325.3  325.2  324.9  324.4  323.9  323.6  323.1  322.7  
317  315.5  314  312.5  311  309.5  308.1  306.8  306.1  306.5  307.9  310.2  313.9  319.5  324.3  326.8  327.5  327.5  327.3  326.8  326.6  326.7  326.9  327.1  
317  315.6  314.1  312.6  311.2  309.7  308.4  307.1  306.4  306.8  308.3  310.6  314.3  319.9  324.6  327.1  327.9  327.9  327.6  327.7  327.9  327.5  326.8  326.2  
316.9  315.3  313.7  312  310.3  308.6  306.9  305.4  304.5  304.6  305.9  308.1  312  317.7  322.6  325  325.7  325.6  325.3  324.8  324  323.4  322.7  322.1  
317  315.6  314.2  312.7  311.3  309.9  308.6  307.3  306.7  307.2  308.6  310.9  314.6  320.2  324.9  327.4  328.2  328.2  328  328.1  328.2  327.8  327.2  326.8  
317  315.5  314  312.5  310.9  309.4  308  306.6  305.9  306.2  307.5  309.8  313.6  319.2  323.9  326.4  327.2  327.2  327  326.7  326.5  326.7  326.4  326.2  
317  315.4  313.9  312.3  310.7  309.1  307.5  306  305.2  305.5  306.8  309  312.8  318.5  323.3  325.8  326.5  326.5  326.4  326.3  326.2  325.9  325.3  324.9  
317  315.5  314  312.5  311  309.5  308  306.7  305.9  306.3  307.6  309.9  313.7  319.3  324  326.5  327.3  327.3  327.1  326.8  326.6  326.7  326.5  326.3  
317  315.4  313.9  312.3  310.7  309.2  307.7  306.3  305.4  305.7  307.1  309.4  313.1  318.8  323.6  326.1  326.8  326.8  326.6  326.4  326.2  326.1  325.8  325.5  
316.9  315.4  313.7  312  310.2  308.4  306.6  305  304  304.1  305.3  307.5  311.3  317.1  322  324.4  325.1  325  324.6  324.6  324.8  324.7  324  323.3  
316.9  315.4  313.8  312.2  310.5  308.8  307.2  305.7  304.8  305.1  306.3  308.6  312.4  318.1  322.9  325.4  326.1  326  325.8  325.3  324.7  324.2  323.6  323.1  
317  315.6  314.2  312.8  311.3  310  308.7  307.5  306.9  307.4  308.8  311.1  314.8  320.4  325  327.6  328.4  328.4  328.2  328.3  328.4  328.1  327.5  327.1  
317  315.6  314.3  312.8  311.4  310.1  308.8  307.7  307.2  307.7  309.1  311.4  315.1  320.6  325.3  327.9  328.7  328.7  328.5  328.6  328.6  328.3  327.8  327.7  
316.9  315.3  313.5  311.7  309.9  308.1  306.4  304.7  303.7  303.8  305  307.2  311.1  316.9  321.8  324.2  324.9  324.8  324.6  324.6  324.6  324.6  324.4  324.2  
316.9  315.4  313.8  312.2  310.6  309  307.4  305.9  305.1  305.3  306.7  308.9  312.7  318.4  323.2  325.7  326.4  326.4  326.3  326.2  326  325.5  324.7  324.3  
317  315.4  313.9  312.3  310.7  309.2  307.7  306.3  305.5  305.7  307.1  309.4  313.2  318.8  323.6  326.1  326.8  326.8  326.6  326.4  326.2  326.2  325.8  325.6  
316.9  315.4  313.8  312.2  310.5  308.8  307.2  305.7  304.8  305.1  306.4  308.6  312.4  318.1  323  325.4  326.1  326  325.8  325.4  324.7  324.2  323.6  323.2  
316.9  315.3  313.7  312  310.3  308.6  306.9  305.4  304.5  304.6  305.9  308.1  312  317.7  322.6  325  325.7  325.6  325.3  324.8  324  323.4  322.7  322.1  
