317  315.4  313.8  312.1  310.5  308.8  307.2  305.7  304.9  305.1  306.4  308.7  312.5  318.2  323  325.5  326.2  326.2  326.1  326  325.7  325.4  325.3  325.1  
317  315.5  314  312.5  310.9  309.4  307.9  306.6  305.9  306.2  307.6  309.9  313.7  319.3  324.1  326.6  327.3  327.3  327  326.5  326.5  327  327.1  327  
317  315.6  314.1  312.6  311  309.5  308.1  306.8  306.1  306.4  307.8  310.2  313.9  319.5  324.3  326.8  327.5  327.5  327.2  326.7  326.8  327.2  327.2  327.3  
317  315.4  313.9  312.3  310.7  309.1  307.6  306.2  305.4  305.7  307  309.4  313.2  318.8  323.6  326.1  326.8  326.8  326.6  326.3  325.8  325.6  325.7  325.7  
317  315.6  314  312.5  310.9  309.3  307.9  306.5  305.8  306.1  307.5  309.8  313.6  319.2  324  326.5  327.2  327.2  326.9  326.4  326  326.1  326.2  325.9  
317  315.4  313.9  312.3  310.7  309  307.5  306.1  305.3  305.6  306.9  309.2  313.1  318.7  323.5  326  326.7  326.7  326.5  326.2  326.2  326.4  326.5  326.4  
316.9  315.3  313.7  311.9  310.1  308.4  306.7  305.1  304.1  304.2  305.4  307.6  311.5  317.3  322.1  324.6  325.2  325.1  325  324.6  324  323.5  323.4  323.3  
317  315.5  313.9  312.4  310.8  309.2  307.7  306.3  305.6  305.9  307.3  309.6  313.4  319  323.8  326.3  327  327  326.7  326.3  325.9  325.9  326.1  326.1  
317  315.4  313.8  312.1  310.4  308.8  307.1  305.6  304.7  304.9  306.2  308.5  312.3  318  322.8  325.3  326  325.9  325.9  325.6  325.3  325.1  325.2  325  
317  315.4  313.8  312.1  310.3  308.6  307  305.4  304.5  304.7  306  308.2  312  317.8  322.6  325  325.7  325.6  325.6  325.3  325  324.9  324.2  323.3  
316.9  315.2  313.5  311.7  309.9  308.1  306.3  304.7  303.6  303.7  304.9  307  310.9  316.7  321.7  324.1  324.7  324.6  324.5  324.1  323.4  322.8  322.5  322.6  
316.9  315.3  313.5  311.7  309.9  308.1  306.4  304.7  303.7  303.8  305  307.1  311  316.8  321.7  324.2  324.8  324.7  324.6  324.2  323.4  322.8  322.5  322.6  
316.9  315.3  313.6  311.8  310  308.2  306.4  304.8  303.8  303.9  305.1  307.2  311.1  316.9  321.8  324.3  324.9  324.8  324.7  324.4  323.8  323.2  322.9  323  
317  315.4  313.9  312.3  310.6  309  307.4  306  305.2  305.4  306.7  309  312.8  318.5  323.3  325.8  326.5  326.4  326.3  326  325.5  325.2  325.1  325  
317  315.4  313.8  312.2  310.5  308.9  307.3  305.9  305  305.3  306.6  308.9  312.7  318.4  323.2  325.7  326.4  326.4  326.2  326.1  325.8  325.5  325.5  325.3  
316.9  315.3  313.7  312  310.2  308.5  306.8  305.2  304.3  304.3  305.6  307.8  311.7  317.5  322.3  324.8  325.4  325.3  325.1  324.7  324.4  324.3  324.1  323.7  
316.9  315.2  313.4  311.5  309.6  307.8  306  304.2  303.2  303.2  304.3  306.4  310.3  316.2  321.2  323.6  324.2  324.1  324  323.5  322.7  322  321.6  321.6  
316.9  315.2  313.4  311.6  309.7  307.8  306  304.3  303.2  303.3  304.5  306.5  310.4  316.3  321.3  323.7  324.3  324.2  324.1  323.8  323.1  322.3  322  322.1  
316.9  315.2  313.4  311.6  309.7  307.9  306.1  304.3  303.3  303.4  304.5  306.6  310.5  316.4  321.3  323.8  324.4  324.3  324.2  323.8  323  322.2  321.8  322  
317  315.6  314.1  312.6  311  309.6  308.1  306.8  306.1  306.5  307.9  310.2  314  319.6  324.3  326.8  327.6  327.6  327.3  326.8  326.8  326.9  327  327.2  
