317.5  317.8  319.7  322.8  325.9  328  329.1  329.2  328.7  328.5  328.4  328.2  328.6  328.1  326.8  325.3  
317.5  317.9  319.9  323  326.1  328.2  329.3  329.5  329.1  328.7  328.4  327.7  327.5  327.3  326.1  324.9  
317.4  317.8  319.7  322.7  325.8  327.8  328.9  329  328.5  328.1  327.8  327  326.9  326.5  325.1  323.7  
317.4  317.7  319.5  322.5  325.5  327.5  328.6  328.6  328  327.6  327.3  326.5  326.3  326  324.7  323.2  
317.5  318  320  323.1  326.2  328.4  329.5  329.7  329.3  328.7  328.2  327.9  328  327.4  326.2  325.1  
317.3  317.5  319.3  322.2  325.2  327.1  328  328  327.3  326.8  326.2  325.5  325.3  325.1  324.2  322.6  
317.3  317.4  319  321.9  324.7  326.6  327.4  327.4  326.9  326.4  326  325.7  325.5  325.4  324.9  323.8  
317.3  317.4  319.1  322  324.9  326.7  327.6  327.6  327.3  326.7  326.4  326.4  326.2  325.9  325.1  324  
317.3  317.3  318.9  321.7  324.6  326.4  327.2  327.1  326.8  326.1  325.7  325.7  325.5  325.4  324.9  323.9  
317.4  317.6  319.3  322.3  325.3  327.2  328.2  328.2  327.8  327.3  326.6  326  325.9  325.4  324.1  322.7  
317.2  317.1  318.5  321.3  324.1  325.8  326.5  326.3  325.9  325.3  325  325.2  325  324.8  324.6  324  
317.2  317.1  318.6  321.4  324.2  325.9  326.6  326.4  326.1  325.5  325.1  325.4  325.2  325.1  325  324.4  
317.2  317.2  318.8  321.6  324.5  326.2  327  326.9  326.5  326.2  326.3  326.5  326.3  326.2  325.7  324.6  
317.1  316.7  317.8  320.4  322.9  324.4  324.8  324.5  324.3  323.9  323.5  323.9  323  322.4  322.5  322.3  
317.1  316.8  318.1  320.7  323.3  324.8  325.3  325  324.7  324.3  324  324.4  323.9  323.4  323  321.9  
317.1  316.8  318.1  320.7  323.3  324.8  325.4  325  324.8  324.3  324  324.5  323.9  323.5  323.7  323.2  
317.1  316.6  317.7  320.2  322.6  324  324.4  324  324  323.7  323.4  323.3  322  321.4  321.4  321  
317.2  317  318.4  321.1  323.8  325.4  326  325.7  325.4  324.9  324.5  324.8  324.4  324.2  324.1  323.5  
317.5  318  320  323.2  326.3  328.5  329.7  329.9  329.5  329.1  328.7  328.3  328.2  327.6  326.5  325.5  
317.1  316.6  317.7  320.2  322.7  324.1  324.5  324.1  324  323.7  323.4  323.7  322.8  322  322  321.7  
