316.9  315.2  313.5  311.7  309.9  308.1  306.3  304.7  303.7  303.7  304.9  307.1  310.9  316.8  321.7  324.1  324.7  324.6  324.6  324.7  324.6  324.1  323.8  323.3  
316.9  315.4  313.7  312.1  310.4  308.7  307.1  305.6  304.7  304.9  306.2  308.5  312.3  318  322.8  325.3  326  326  326  326  325.8  325.3  324.6  324.4  
316.9  315.3  313.7  312  310.2  308.5  306.9  305.4  304.5  304.7  305.9  308.2  312  317.7  322.6  325  325.7  325.6  325.6  325.7  325.5  324.9  324.2  323.8  
317  315.4  313.8  312.2  310.6  308.9  307.4  306  305.2  305.4  306.8  309.1  312.8  318.5  323.3  325.8  326.6  326.6  326.6  326.6  326.5  326.2  326  326.3  
317  315.4  313.9  312.2  310.6  309  307.4  306.1  305.3  305.6  306.9  309.2  313  318.6  323.4  325.9  326.7  326.7  326.7  326.7  326.7  326.4  326.2  326.4  
316.9  315.3  313.6  311.9  310.1  308.4  306.7  305.3  304.3  304.5  305.7  307.9  311.8  317.5  322.4  324.8  325.5  325.4  325.4  325.5  325.5  324.8  324.4  324.2  
317  315.5  314.1  312.5  311  309.5  308.1  306.8  306.1  306.4  307.9  310.2  313.9  319.5  324.3  326.8  327.6  327.6  327.4  327.3  327.6  327.5  326.7  326.1  
317  315.5  313.9  312.3  310.7  309.1  307.6  306.3  305.5  305.8  307.2  309.5  313.3  318.9  323.7  326.2  327  327  326.9  326.8  327  326.8  326.5  326.4  
317  315.5  314  312.4  310.8  309.3  307.8  306.5  305.8  306.1  307.5  309.8  313.6  319.2  324  326.5  327.3  327.2  327  326.9  327.1  327  326.6  326  
316.9  315.2  313.5  311.8  310  308.2  306.5  305  304  304.1  305.3  307.5  311.4  317.2  322  324.5  325.1  325  325  325.1  325  324.4  323.9  323.5  
317  315.6  314.1  312.6  311.1  309.6  308.2  307  306.3  306.7  308.2  310.5  314.2  319.8  324.6  327.1  327.9  327.9  327.7  327.5  327.5  327.3  327.3  327.4  
316.9  315.4  313.8  312.1  310.4  308.8  307.2  305.8  305  305.2  306.5  308.8  312.6  318.3  323.1  325.6  326.3  326.3  326.3  326.3  326.1  325.7  325.6  325.9  
316.9  315.2  313.4  311.6  309.8  308  306.2  304.6  303.6  303.6  304.8  307  310.8  316.7  321.6  324  324.6  324.5  324.5  324.6  324.5  323.9  323.8  323.8  
316.9  315.3  313.7  312  310.3  308.5  306.9  305.4  304.5  304.7  306  308.2  312.1  317.8  322.6  325.1  325.8  325.7  325.7  325.7  325.4  324.8  324.2  323.9  
317  315.5  314  312.5  310.9  309.4  308  306.7  306  306.4  307.8  310.1  313.9  319.5  324.2  326.8  327.5  327.5  327.3  327.3  327.5  327.4  326.7  326.1  
316.9  315.3  313.6  311.9  310.1  308.3  306.7  305.2  304.3  304.3  305.6  307.9  311.7  317.4  322.3  324.8  325.4  325.3  325.3  325.4  325.4  324.8  324.3  324.1  
317  315.6  314.1  312.6  311.1  309.7  308.3  307.1  306.4  306.8  308.2  310.5  314.3  319.9  324.6  327.2  328  328  327.8  327.7  327.7  327.5  327.2  327  
317  315.5  314  312.4  310.8  309.2  307.8  306.5  305.8  306.1  307.5  309.8  313.5  319.2  323.9  326.5  327.2  327.2  327  326.8  327  326.9  326.5  326  
316.9  315.2  313.5  311.7  309.9  308.1  306.4  304.8  303.9  304  305.2  307.4  311.2  317  321.9  324.4  325  324.9  324.9  325  325  324.4  324.2  324.4  
316.9  315.4  313.8  312.1  310.5  308.8  307.2  305.8  305  305.2  306.5  308.8  312.6  318.3  323.1  325.6  326.3  326.3  326.3  326.3  326  325.6  325.2  325.2  
