317.4  317.9  319.8  323  326  328.1  329.3  329.5  329.1  328.5  327.8  326.8  326.5  326.2  325.3  324.5  
317.5  318  319.9  323.1  326.2  328.3  329.4  329.6  329.2  328.6  327.9  327  326.6  326.1  324.9  323.6  
317.6  318.3  320.4  323.8  327.1  329.4  330.6  331  330.7  330.2  329.6  328.7  328.3  328  327.5  326.7  
317.6  318.3  320.5  323.8  327.2  329.5  330.7  331.1  330.8  330.3  329.7  328.9  328.3  328  327.5  326.8  
317.7  318.5  320.7  324.1  327.5  329.8  331.1  331.6  331.4  330.8  330.2  329.7  329.5  329  328.6  328.1  
317.5  318  320  323.2  326.3  328.5  329.7  329.9  329.6  329  328.3  327.4  327.1  326.6  325.9  325  
317.6  318.2  320.3  323.6  326.9  329.1  330.4  330.7  330.4  330  329.4  328.5  328.2  327.7  326.7  325.7  
317.6  318.2  320.3  323.6  326.8  329.1  330.3  330.7  330.4  330  329.4  328.5  328.1  327.5  326.8  325.9  
317.6  318.3  320.4  323.7  327  329.3  330.5  330.9  330.6  330.1  329.5  328.7  328.3  327.9  327.2  326.4  
317.5  318  320  323.1  326.2  328.4  329.5  329.7  329.3  328.7  328  327.1  326.9  326.4  325.2  323.9  
317.5  318.1  320.2  323.4  326.6  328.8  330  330.2  329.9  329.3  328.6  327.8  327.5  327.1  326  324.7  
317.5  318  320.1  323.3  326.4  328.6  329.8  330  329.6  329  328.3  327.5  326.9  326.4  325.4  324.1  
317.6  318.4  320.6  323.9  327.2  329.5  330.8  331.2  330.9  330.3  329.6  328.8  328.4  328.3  327.7  327.2  
317.6  318.4  320.6  324  327.3  329.7  330.9  331.4  331.1  330.6  330  329.2  328.6  328.1  327.5  326.9  
317.5  318.1  320.2  323.5  326.7  328.9  330.1  330.5  330.1  329.6  328.9  328.1  327.9  327.5  326.8  326  
317.6  318.4  320.6  324  327.3  329.7  330.9  331.3  331.1  330.6  330  329.2  328.5  328  327.5  326.8  
317.7  318.5  320.7  324.1  327.5  329.8  331.1  331.6  331.4  330.9  330.3  329.6  329.3  329  328.5  327.9  
317.5  317.9  319.8  323  326.1  328.2  329.3  329.4  329  328.4  327.7  326.7  326.4  325.9  324.6  323.2  
317.5  318.1  320.2  323.5  326.7  328.9  330.1  330.5  330.1  329.6  328.9  328.1  327.9  327.5  326.9  326  
317.5  318.1  320.2  323.4  326.6  328.8  330  330.2  329.9  329.3  328.6  327.8  327.5  327.2  326.1  324.9  
