317.7  316.7  316.4  316.8  317.4  318.2  319.6  321.4  323  324.2  325.2  326.1  326.7  326.8  326.7  326.3  326.3  326.4  
317.6  316.2  315.7  315.8  316.1  316.6  317.8  319.4  320.8  321.8  322.6  323.3  323.6  323.6  323.3  323  323.3  323.6  
317.6  316.4  315.9  316.1  316.5  317.1  318.3  320.1  321.4  322.5  323.4  324.1  324.5  324.5  324.3  324  324.2  324.2  
317.6  316.3  315.8  316.1  316.4  317  318.3  320  321.4  322.5  323.3  324  324.4  324.4  324.1  324  324.3  324.2  
317.7  316.7  316.4  316.9  317.5  318.3  319.7  321.6  323.1  324.4  325.4  326.3  326.9  327  326.9  326.6  326.7  326.9  
317.6  316.5  316.2  316.5  317  317.7  319  320.8  322.2  323.4  324.4  325.1  325.6  325.7  325.5  325.3  325.6  325.7  
317.6  316.3  315.7  315.9  316.2  316.7  318  319.7  321  322.1  322.9  323.6  323.9  323.9  323.6  323.4  323.8  323.8  
317.6  316.3  315.8  315.9  316.3  316.8  318  319.7  321.1  322.2  323  323.7  324  324  323.7  323.5  324  324  
317.6  316.5  316.1  316.5  316.9  317.6  319  320.7  322.2  323.3  324.3  325.1  325.5  325.6  325.5  325.3  325.4  325.4  
317.5  316.2  315.6  315.7  316  316.4  317.6  319.2  320.6  321.6  322.4  323  323.3  323.3  323  322.8  323  322.9  
317.7  316.6  316.3  316.6  317.1  317.8  319.2  321  322.5  323.7  324.7  325.5  326  326.1  326  325.7  325.8  325.8  
317.5  316.2  315.6  315.7  316  316.5  317.6  319.3  320.6  321.6  322.4  323.1  323.4  323.4  323.1  322.9  323.4  323.4  
317.7  316.6  316.3  316.7  317.2  318  319.4  321.2  322.7  323.9  324.9  325.8  326.3  326.4  326.3  326  326  325.9  
317.6  316.5  316  316.3  316.8  317.4  318.7  320.5  321.9  323  324  324.7  325.2  325.2  325  324.7  324.7  325.1  
317.6  316.4  315.9  316.2  316.6  317.2  318.5  320.2  321.6  322.8  323.6  324.4  324.8  324.8  324.6  324.4  324.6  324.6  
317.7  316.6  316.2  316.6  317.1  317.8  319.2  321  322.4  323.6  324.6  325.4  325.9  326  325.9  325.6  325.8  325.8  
317.6  316.5  316  316.3  316.8  317.4  318.7  320.5  321.9  323  324  324.7  325.2  325.2  325  324.7  324.7  325.1  
317.7  316.6  316.3  316.7  317.2  318  319.4  321.2  322.7  323.9  324.9  325.8  326.3  326.4  326.3  326  326  325.9  
317.6  316.4  315.9  316.2  316.6  317.2  318.5  320.2  321.6  322.8  323.6  324.4  324.8  324.8  324.6  324.4  324.6  324.6  
317.7  316.7  316.4  316.9  317.5  318.3  319.7  321.6  323.1  324.4  325.4  326.3  326.9  327  326.9  326.6  326.7  326.9  
