317.6  316.3  315.8  316  316.4  316.9  318.2  319.9  321.2  322.3  323.2  323.9  324.2  324.2  324.1  324.2  324.1  323.8  
317.7  316.6  316.2  316.6  317.1  317.8  319.2  321  322.4  323.6  324.6  325.4  325.9  326  326  325.7  325.1  324.5  
317.7  316.5  316.2  316.5  317  317.7  319  320.8  322.2  323.4  324.4  325.1  325.6  325.7  325.6  325.3  324.9  324.5  
317.7  316.7  316.4  316.8  317.4  318.2  319.6  321.4  322.9  324.1  325.2  326  326.6  326.7  326.7  326.3  325.9  325.8  
317.6  316.4  315.9  316.1  316.5  317.1  318.4  320.1  321.5  322.5  323.4  324.1  324.5  324.5  324.4  324.4  324.1  323.6  
317.7  316.7  316.4  316.9  317.5  318.3  319.7  321.5  323  324.3  325.3  326.2  326.8  326.9  326.9  326.6  326.1  325.9  
317.7  316.6  316.3  316.7  317.2  318  319.3  321.1  322.6  323.9  324.8  325.7  326.2  326.3  326.3  325.9  325.3  324.5  
317.6  316.5  316.1  316.4  316.9  317.5  318.9  320.6  322  323.2  324.1  324.9  325.4  325.4  325.3  325.1  324.7  324.3  
317.8  316.9  316.7  317.3  318  318.9  320.4  322.3  323.9  325.2  326.4  327.3  328  328.3  328.3  328.2  327.8  328  
317.6  316.3  315.8  315.9  316.3  316.8  318.1  319.7  321.1  322.2  323  323.7  324  324  323.8  324  323.9  323.6  
317.8  317  316.9  317.5  318.3  319.2  320.8  322.7  324.3  325.7  326.8  327.9  328.6  328.9  328.9  328.7  328.3  328.6  
317.8  317  316.9  317.5  318.3  319.3  320.9  322.8  324.4  325.8  327  328  328.8  329.1  329.1  329  328.6  328.9  
317.6  316.3  315.7  315.9  316.2  316.7  317.9  319.6  321  322  322.8  323.5  323.8  323.8  323.6  323.8  323.8  323.5  
317.7  316.8  316.6  317.1  317.8  318.6  320.1  322  323.5  324.8  325.9  326.9  327.5  327.7  327.7  327.5  327.1  327.2  
317.7  316.8  316.5  317  317.6  318.5  319.9  321.7  323.3  324.6  325.6  326.5  327.1  327.3  327.3  327  326.6  326.6  
317.6  316.4  316  316.2  316.7  317.3  318.6  320.3  321.7  322.8  323.7  324.5  324.9  324.9  324.8  324.8  324.4  323.9  
317.8  316.9  316.7  317.3  318  318.9  320.4  322.3  323.9  325.2  326.3  327.3  327.9  328.2  328.2  328.1  327.6  327.8  
317.7  316.8  316.6  317.1  317.8  318.6  320.1  322  323.6  324.8  325.9  326.9  327.5  327.7  327.7  327.5  327  327.1  
317.6  316.4  316  316.2  316.7  317.3  318.6  320.3  321.7  322.8  323.7  324.5  324.9  324.9  324.8  324.8  324.4  323.9  
317.7  316.7  316.5  317  317.6  318.5  319.9  321.7  323.3  324.5  325.6  326.5  327.1  327.3  327.3  327  326.6  326.7  
