317.6  316.4  315.9  316.1  316.5  317.1  318.4  320.1  321.5  322.6  323.5  324.2  324.6  324.6  324.4  324.2  323.9  324.3  
317.7  316.7  316.5  316.9  317.5  318.3  319.7  321.6  323.1  324.4  325.4  326.3  326.9  327  327  326.8  326.4  325.6  
317.6  316.2  315.7  315.8  316.2  316.7  317.9  319.6  320.9  322  322.8  323.5  323.8  323.8  323.5  323  322.5  322.8  
317.7  316.5  316.2  316.5  317  317.6  319  320.7  322.2  323.3  324.3  325.1  325.5  325.6  325.5  325.3  325  325.2  
317.6  316.4  315.9  316.2  316.6  317.2  318.5  320.3  321.6  322.8  323.7  324.4  324.8  324.8  324.6  324.3  324  324.2  
317.7  316.6  316.3  316.6  317.2  317.9  319.3  321.1  322.6  323.8  324.7  325.6  326.1  326.2  326.1  326  325.6  325.2  
317.6  316.4  316  316.3  316.8  317.4  318.7  320.4  321.8  323  323.9  324.6  325.1  325.1  325  324.7  324.4  324.6  
317.6  316.5  316.1  316.4  316.9  317.6  318.9  320.6  322.1  323.2  324.2  324.9  325.4  325.5  325.4  325.2  325  325.3  
317.6  316.3  315.7  315.9  316.3  316.8  318  319.7  321.1  322.2  323.1  323.7  324.1  324.1  323.8  323.6  323.4  323.9  
317.6  316.3  315.8  316  316.4  317  318.2  319.9  321.3  322.5  323.3  324  324.4  324.4  324.2  323.9  323.6  324  
317.7  316.7  316.4  316.8  317.4  318.1  319.5  321.3  322.8  324.1  325.1  325.9  326.5  326.6  326.6  326.5  326.2  325.8  
317.5  316.2  315.5  315.6  315.9  316.4  317.5  319.2  320.5  321.6  322.4  323  323.3  323.3  323  322.9  322.8  323.1  
317.5  316.2  315.6  315.7  316  316.5  317.7  319.3  320.7  321.7  322.5  323.2  323.5  323.5  323.2  322.8  322.4  322.7  
317.7  316.6  316.2  316.6  317.1  317.8  319.1  320.9  322.4  323.5  324.5  325.3  325.8  325.9  325.8  325.6  325.4  325.3  
317.7  316.8  316.6  317  317.7  318.4  319.9  321.7  323.3  324.6  325.6  326.5  327.1  327.3  327.3  327.1  326.8  326.4  
317.7  316.7  316.4  316.8  317.3  318.1  319.5  321.3  322.8  324  325  325.8  326.4  326.5  326.5  326.3  326  325.5  
317.7  316.8  316.6  317.1  317.7  318.5  319.9  321.8  323.3  324.6  325.7  326.6  327.2  327.4  327.4  327.2  327.2  327  
317.5  316.2  315.5  315.6  315.9  316.3  317.5  319.1  320.5  321.5  322.3  322.9  323.2  323.2  322.9  322.5  321.8  321.7  
317.7  316.7  316.5  316.9  317.5  318.3  319.7  321.5  323  324.3  325.3  326.2  326.8  326.9  326.9  326.6  326.3  326  
317.5  316.2  315.6  315.7  316  316.5  317.7  319.4  320.7  321.7  322.5  323.2  323.5  323.5  323.1  322.7  322.4  322.7  
