317  315.4  313.8  312.2  310.5  308.8  307.2  305.7  304.9  305.1  306.4  308.7  312.5  318.2  323.1  325.5  326.2  326.1  325.8  325.7  325.5  325.3  325  324.2  
317  315.4  313.8  312.2  310.6  308.9  307.4  305.9  305.1  305.4  306.7  309  312.8  318.4  323.2  325.7  326.4  326.3  326  326  325.8  325.1  324.6  324  
316.9  315.3  313.7  312  310.3  308.6  306.9  305.4  304.5  304.7  305.9  308.2  312  317.7  322.6  325  325.7  325.6  325.3  325.2  325.1  324.7  324  323  
317  315.4  313.8  312.2  310.5  308.8  307.2  305.7  304.9  305.1  306.4  308.7  312.5  318.2  323  325.5  326.2  326.1  325.8  325.8  325.6  325.3  325.1  324.4  
316.9  315.4  313.7  312.1  310.4  308.7  307  305.5  304.7  304.9  306.2  308.4  312.2  317.9  322.8  325.2  325.9  325.8  325.4  325.5  325.6  325.2  324.3  323.6  
317  315.4  313.8  312.2  310.5  308.9  307.3  305.8  305  305.3  306.6  308.8  312.7  318.3  323.1  325.6  326.3  326.2  325.9  325.9  325.7  325  324.3  323.5  
317  315.4  313.8  312.2  310.5  308.8  307.2  305.7  304.8  305.1  306.3  308.6  312.4  318.1  323  325.4  326.1  326.1  325.9  325.8  325.6  325.3  325.3  324.9  
317  315.5  314  312.4  310.8  309.2  307.7  306.3  305.6  305.9  307.3  309.6  313.3  319  323.8  326.3  327  327  326.7  326.2  325.5  325.3  325.6  325.7  
317  315.5  314  312.4  310.8  309.3  307.8  306.5  305.8  306.1  307.5  309.8  313.5  319.2  324  326.4  327.2  327.2  326.9  326.6  326.1  325.8  326  326.2  
317  315.5  313.9  312.3  310.6  309  307.5  306.1  305.2  305.5  306.8  309.1  312.9  318.6  323.4  325.9  326.6  326.5  326.3  326.2  326  325.8  326  325.7  
316.9  315.3  313.7  312.1  310.3  308.6  307  305.4  304.6  304.8  306.1  308.3  312.1  317.8  322.7  325.1  325.8  325.7  325.3  325.4  325.5  325  324.1  323.4  
317  315.5  313.9  312.3  310.7  309.1  307.6  306.2  305.4  305.7  307.1  309.4  313.1  318.8  323.6  326.1  326.8  326.8  326.6  326.5  326.2  326.1  326.5  326.5  
317  315.6  314.2  312.6  311.1  309.6  308.1  306.8  306.2  306.6  307.9  310.2  313.9  319.6  324.3  326.8  327.6  327.5  327.3  326.8  326.3  325.9  326.2  326.6  
316.9  315.3  313.7  312  310.2  308.5  306.8  305.3  304.3  304.5  305.7  307.9  311.8  317.5  322.4  324.9  325.5  325.4  325  325  324.9  324.3  323.5  322.4  
317  315.5  313.9  312.3  310.7  309.1  307.6  306.2  305.4  305.7  307  309.3  313.1  318.8  323.6  326.1  326.8  326.8  326.6  326.4  326.2  326  326.4  326.4  
317  315.4  313.9  312.2  310.6  309  307.4  306  305.2  305.4  306.8  309  312.8  318.5  323.3  325.8  326.5  326.4  326.3  326.4  326.1  326.1  326.4  326.1  
316.9  315.3  313.7  312  310.2  308.4  306.7  305.2  304.3  304.3  305.6  307.8  311.7  317.5  322.3  324.8  325.4  325.3  324.9  324.9  324.9  324.3  323.4  322.2  
317  315.6  314.2  312.7  311.1  309.6  308.2  306.9  306.2  306.6  308  310.3  314.1  319.7  324.5  327  327.8  327.7  327.4  326.9  326.3  326.1  326.3  326.7  
317  315.5  314  312.4  310.8  309.2  307.7  306.3  305.6  305.9  307.3  309.6  313.3  319  323.8  326.3  327  327  326.7  326.4  325.9  325.9  326.2  326.3  
316.9  315.3  313.7  312  310.2  308.5  306.8  305.3  304.3  304.5  305.7  307.9  311.8  317.5  322.4  324.9  325.5  325.4  325  325  324.9  324.3  323.5  322.4  
