316.9  315.3  313.6  311.8  310  308.2  306.5  305  304  304.1  305.3  307.5  311.4  317.2  322.1  324.6  325.2  325.1  324.9  325  324.6  324.2  324  323.7  
316.9  315.3  313.6  311.8  310  308.2  306.5  304.9  303.9  304  305.2  307.4  311.3  317.1  322  324.5  325.1  325  324.9  324.9  324.7  324.5  324.3  324  
317  315.4  313.9  312.3  310.6  309  307.5  306.1  305.2  305.5  306.9  309.2  313  318.7  323.4  325.9  326.6  326.5  326.4  326.4  326.6  326.6  326.5  326.3  
316.9  315.3  313.6  311.9  310.2  308.4  306.8  305.2  304.3  304.5  305.7  308  311.8  317.6  322.5  324.9  325.6  325.5  325.1  325.2  325.5  325.6  325.3  325.1  
317  315.5  313.9  312.3  310.7  309  307.5  306  305.2  305.4  306.7  309  312.8  318.5  323.3  325.8  326.5  326.4  326.5  326.3  325.9  325.9  326.1  326.2  
316.9  315.2  313.5  311.7  309.9  308  306.3  304.7  303.7  303.9  305.1  307.2  311.1  316.9  321.8  324.3  324.9  324.8  324.4  324.2  324.1  324  323.9  323.4  
316.9  315.3  313.6  311.8  310.1  308.3  306.7  305.1  304.2  304.3  305.6  307.8  311.6  317.4  322.3  324.7  325.4  325.3  325  324.9  325.2  324.9  324.3  324.2  
317  315.4  313.8  312.2  310.5  308.9  307.3  305.8  305  305.2  306.5  308.8  312.6  318.3  323.1  325.6  326.3  326.2  326.2  326.2  326.1  325.9  325.9  326.2  
316.9  315.2  313.5  311.7  309.9  308  306.2  304.6  303.5  303.6  304.8  306.9  310.7  316.5  321.5  323.9  324.5  324.3  324.2  324.1  323.8  323.3  322.9  322.2  
316.9  315.2  313.5  311.7  309.9  308.1  306.3  304.7  303.6  303.8  304.9  307.1  310.9  316.7  321.7  324.1  324.7  324.5  324.3  324  323.7  323.2  322.9  322.4  
316.9  315.4  313.7  312.1  310.4  308.7  307.1  305.6  304.8  305  306.3  308.6  312.4  318.1  323  325.4  326.1  326  326  326  326.1  325.8  325.6  326  
317  315.5  314  312.4  310.8  309.2  307.8  306.4  305.6  306  307.4  309.7  313.4  319.1  323.8  326.3  327.1  327.1  326.9  326.5  326.2  326.2  326.3  325.7  
317  315.5  314  312.5  310.9  309.3  307.9  306.5  305.8  306.2  307.6  309.9  313.6  319.2  324  326.5  327.2  327.2  327  326.6  326.3  326.3  326.3  325.7  
316.9  315.2  313.5  311.7  309.8  307.9  306.1  304.3  303.4  303.4  304.5  306.6  310.5  316.4  321.3  323.7  324.3  324.1  323.8  323.8  323.8  323.6  323.4  322.9  
316.9  315.3  313.7  312  310.3  308.6  306.9  305.4  304.5  304.7  306  308.2  312.1  317.8  322.7  325.1  325.8  325.7  325.6  325.6  325.8  325.7  325.4  325.5  
317  315.5  313.9  312.3  310.7  309.1  307.6  306.2  305.4  305.7  307.1  309.4  313.2  318.8  323.6  326.1  326.8  326.8  326.8  326.6  326.5  326.5  326.5  326.1  
316.9  315.2  313.5  311.6  309.8  307.9  306.2  304.6  303.5  303.6  304.8  306.9  310.8  316.7  321.6  324  324.6  324.4  323.9  323.7  323.8  323.9  323.9  323.4  
316.9  315.2  313.5  311.7  309.8  307.9  306.1  304.4  303.4  303.4  304.5  306.7  310.5  316.4  321.3  323.7  324.3  324.1  323.8  323.8  323.8  323.6  323.5  323.4  
316.9  315.3  313.7  312  310.3  308.6  306.9  305.4  304.5  304.7  306  308.2  312.1  317.8  322.7  325.1  325.8  325.7  325.6  325.6  325.8  325.7  325.4  325.5  
317  315.5  313.9  312.3  310.7  309.1  307.6  306.2  305.4  305.7  307.1  309.4  313.2  318.8  323.6  326.1  326.8  326.8  326.8  326.6  326.5  326.5  326.5  326.1  
