317  315.4  313.9  312.2  310.6  308.9  307.4  306  305.2  305.4  306.7  309  312.8  318.5  323.2  325.7  326.4  326.4  326.1  326.1  326.1  326.1  326.1  325.8  
316.9  315.4  313.7  312  310.3  308.6  306.9  305.4  304.5  304.7  305.9  308.2  312  317.7  322.6  325  325.7  325.7  325.4  325.2  324.8  324.6  324.8  324.4  
316.9  315.4  313.8  312.1  310.4  308.7  307.1  305.6  304.7  304.9  306.2  308.4  312.2  317.9  322.8  325.2  325.9  325.9  325.6  325.4  325.1  325  325.1  324.8  
316.9  315.3  313.6  311.9  310.1  308.4  306.7  305.2  304.2  304.3  305.6  307.8  311.7  317.4  322.3  324.8  325.4  325.3  325.2  325  324.7  324.4  324.4  324.3  
316.9  315.4  313.8  312.1  310.5  308.8  307.2  305.7  304.9  305.1  306.4  308.6  312.5  318.2  323  325.4  326.1  326.1  325.8  325.6  325.4  325.4  325.5  325.1  
316.9  315.2  313.5  311.7  309.9  308.1  306.4  304.7  303.7  303.8  305  307.1  311  316.9  321.8  324.2  324.8  324.7  324.5  324.2  323.8  323.6  323.7  323.9  
316.9  315.2  313.5  311.7  309.8  307.9  306.1  304.5  303.4  303.5  304.6  306.7  310.6  316.4  321.4  323.8  324.4  324.3  324.2  323.8  323  322.8  322.9  322.8  
317  315.6  314.2  312.7  311.2  309.8  308.4  307.1  306.5  306.9  308.3  310.6  314.3  319.9  324.8  327.3  328.2  328.2  328  327.7  327.4  326.8  326.6  326.4  
316.9  315.2  313.5  311.7  309.9  308.1  306.3  304.7  303.6  303.7  304.9  307  310.9  316.8  321.7  324.1  324.7  324.6  324.5  324.1  323.6  323.4  323.5  323.6  
317  315.6  314.1  312.7  311.2  309.7  308.3  307  306.4  306.7  308.2  310.5  314.2  319.9  324.7  327.2  328.1  328.1  327.8  327.5  327.2  326.6  326.4  326.2  
317  315.5  313.9  312.4  310.8  309.3  307.9  306.5  305.8  306.1  307.5  309.7  313.5  319.1  323.9  326.4  327.2  327.2  327  326.5  326  325.7  325.7  325.4  
317  315.5  314.1  312.6  311.1  309.6  308.1  306.8  306.2  306.5  307.9  310.1  313.9  319.5  324.3  326.9  327.7  327.7  327.5  327.2  327  326.3  326.1  326  
316.9  315.3  313.6  311.9  310.1  308.3  306.6  305  304  304.1  305.3  307.5  311.4  317.2  322.1  324.5  325.1  325  324.9  324.5  323.9  323.6  323.6  323.6  
317  315.5  313.9  312.3  310.7  309.1  307.6  306.2  305.4  305.7  307  309.3  313.1  318.7  323.5  326  326.8  326.8  326.5  326.7  326.8  326.7  326.7  326.4  
316.9  315.3  313.6  311.8  310  308.2  306.5  304.9  304  304.1  305.3  307.5  311.4  317.2  322.1  324.5  325.1  325  324.9  324.8  324.5  324.2  324.2  324.3  
316.9  315.2  313.4  311.6  309.7  307.8  306  304.3  303.2  303.3  304.3  306.5  310.4  316.3  321.2  323.6  324.2  324.1  324  323.6  323.1  322.9  322.8  322.7  
316.9  315.2  313.4  311.6  309.7  307.8  306  304.3  303.3  303.3  304.3  306.5  310.4  316.3  321.2  323.6  324.2  324.1  324  323.6  323  322.9  322.8  322.7  
317  315.5  313.9  312.4  310.8  309.3  307.8  306.4  305.7  306  307.3  309.6  313.4  319  323.8  326.3  327.1  327.1  326.8  326.5  326.1  325.9  325.8  325.4  
316.9  315.3  313.6  311.9  310.1  308.4  306.7  305.2  304.2  304.3  305.6  307.8  311.7  317.4  322.3  324.8  325.4  325.3  325.2  325  324.7  324.4  324.4  324.3  
317  315.5  314.1  312.6  311.1  309.6  308.2  306.9  306.2  306.5  307.9  310.2  314  319.5  324.3  326.9  327.7  327.7  327.5  327.3  327  326.7  326.7  326.5  
