317.4  317.6  319.3  322.3  325.3  327.3  328.3  328.3  328  327.8  327.9  328  327.9  327.5  326.4  325.8  
317.5  317.9  319.8  322.9  326  328.1  329.3  329.4  329.3  328.8  328.2  327.8  327.6  327  325.7  324.8  
317.4  317.7  319.6  322.6  325.7  327.7  328.7  328.8  328.6  328.6  328.7  328.3  327.9  327  325.7  325.2  
317.4  317.7  319.6  322.6  325.7  327.8  328.8  328.9  328.7  328.5  328.6  328.7  328.5  328.1  327  326.3  
317.3  317.5  319.2  322.2  325.2  327.1  328  328  327.7  327.3  327.2  327.1  327  326.6  325.5  324.7  
317.5  318  320  323.2  326.4  328.6  329.8  330  329.8  329.3  329.2  329.3  329.2  328.7  327.8  327.3  
317.5  317.9  319.9  323  326.2  328.3  329.5  329.7  329.4  329  328.9  328.6  328.2  328.3  328.3  328.3  
317.5  318.1  320.1  323.3  326.4  328.7  329.9  330.1  329.9  329.2  328.5  327.8  327.5  327.2  326.7  326.2  
317.4  317.8  319.7  322.8  325.9  328  329.1  329.2  329  329  329.1  328.8  328.6  328  326.8  325.9  
317.4  317.7  319.4  322.5  325.5  327.5  328.5  328.5  328.3  328.1  328.2  328  327.8  327.2  325.9  325.3  
317.6  318.3  320.5  323.8  327.2  329.6  330.9  331.3  331  330.4  329.8  329.2  329  328.8  328.4  328  
317.6  318.3  320.4  323.8  327.2  329.5  330.8  331.2  330.9  330.3  329.7  329.1  328.8  328.6  328.3  327.9  
317.6  318.2  320.2  323.5  326.8  329  330.3  330.6  330.3  329.8  329.4  329  328.6  328.4  328  327.6  
317.6  318.2  320.2  323.5  326.8  329.1  330.3  330.7  330.3  329.7  329.2  328.6  328.1  327.9  327.7  327.3  
317.6  318.4  320.6  324  327.4  329.8  331.2  331.6  331.4  330.9  330.3  330  330  329.7  329  328.7  
317.6  318.3  320.4  323.7  327  329.4  330.6  331  330.7  330.1  329.5  328.9  328.5  328.4  328.1  327.7  
317.5  318.1  320.1  323.3  326.5  328.7  330  330.2  330  329.3  328.6  328  327.5  327.3  326.9  326.4  
317.4  317.8  319.7  322.8  325.8  327.9  329  329.1  328.9  329  329  328.7  328.2  327.3  326  325.5  
317.6  318.2  320.3  323.7  327  329.3  330.5  330.9  330.6  330  329.3  328.5  328  327.8  327.6  327.2  
317.4  317.7  319.4  322.5  325.5  327.5  328.5  328.5  328.3  328.1  328.2  328  327.8  327.2  325.9  325.3  
