317  315.5  314  312.4  310.8  309.3  307.8  306.4  305.6  306  307.4  309.7  313.5  319.1  323.9  326.4  327.2  327.2  327  326.9  326.8  326.3  326  326.2  
316.9  315.3  313.6  311.9  310.1  308.3  306.6  305.1  304.1  304.3  305.5  307.7  311.6  317.3  322.2  324.7  325.3  325.3  325.3  325.3  325.2  325.3  325.1  324.7  
316.9  315.2  313.5  311.7  309.9  308.1  306.3  304.7  303.7  303.8  305  307.2  311.1  316.9  321.8  324.2  324.9  324.9  324.8  324.6  324.7  324.9  324.6  324  
316.9  315.3  313.5  311.7  309.9  308.1  306.3  304.7  303.7  303.7  304.9  307.1  311  316.8  321.8  324.2  324.8  324.7  324.6  324.3  324.3  324.7  324.3  324.1  
316.9  315.2  313.5  311.6  309.7  307.9  306  304.3  303.3  303.3  304.4  306.6  310.6  316.4  321.4  323.8  324.4  324.3  324.1  323.8  323.8  324.3  324  323.6  
316.9  315.3  313.6  311.8  310  308.2  306.5  304.9  304  304.1  305.3  307.5  311.4  317.1  322  324.5  325.1  325.1  325.1  325.1  325  325.1  325.1  324.7  
316.9  315.2  313.5  311.7  309.8  308  306.2  304.5  303.5  303.5  304.7  306.9  310.8  316.6  321.6  324  324.6  324.5  324.4  324.1  324.1  324.5  324.2  323.7  
316.9  315.4  313.9  312.2  310.6  308.9  307.4  305.9  305.1  305.4  306.7  309  312.8  318.5  323.3  325.8  326.5  326.5  326.3  326.2  325.8  325.1  324.5  324.1  
317  315.5  313.9  312.3  310.7  309.1  307.5  306.1  305.3  305.6  307  309.3  313.1  318.8  323.6  326.1  326.8  326.8  326.6  326.5  326.2  325.4  324.7  324.4  
316.9  315.2  313.3  311.4  309.5  307.6  305.6  303.9  302.7  302.6  303.7  305.9  309.8  315.7  320.7  323.1  323.7  323.5  323.3  322.9  322.8  323.4  323.3  322.1  
316.9  315.1  313.3  311.4  309.4  307.5  305.6  303.9  302.7  302.7  303.8  305.9  309.8  315.8  320.8  323.2  323.8  323.6  323.5  323  323  323.7  323.5  323.2  
316.9  315.2  313.4  311.5  309.6  307.7  305.9  304.2  303.1  303  304.2  306.3  310.2  316.1  321.1  323.5  324.1  324  323.8  323.5  323.4  324  323.7  322.7  
316.8  315  313.2  311.3  309.3  307.4  305.4  303.6  302.4  302.4  303.4  305.6  309.5  315.5  320.5  322.9  323.5  323.4  323.2  322.7  322.7  323.4  323.2  322.9  
316.9  315.3  313.7  312  310.2  308.5  306.9  305.3  304.4  304.6  305.9  308.2  312  317.7  322.6  325  325.7  325.7  325.6  325.5  325.5  325.6  325.3  324.8  
316.9  315.4  313.8  312.1  310.4  308.7  307.1  305.6  304.8  305  306.3  308.6  312.4  318.1  323  325.4  326.1  326.1  326  325.9  325.9  325.9  325.2  324.6  
317  315.4  313.9  312.3  310.6  309  307.5  306.1  305.3  305.6  306.9  309.2  313  318.7  323.5  326  326.7  326.7  326.6  326.4  326.2  325.5  324.9  324.7  
317  315.5  314  312.4  310.8  309.2  307.7  306.3  305.6  305.9  307.3  309.6  313.4  319.1  323.8  326.3  327.1  327.1  327  326.9  326.8  326.2  325.8  325.9  
316.9  315.3  313.7  312  310.2  308.5  306.9  305.3  304.4  304.6  305.9  308.1  312  317.7  322.6  325  325.7  325.7  325.6  325.5  325.5  325.6  325.2  324.8  
316.9  315.4  313.8  312.1  310.4  308.7  307.1  305.6  304.8  305  306.3  308.6  312.4  318.1  322.9  325.4  326.1  326.1  326  325.9  325.9  325.9  325.2  324.6  
316.9  315.2  313.4  311.5  309.6  307.7  305.9  304.2  303.1  303  304.2  306.3  310.2  316.1  321.1  323.5  324.1  324  323.8  323.5  323.5  324  323.7  322.7  
