317.3  317.4  319.1  322  324.9  326.8  327.7  327.7  327.4  327.1  327.1  327  326.4  325.6  325.2  324.5  
317.3  317.4  319  322  324.9  326.7  327.6  327.6  327.3  327  327.3  327.5  327.2  326.5  325.9  325.4  
317.1  316.9  318.3  321  323.6  325.2  325.8  325.7  325.1  324.6  324.7  325.3  325.6  325.2  324.7  324.7  
317.4  317.7  319.5  322.6  325.6  327.6  328.6  328.7  328.3  328.1  328  327.7  327.5  327.1  326.5  326.3  
317.5  318.1  320.1  323.3  326.5  328.7  329.9  330.2  330  329.8  329.5  329.3  329  328.3  328.1  328.4  
317.5  317.9  319.8  323  326.1  328.2  329.3  329.5  329.3  329.1  329  328.8  328.8  328.2  327.7  327.7  
317.5  317.9  319.9  323  326.1  328.3  329.4  329.6  329.4  329.2  328.9  328.6  328.3  327.5  327.2  327.3  
317.4  317.8  319.7  322.8  325.8  327.9  329  329.1  328.9  328.9  328.7  328.7  328.6  327.8  327.3  327.3  
317.2  317.3  318.8  321.7  324.5  326.2  327  327  326.4  326.1  326.5  326.6  326.4  326.1  326  326.1  
317.5  318.1  320.1  323.3  326.5  328.7  329.9  330.1  329.8  329.3  328.8  328.4  327.9  327  326.7  326.9  
317.4  317.6  319.3  322.3  325.3  327.2  328.2  328.2  327.8  327.7  327.7  327.3  327.2  326.9  325.7  324.9  
317.3  317.3  318.8  321.7  324.5  326.3  327.1  327.1  326.5  326.2  326.7  326.9  326.7  326.5  326.3  326.5  
317.3  317.5  319.3  322.3  325.2  327.2  328.1  328.1  327.7  327.6  327.6  327.4  327.2  326.9  325.7  324.9  
317.6  318.2  320.3  323.5  326.8  329.1  330.3  330.7  330.3  329.8  329  328.5  328  327.4  327.2  327.3  
317.2  317.1  318.6  321.4  324.2  325.9  326.6  326.6  325.9  325.5  325.7  325.6  325  324.6  324.5  324.4  
317.2  317  318.4  321.2  323.9  325.6  326.2  326.1  325.5  324.8  324.9  324.9  324.5  323.9  323.1  322.3  
317.1  316.9  318.3  321  323.6  325.2  325.8  325.7  325.1  324.6  324.8  325.3  325.5  325  324.5  324.6  
317.6  318.2  320.3  323.5  326.8  329.1  330.3  330.7  330.3  329.8  329  328.5  328  327.4  327.3  327.4  
317.2  317.1  318.6  321.4  324.2  325.9  326.6  326.6  325.9  325.4  325.5  325.4  324.8  324.4  324.2  324.2  
317.2  317  318.4  321.2  323.9  325.6  326.2  326.1  325.5  324.8  324.9  324.9  324.5  323.9  323.1  322.3  
