317.5  318.1  320.2  323.4  326.6  328.8  330  330.3  330  329.4  328.9  328.1  327.3  326.4  325.3  324.9  
317.5  318.1  320.1  323.3  326.5  328.7  329.9  330.1  330  329.6  329  328.7  328.3  327.4  326.3  325.4  
317.5  318  320  323.2  326.3  328.5  329.7  329.9  329.8  329.4  328.8  328.1  327.3  326.3  325.2  324.3  
317.6  318.3  320.4  323.7  327  329.2  330.5  330.9  330.5  330  329.3  328.9  328.4  328.1  327.9  327.5  
317.6  318.3  320.5  323.8  327.1  329.5  330.7  331.1  330.8  330.3  329.7  329.3  328.9  328.7  328.6  328.4  
317.6  318.2  320.3  323.6  326.8  329.1  330.3  330.6  330.3  329.7  329.1  328.6  328.6  329.1  328.9  328.7  
317.5  317.9  319.9  323  326.1  328.2  329.4  329.6  329.5  329.6  329.4  328.5  327.5  326.6  325.4  324.5  
317.5  317.9  319.7  322.9  325.9  328  329.2  329.3  329.2  329.3  329  328.3  327.6  326.7  325.4  324.5  
317.4  317.8  319.7  322.8  325.9  328  329.1  329.2  329.1  329.2  328.9  328.2  327.5  326.5  325.3  324.3  
317.5  318.2  320.2  323.4  326.7  328.9  330.1  330.4  330.1  329.5  328.9  328.2  327.9  327.8  327.1  326.7  
317.4  317.6  319.4  322.4  325.4  327.4  328.4  328.4  328.3  328.4  328.1  327.8  327.5  326.7  325.6  324.4  
317.4  317.7  319.5  322.5  325.5  327.5  328.5  328.6  328.5  328.6  328.3  327.9  327.5  326.8  325.6  324.5  
317.4  317.6  319.4  322.4  325.3  327.3  328.3  328.3  328.2  328.3  328  327.7  327.5  326.6  325.5  324.3  
317.4  317.7  319.5  322.6  325.6  327.6  328.7  328.8  328.7  328.7  328.4  327.8  327.2  326.4  325.1  324.1  
317.4  317.8  319.6  322.7  325.7  327.7  328.8  328.9  328.8  328.8  328.5  328  327.4  326.4  325.2  324.3  
317.4  317.8  319.6  322.7  325.8  327.8  328.9  329  328.9  328.9  328.6  328.1  327.5  326.6  325.4  324.1  
317.6  318.3  320.5  323.8  327.2  329.5  330.8  331.1  330.9  330.3  329.7  329.4  329.5  329.9  329.8  329.5  
317.4  317.6  319.3  322.3  325.2  327.1  328.1  328.1  328  328.1  327.8  327.5  327.5  326.7  325.7  324.5  
317.6  318.3  320.4  323.7  327  329.2  330.5  330.9  330.5  330  329.3  328.9  328.3  328  327.7  327.4  
317.5  317.9  319.9  323  326.1  328.3  329.4  329.6  329.4  329.4  329.3  328.9  328.6  327.8  326.6  325.7  
