318.1  318.9  320.1  321.4  322.4  322.9  322.9  322.7  322.4  322.5  323.2  324.3  325.1  325.2  
318  318.7  319.7  320.9  321.8  322.1  322  321.6  321.2  321.1  321.7  322.8  323.4  323.4  
318  318.8  319.9  321.2  322.2  322.5  322.5  322.2  321.9  321.9  322.6  323.7  324.4  324.4  
318  318.8  319.9  321.1  322.1  322.5  322.4  322.1  321.8  321.8  322.5  323.6  324.3  324.3  
318.1  319  320.2  321.6  322.7  323.2  323.2  323.1  322.8  323  323.7  324.9  325.8  325.9  
318.1  319.1  320.3  321.6  322.7  323.2  323.2  323  322.8  322.9  323.7  324.9  325.7  325.8  
318  318.8  319.8  321  322  322.4  322.3  322  321.6  321.6  322.2  323.3  324  324  
318.1  318.9  320  321.3  322.4  322.8  322.8  322.6  322.3  322.3  323  324.2  325  325  
318  318.8  319.8  321.1  322  322.4  322.3  322  321.6  321.6  322.3  323.4  324.1  324.1  
318  318.8  319.8  321  321.9  322.2  322.1  321.8  321.4  321.3  322  323  323.7  323.7  
318.2  319.2  320.4  321.8  323  323.5  323.6  323.5  323.3  323.5  324.3  325.5  326.4  326.6  
318.1  319  320.1  321.5  322.5  323  323  322.8  322.6  322.7  323.4  324.6  325.4  325.5  
318  318.7  319.7  320.9  321.8  322.1  322  321.6  321.1  321  321.6  322.7  323.3  323.3  
318.2  319.2  320.5  321.9  323.1  323.6  323.7  323.6  323.4  323.6  324.4  325.7  326.6  326.8  
318.1  318.9  320  321.3  322.3  322.7  322.6  322.4  322.1  322.1  322.8  323.9  324.7  324.7  
318.1  319.1  320.3  321.7  322.8  323.3  323.4  323.3  323  323.2  324  325.2  326.1  326.2  
318.1  318.9  320  321.3  322.3  322.7  322.7  322.4  322.1  322.1  322.8  323.9  324.7  324.7  
318.2  319.2  320.4  321.9  323  323.6  323.7  323.6  323.4  323.6  324.4  325.7  326.6  326.8  
318.1  319.1  320.3  321.7  322.8  323.3  323.4  323.3  323  323.2  324  325.2  326.1  326.2  
318  318.7  319.8  321  321.9  322.3  322.1  321.8  321.4  321.3  322  323  323.7  323.7  
