317  315.6  314.2  312.7  311.3  309.8  308.5  307.2  306.5  306.9  308.4  310.8  314.5  320.1  324.9  327.4  328.2  328.2  328.1  327.8  327.5  327.6  327.7  327.2  
317  315.6  314.2  312.7  311.2  309.7  308.3  307  306.3  306.7  308.1  310.5  314.2  319.9  324.6  327.1  327.9  327.9  327.8  327.5  327.1  327.2  327.4  327  
317  315.7  314.3  312.8  311.4  309.9  308.6  307.4  306.7  307.2  308.7  311  314.8  320.4  325.1  327.6  328.5  328.5  328.4  328.1  327.9  328  328  327.4  
317  315.6  314.1  312.6  311.1  309.5  308.1  306.9  306.1  306.4  307.8  310.2  313.9  319.6  324.3  326.9  327.6  327.6  327.5  327.3  327  326.8  326.5  325.9  
317  315.5  314  312.5  310.9  309.4  308  306.6  305.9  306.2  307.5  309.9  313.6  319.3  324.1  326.6  327.3  327.3  327.2  326.8  326.3  326.2  326.1  325.4  
316.9  315.3  313.8  312.1  310.4  308.8  307.2  305.7  304.8  305  306.3  308.6  312.4  318.1  323  325.4  326.1  326  325.8  325.7  325.4  325  324.6  323.9  
317  315.4  313.9  312.3  310.7  309.1  307.6  306.3  305.5  305.7  307.1  309.4  313.2  318.9  323.7  326.2  326.9  326.9  326.7  326.3  325.6  325.3  325.3  324.8  
317  315.4  313.8  312.2  310.5  308.9  307.3  305.9  305  305.3  306.6  308.9  312.7  318.4  323.2  325.7  326.4  326.3  326.1  325.8  325.2  324.9  324.8  324.8  
316.9  315.2  313.4  311.6  309.8  307.9  306.1  304.4  303.4  303.4  304.6  306.7  310.6  316.4  321.4  323.8  324.4  324.3  324.2  323.9  323.9  323.7  323.4  323  
317  315.4  313.9  312.3  310.7  309.1  307.6  306.2  305.4  305.7  307  309.3  313.1  318.8  323.6  326.1  326.8  326.8  326.6  326.2  325.6  325.2  325.2  325.1  
316.9  315.3  313.6  311.9  310.1  308.3  306.6  305.1  304.1  304.2  305.4  307.7  311.5  317.3  322.2  324.7  325.3  325.2  325  324.8  324.6  324.5  324.4  323.9  
316.9  315.2  313.4  311.6  309.7  307.8  306  304.3  303.3  303.3  304.5  306.6  310.5  316.4  321.4  323.8  324.4  324.3  324.1  323.8  323.8  323.8  323.8  323.4  
317  315.7  314.2  312.7  311.2  309.8  308.4  307.1  306.4  306.8  308.2  310.6  314.3  320  324.7  327.2  328  328  327.9  327.7  327.5  327.7  327.5  327  
317.1  315.8  314.4  312.9  311.5  310.1  308.8  307.6  307  307.5  309  311.4  315.2  320.7  325.4  328  328.8  328.8  328.7  328.6  328.7  328.8  328.4  327.6  
316.9  315.2  313.5  311.7  309.9  308  306.3  304.7  303.6  303.7  304.9  307.1  311  316.8  321.7  324.2  324.8  324.7  324.4  324  324  324.4  324.6  324.2  
316.9  315.3  313.7  312  310.3  308.6  306.9  305.4  304.5  304.6  305.9  308.1  312  317.7  322.6  325  325.7  325.6  325.4  324.9  324.8  325.3  325.6  325.3  
316.9  315.2  313.5  311.7  309.9  308  306.3  304.7  303.6  303.7  304.9  307.1  311  316.8  321.7  324.2  324.8  324.7  324.4  323.9  324  324.4  324.7  324.4  
316.9  315.3  313.6  311.9  310.1  308.3  306.6  305.1  304.1  304.2  305.5  307.7  311.5  317.3  322.2  324.7  325.3  325.2  325  324.7  324.8  325.1  325.3  324.9  
316.9  315.3  313.7  312  310.3  308.6  306.9  305.4  304.5  304.6  305.9  308.1  312  317.7  322.6  325  325.7  325.6  325.4  324.9  324.8  325.3  325.5  325.3  
317  315.4  313.8  312.2  310.5  308.9  307.3  305.9  305  305.3  306.6  308.9  312.7  318.4  323.2  325.7  326.4  326.3  326.1  325.8  325.2  324.9  324.8  324.8  
