317  315.5  313.9  312.3  310.6  309  307.5  306  305.2  305.5  306.8  309  312.9  318.5  323.3  325.8  326.5  326.5  326.3  325.8  325.2  324.7  324.7  324.9  
316.9  315.3  313.7  311.9  310.2  308.5  306.8  305.3  304.3  304.5  305.8  308  311.9  317.6  322.5  324.9  325.6  325.5  325.2  324.8  324.5  324.1  323.8  323.4  
316.9  315.4  313.7  312  310.2  308.5  306.9  305.3  304.3  304.6  305.9  308.1  311.9  317.7  322.5  324.9  325.6  325.6  325.4  325  324.4  323.9  323.1  322.3  
317  315.4  313.8  312.2  310.5  308.9  307.3  305.8  305  305.2  306.5  308.8  312.6  318.3  323.1  325.6  326.3  326.3  326.1  326.2  326.3  326  326  326.2  
316.9  315.2  313.5  311.7  309.9  308.1  306.4  304.8  303.8  304  305.2  307.4  311.3  317.1  322  324.4  325  324.9  324.7  324.1  323.9  324  323.2  322.2  
316.9  315.3  313.6  311.8  310  308.2  306.5  304.9  303.9  304  305.3  307.5  311.4  317.2  322.1  324.5  325.1  325  324.8  324.3  323.7  323.3  322.5  321.5  
316.9  315.3  313.6  311.9  310.1  308.3  306.6  305.1  304.1  304.2  305.5  307.7  311.6  317.4  322.2  324.6  325.3  325.3  325  324.4  323.7  323.2  322.4  321.5  
316.9  315.3  313.6  311.8  310.1  308.3  306.6  305  304.1  304.2  305.5  307.7  311.6  317.4  322.2  324.6  325.3  325.3  325  324.4  323.7  323.1  322.4  321.5  
317  315.4  313.8  312.1  310.3  308.6  307  305.5  304.6  304.8  306.1  308.3  312.1  317.9  322.7  325.1  325.8  325.7  325.6  325.2  325  324.7  324.6  324.5  
317  315.4  313.8  312.2  310.5  308.8  307.2  305.7  304.9  305.1  306.4  308.6  312.5  318.2  323  325.4  326.1  326.1  325.9  325.8  325.8  325.3  325.1  325.3  
317  315.5  314  312.3  310.7  309.1  307.6  306.2  305.4  305.7  307  309.3  313.1  318.7  323.5  326  326.7  326.7  326.5  326.1  325.6  325.4  325.4  325.6  
317  315.5  314  312.4  310.8  309.2  307.7  306.3  305.5  305.8  307.2  309.5  313.3  318.9  323.7  326.2  326.9  326.9  326.7  326.3  325.9  325.8  325.9  326  
317  315.4  313.8  312.1  310.3  308.6  307  305.5  304.6  304.8  306.1  308.3  312.1  317.9  322.7  325.1  325.8  325.7  325.6  325.2  325  324.7  324.6  324.5  
317  315.4  313.8  312.2  310.5  308.8  307.2  305.7  304.9  305.1  306.4  308.6  312.5  318.2  323  325.4  326.1  326.1  326  325.9  325.9  325.4  325.2  325.4  
317  315.5  313.9  312.3  310.7  309.1  307.6  306.1  305.3  305.6  307  309.3  313.1  318.7  323.5  326  326.7  326.7  326.5  326.4  326.3  326.2  326.2  326.4  
317  315.5  313.9  312.3  310.6  309  307.5  306  305.2  305.4  306.8  309  312.9  318.5  323.3  325.8  326.5  326.5  326.3  326.1  325.9  325.7  325.7  325.8  
317  315.5  314  312.3  310.7  309.2  307.7  306.3  305.5  305.8  307.2  309.5  313.3  318.9  323.7  326.2  326.9  326.9  326.7  326.7  326.6  326.7  326.8  326.9  
316.9  315.3  313.7  311.9  310.2  308.4  306.8  305.2  304.3  304.5  305.7  307.9  311.8  317.6  322.4  324.8  325.5  325.4  325.2  324.8  324.2  323.7  323  322.1  
317  315.4  313.8  312.2  310.5  308.9  307.3  305.8  305  305.2  306.5  308.8  312.6  318.3  323.1  325.6  326.3  326.3  326.1  326.2  326.3  326  326  326.2  
317  315.4  313.8  312.1  310.4  308.7  307.1  305.6  304.7  304.9  306.2  308.4  312.2  318  322.8  325.2  325.9  325.8  325.7  325.3  325.4  325.2  324.9  324.8  
