316.9  315.3  313.6  311.9  310.1  308.3  306.6  305.1  304.1  304.2  305.4  307.6  311.5  317.3  322.2  324.7  325.3  325.2  325.1  325  324.7  324.8  325.1  324.9  
317  315.6  314.1  312.6  311.1  309.6  308.2  306.9  306.2  306.6  308  310.4  314.1  319.7  324.4  327  327.8  327.8  327.6  327.3  326.8  326.7  326.9  326.9  
316.9  315.4  313.7  312.1  310.4  308.7  307.1  305.6  304.7  304.9  306.2  308.5  312.3  318  322.9  325.3  326  325.9  325.8  325.7  325.3  325.1  325.4  324.9  
317  315.5  313.9  312.4  310.8  309.2  307.8  306.4  305.6  305.9  307.3  309.6  313.4  319  323.8  326.2  327  327  326.8  326.9  326.8  326.5  326.2  325.8  
316.9  315.2  313.5  311.7  309.9  308  306.3  304.6  303.6  303.6  304.8  306.9  310.8  316.7  321.7  324.1  324.7  324.6  324.3  323.9  323.3  323  323.1  322.9  
316.9  315.2  313.5  311.8  310  308.2  306.4  304.8  303.8  303.9  305.1  307.3  311.1  317  321.9  324.4  325  324.9  324.9  324.8  324.3  324.1  324.4  324.2  
316.9  315.2  313.5  311.6  309.8  307.9  306.1  304.5  303.4  303.5  304.6  306.7  310.6  316.5  321.5  323.9  324.5  324.4  324  323.4  322.7  322.6  322.8  322.5  
317  315.4  313.9  312.3  310.7  309.1  307.6  306.2  305.4  305.6  307  309.3  313.1  318.7  323.5  326  326.7  326.7  326.5  326.5  326.3  326  325.9  325.6  
316.9  315.1  313.4  311.5  309.6  307.7  305.9  304.2  303.1  303.1  304.2  306.3  310.2  316.1  321.1  323.5  324.1  324  323.9  323.5  322.7  322.4  322.5  322.3  
317  315.5  314  312.5  310.9  309.4  307.9  306.6  305.9  306.2  307.6  309.9  313.7  319.3  324  326.5  327.3  327.3  327.2  326.8  326.2  325.8  325.6  325.1  
316.9  315.3  313.6  311.9  310.2  308.5  306.8  305.3  304.3  304.5  305.7  308  311.8  317.6  322.5  325  325.6  325.4  325.3  325.1  324.8  325  325.5  325.5  
316.9  315.3  313.7  312  310.4  308.7  307.1  305.6  304.7  304.9  306.2  308.4  312.3  318  322.9  325.3  326  325.9  325.7  325.6  325.2  325.3  325.7  325.8  
316.9  315.1  313.4  311.5  309.6  307.7  305.8  304.1  303  303  304.1  306.2  310.1  316  321  323.4  324  323.8  323.5  323.1  322.3  322  322.3  322.2  
317  315.4  313.8  312.2  310.6  308.9  307.4  305.9  305.1  305.3  306.6  308.9  312.8  318.4  323.2  325.7  326.4  326.4  326.2  326  325.7  325.4  325.5  325.4  
316.8  315.1  313.2  311.3  309.3  307.3  305.4  303.6  302.4  302.4  303.4  305.5  309.4  315.3  320.4  322.8  323.3  323  322.6  321.9  321.2  320.5  320  319.5  
316.9  315.1  313.3  311.3  309.3  307.4  305.5  303.7  302.5  302.5  303.5  305.6  309.5  315.4  320.5  322.9  323.4  323.1  322.7  322  321.5  321  320.6  320.3  
317  315.6  314.1  312.6  311.1  309.6  308.2  306.9  306.2  306.6  308  310.4  314.1  319.7  324.4  327  327.8  327.8  327.6  327.3  326.8  326.7  326.9  326.9  
316.9  315.3  313.6  311.9  310.2  308.5  306.8  305.2  304.3  304.4  305.7  307.9  311.8  317.5  322.4  324.9  325.5  325.4  325.3  325.1  324.6  324.4  324.9  325.1  
317  315.4  313.8  312.2  310.6  308.9  307.4  305.9  305.1  305.3  306.7  308.9  312.7  318.4  323.2  325.7  326.4  326.4  326.2  326.2  326  325.8  325.8  325.6  
316.9  315.2  313.4  311.6  309.7  307.9  306.1  304.3  303.3  303.4  304.5  306.6  310.5  316.4  321.4  323.8  324.4  324.2  323.9  323.5  322.9  322.5  322.5  322.2  
