317.3  317.5  319.1  322  324.9  326.7  327.6  327.6  327.5  327.6  327.3  326.7  325.8  325.5  325.2  324.8  
317.4  317.8  319.6  322.6  325.7  327.7  328.7  328.8  328.7  328.4  327.8  327.4  326.8  326.3  326.4  326.6  
317.2  317.2  318.8  321.6  324.4  326.1  326.9  326.8  326.4  326.2  325.8  325.3  324.5  324.1  324.2  324.2  
317.5  317.9  319.7  322.9  326  328  329.1  329.3  329.2  328.9  328.2  327.8  327.3  326.8  326.9  327.2  
317.3  317.5  319.1  322.1  325  326.8  327.7  327.7  327.5  327.5  326.8  326  325.4  324.8  324.9  325.1  
317.5  317.9  319.8  322.9  326  328.1  329.3  329.4  329.4  329  328.6  328.5  328.1  327.8  327.7  327.8  
317.4  317.6  319.3  322.3  325.3  327.3  328.2  328.2  327.9  327.5  326.9  325.9  324.9  323.7  323.2  323.5  
317.2  317.2  318.6  321.4  324.2  325.9  326.6  326.4  326.3  326.2  325.6  325.2  324.4  323.9  323.9  323.8  
317.2  317.1  318.5  321.3  324  325.6  326.3  326.1  326.2  326.3  325.7  325.3  324.4  323.9  324.3  324.6  
317.1  316.9  318.3  320.9  323.6  325.2  325.8  325.5  325.6  325.6  325  324.6  323.6  323.1  323.5  323.9  
317.2  317.1  318.5  321.2  323.9  325.6  326.2  326  326  326.1  325.6  325.2  324.3  323.8  323.6  323.4  
317.4  317.6  319.3  322.3  325.3  327.2  328.2  328.2  327.8  327.5  327  326  325  324  323.6  323.9  
317.5  317.9  319.9  323  326.2  328.4  329.5  329.7  329.6  329  328.7  328.6  328.3  327.9  327.8  328  
317.3  317.3  318.9  321.8  324.6  326.4  327.2  327.2  326.7  326.4  326  325.2  324.1  322.8  321.8  320.6  
317.1  316.9  318.2  320.9  323.5  325.1  325.6  325.3  325.3  325.3  325  324.8  324.1  323.8  323.8  322.9  
317.2  317  318.3  321  323.7  325.3  325.9  325.6  325.7  325.7  325.5  325.4  324.7  324.3  324.2  323.7  
317.4  317.7  319.5  322.6  325.6  327.6  328.6  328.7  328.5  328.2  327.4  326.5  325.7  325.4  325.6  326  
317.5  317.9  319.9  323  326.2  328.4  329.5  329.7  329.6  329  328.7  328.6  328.3  327.9  327.8  328  
317.3  317.3  318.9  321.8  324.6  326.4  327.2  327.2  326.7  326.4  326  325.2  324.1  322.8  321.8  320.6  
317.2  317.2  318.6  321.4  324.2  325.9  326.6  326.4  326.3  326.2  325.6  325.2  324.4  323.9  323.9  323.8  
