317  315.5  313.9  312.4  310.8  309.2  307.7  306.3  305.5  305.9  307.2  309.5  313.3  318.9  323.7  326.2  327  327  326.8  326.4  325.9  325.3  325  324.9  
317  315.4  313.8  312.1  310.5  308.8  307.2  305.8  304.9  305.1  306.4  308.7  312.6  318.3  323.1  325.6  326.3  326.3  326.3  325.9  325.8  325.7  325.7  325.7  
317  315.4  313.8  312.1  310.5  308.8  307.2  305.7  304.9  305.1  306.4  308.7  312.5  318.2  323  325.5  326.2  326.2  326  325.6  325.7  326  326.1  325.8  
317  315.5  313.9  312.3  310.7  309.1  307.6  306.2  305.4  305.7  307  309.3  313.1  318.8  323.6  326.1  326.8  326.8  326.6  326.1  326  325.7  325.3  325.2  
317  315.6  314.1  312.6  311.1  309.6  308.2  306.9  306.1  306.5  307.9  310.2  314  319.6  324.3  326.9  327.7  327.7  327.5  327.1  326.8  326.4  326.2  326.2  
316.9  315.3  313.7  312  310.3  308.7  307  305.5  304.6  304.8  306.1  308.3  312.2  317.9  322.8  325.2  325.9  325.9  325.8  325.5  325.3  325.2  325.2  325.6  
317  315.6  314.1  312.6  311.1  309.6  308.2  306.9  306.2  306.6  308  310.3  314.1  319.7  324.4  327  327.8  327.8  327.6  327.1  326.8  326.4  326.3  326.3  
316.9  315.3  313.6  311.9  310.2  308.4  306.7  305.1  304.2  304.3  305.5  307.7  311.6  317.3  322.2  324.6  325.3  325.3  325.1  324.6  324.2  324.4  324.5  324.3  
316.9  315.3  313.6  311.9  310.1  308.4  306.6  305.1  304.1  304.2  305.4  307.6  311.5  317.3  322.2  324.6  325.3  325.3  325.2  325  324.7  324.4  324.2  324.1  
316.9  315.3  313.7  311.9  310.2  308.5  306.9  305.3  304.3  304.6  305.8  308  311.9  317.6  322.5  324.9  325.6  325.6  325.4  325.1  324.9  324.8  324.9  324.8  
317  315.5  314  312.5  310.9  309.4  307.9  306.5  305.8  306.1  307.5  309.8  313.6  319.2  324  326.5  327.3  327.3  327.1  326.7  326.3  325.8  325.4  325.3  
317  315.7  314.3  312.9  311.5  310.2  308.9  307.7  307.2  307.7  309.3  311.6  315.4  320.8  325.5  328.1  328.9  328.9  328.9  328.8  328.8  328.4  327.9  328  
317  315.6  314.2  312.7  311.2  309.8  308.4  307.2  306.5  307  308.5  310.9  314.6  320.1  324.8  327.4  328.2  328.2  328.1  327.9  327.9  327.8  327.5  327.5  
317  315.6  314.2  312.7  311.2  309.8  308.5  307.2  306.6  307.1  308.6  311  314.7  320.2  324.9  327.5  328.3  328.3  328.2  328  328  327.9  327.6  327.6  
317  315.6  314.2  312.8  311.3  309.9  308.5  307.3  306.7  307.2  308.7  311.1  314.8  320.3  325  327.5  328.4  328.4  328.3  328.1  328.1  327.9  327.6  327.6  
317  315.4  313.9  312.2  310.6  309  307.4  306  305.1  305.4  306.7  309  312.8  318.5  323.3  325.8  326.5  326.5  326.3  325.8  325.7  325.6  325.3  325.2  
317  315.7  314.3  312.9  311.5  310.2  308.9  307.7  307.2  307.7  309.3  311.6  315.4  320.8  325.5  328.1  328.9  328.9  328.9  328.8  328.8  328.4  327.9  328  
317  315.6  314.1  312.6  311.1  309.6  308.3  307  306.3  306.8  308.2  310.6  314.3  319.9  324.6  327.1  328  328  327.8  327.5  327.4  327.3  327.2  327.2  
316.9  315.3  313.7  311.9  310.2  308.5  306.9  305.3  304.3  304.6  305.8  308  311.9  317.6  322.5  324.9  325.6  325.6  325.4  325.1  324.9  324.8  324.9  324.9  
316.9  315.3  313.7  312  310.3  308.7  307  305.5  304.6  304.8  306.1  308.3  312.2  317.9  322.8  325.2  325.9  325.9  325.8  325.5  325.3  325  324.8  324.4  
