317.4  317.8  319.7  322.8  325.8  327.9  329  329.1  328.7  327.9  327.7  327.6  327.1  327.1  326.8  325.7  
317.3  317.5  319.2  322.2  325.1  327.1  328  328  327.6  327.5  327.3  327.5  327.8  327.6  326.8  326  
317.4  317.6  319.4  322.4  325.4  327.4  328.4  328.5  328.3  328.1  327.8  327.9  328.3  327.9  326.9  326  
317.4  317.6  319.3  322.3  325.2  327.2  328.1  328.1  327.8  327.1  326.6  326.9  327.2  326.8  325.9  325.2  
317.5  317.9  319.8  322.9  326  328.1  329.3  329.4  328.9  328.3  328.5  328.4  327.8  327.3  326.4  325  
317.6  318.2  320.3  323.6  326.8  329.1  330.3  330.7  330.4  329.9  329.9  329.7  329.1  328.7  328.1  327.3  
317.5  318  319.9  323.1  326.2  328.4  329.6  329.8  329.5  328.7  328.5  328.3  327.4  326.9  325.9  324.9  
317.5  317.9  319.7  322.9  326  328.1  329.2  329.4  329.3  329.1  328.4  327.6  327.2  326.7  325.6  324.2  
317.7  318.4  320.6  323.9  327.3  329.7  330.9  331.3  331.1  330.5  330  329.6  329.4  329.3  328.9  328.6  
317.7  318.4  320.6  323.9  327.3  329.6  330.9  331.3  331  330.5  330  329.6  329.4  329.2  328.9  328.5  
317.6  318.2  320.3  323.6  326.9  329.2  330.4  330.8  330.4  329.9  329.9  329.7  329  328.8  328.3  327.6  
317.5  318.1  320.1  323.3  326.5  328.7  329.9  330.2  329.9  329.4  329.3  329  328.3  327.8  327  326  
317.4  317.7  319.5  322.6  325.6  327.7  328.7  328.8  328.4  327.7  327.4  327.6  327.4  327.1  326.4  325.4  
317.6  318.3  320.4  323.7  327  329.4  330.6  331  330.7  330.1  329.9  329.7  329.2  329  328.5  328  
317.4  317.6  319.4  322.4  325.4  327.4  328.4  328.4  328  327.3  327.2  327.6  327.7  327.4  326.5  325.6  
317.6  318.3  320.5  323.8  327.1  329.4  330.6  331  330.7  330.1  329.9  329.7  329.1  329  328.6  328.1  
317.5  318.1  320.1  323.3  326.5  328.7  329.9  330.2  329.9  329.2  329.1  328.8  327.9  327.4  326.6  325.7  
317.5  318  319.9  323.1  326.2  328.4  329.6  329.8  329.5  328.7  328.5  328.3  327.4  326.9  325.9  324.9  
317.4  317.7  319.5  322.6  325.6  327.7  328.7  328.8  328.4  327.7  327.5  327.7  327.5  327.2  326.5  325.2  
317.3  317.5  319.2  322.2  325.1  327  327.9  327.9  327.5  326.7  326.4  326.6  326.8  326.6  325.8  325  
