317.3  317.5  319.2  322.2  325.1  327  327.9  327.9  327.4  327.2  327.5  327.3  326.2  325.8  325.4  324.9  
317.4  317.7  319.4  322.5  325.5  327.4  328.5  328.5  328.1  327.6  327.7  327.8  327.4  327.5  327  326.5  
317.3  317.3  318.9  321.8  324.7  326.5  327.3  327.2  326.6  326.3  326.5  325.8  325.1  324.7  323.7  323  
317.3  317.4  319  322  324.8  326.7  327.5  327.5  326.9  326.5  326.4  325.7  324.9  324.3  323.1  322.3  
317.3  317.4  319.1  322  325  326.8  327.7  327.7  327.2  326.9  326.9  326.1  325.1  324.7  323.9  323.2  
317.4  317.6  319.4  322.4  325.4  327.4  328.4  328.4  328  327.8  328.2  327.8  327.1  327  326.4  325.8  
317.3  317.5  319.2  322.1  325  326.9  327.8  327.8  327.3  327.1  327.3  326.9  325.8  325.4  324.9  324.4  
317.3  317.3  318.8  321.7  324.5  326.3  327.1  327  326.4  326  326  325.4  324.7  324.4  323.4  322.7  
317.4  317.6  319.3  322.3  325.3  327.2  328.2  328.2  327.7  327.6  328  327.7  327.1  327  326.2  325.7  
317.3  317.4  319  321.9  324.7  326.6  327.4  327.4  326.8  326.7  326.8  325.9  325.1  324.8  324.3  324  
317.4  317.7  319.5  322.5  325.5  327.5  328.6  328.6  328.2  328.2  328  326.8  326.4  326.6  325.9  325.4  
317.3  317.5  319.3  322.2  325.2  327.1  328  328  327.5  327.4  327.7  328  327.6  327.4  326.7  326.2  
317.5  318.1  320.1  323.4  326.6  328.8  330  330.3  330.1  329.7  329.2  329  328.5  328.3  327.9  327.3  
317.5  318.1  320.1  323.3  326.6  328.8  330  330.3  330.1  329.7  329.1  328.9  328.8  328.9  328.6  328.3  
317.5  317.9  319.8  322.9  326  328.1  329.2  329.4  329.1  328.5  328.5  328.9  328.8  328.7  328.5  328.1  
317.5  317.9  319.8  323  326.1  328.2  329.3  329.5  329.2  328.6  328.6  329.1  328.9  328.8  329  328.9  
317.4  317.8  319.6  322.7  325.7  327.7  328.8  328.9  328.5  328.5  328.2  327.2  326.7  326.9  326.3  325.9  
317.5  318  319.9  323.1  326.3  328.4  329.6  329.8  329.6  329  328.8  329  328.7  328.6  328.7  328.6  
317.5  318  320  323.2  326.3  328.5  329.7  329.9  329.7  329.2  329.1  329.2  329.1  329.1  329.5  329.6  
317.4  317.8  319.6  322.7  325.8  327.8  328.9  329  328.6  328.4  328.3  327.8  327.5  327.5  327.3  326.9  
