317  315.5  314  312.5  311  309.5  308.1  306.7  306  306.4  307.8  310.2  313.9  319.5  324.2  326.8  327.5  327.5  327.5  327.2  327.3  327.3  327.1  326.8  
317  315.5  314  312.5  310.9  309.4  308  306.6  305.9  306.3  307.6  310  313.8  319.4  324.1  326.6  327.4  327.4  327.3  327  327.1  327.1  326.9  326.8  
316.9  315.4  313.8  312.1  310.4  308.8  307.1  305.6  304.8  305  306.3  308.5  312.3  318  322.9  325.3  326  326  325.8  325.6  325.6  325.3  325.2  325.3  
317  315.4  313.8  312.1  310.5  308.9  307.3  305.8  304.9  305.2  306.5  308.7  312.5  318.2  323.1  325.5  326.2  326.2  326  325.7  325.7  325.3  324.5  324.1  
316.9  315.2  313.5  311.7  309.9  308.1  306.4  304.7  303.7  303.9  305.1  307.2  311.1  316.9  321.8  324.3  324.9  324.8  324.6  324.3  324.3  324.5  324.1  323.5  
317  315.4  313.7  312  310.2  308.5  306.8  305.2  304.3  304.5  305.7  307.9  311.7  317.5  322.3  324.8  325.4  325.4  325.3  325  325.2  325.3  324.5  323.9  
316.9  315.4  313.7  311.9  310.2  308.4  306.7  305.1  304.2  304.3  305.5  307.7  311.6  317.3  322.2  324.6  325.3  325.3  325.1  324.8  325  325.2  324.5  323.9  
316.9  315.3  313.6  311.8  310  308.3  306.5  304.9  303.9  304.1  305.2  307.4  311.3  317.1  322  324.4  325  325  324.8  324.5  324.7  324.8  324.2  323.6  
317  315.6  314.2  312.7  311.2  309.8  308.5  307.2  306.6  307  308.4  310.8  314.5  320.1  324.8  327.3  328.1  328.1  328  327.7  327.8  327.9  327.8  327.4  
317  315.6  314.2  312.7  311.3  309.9  308.5  307.3  306.6  307.1  308.5  310.9  314.6  320.1  324.8  327.4  328.2  328.2  328.1  327.8  327.9  328.1  327.9  327.5  
317  315.5  313.9  312.4  310.8  309.2  307.7  306.4  305.6  305.9  307.2  309.6  313.3  319  323.8  326.3  327  327  326.8  326.6  326.7  326.6  325.9  325.3  
317  315.4  313.7  312  310.3  308.6  307  305.4  304.5  304.7  305.9  308.2  312  317.7  322.6  325  325.7  325.7  325.5  325.2  325.2  325.2  324.5  324  
317  315.4  313.8  312  310.3  308.6  307  305.4  304.5  304.7  306  308.2  312  317.8  322.6  325  325.7  325.7  325.6  325.3  325.5  325.5  324.9  324.3  
317  315.4  313.8  312.2  310.6  309  307.5  306  305.2  305.5  306.8  309.1  312.9  318.6  323.4  325.8  326.6  326.6  326.3  326  326  326  325.4  324.8  
317  315.6  314.1  312.6  311.1  309.7  308.2  307  306.3  306.7  308.1  310.4  314.2  319.8  324.5  327  327.8  327.8  327.7  327.4  327.4  327.4  327.3  326.9  
317  315.5  314  312.4  310.9  309.4  307.9  306.5  305.8  306.1  307.5  309.9  313.6  319.3  324  326.5  327.3  327.3  327.2  326.9  327  327  326.9  326.8  
317  315.7  314.3  312.9  311.5  310.1  308.8  307.6  307  307.5  309  311.3  315  320.5  325.2  327.8  328.6  328.6  328.5  328.1  328.3  328.6  328.5  328.4  
317  315.5  313.9  312.3  310.7  309.2  307.6  306.2  305.5  305.8  307.1  309.4  313.2  318.9  323.7  326.2  326.9  326.9  326.7  326.4  326.6  326.5  325.8  325.2  
317  315.7  314.2  312.8  311.4  310.1  308.7  307.5  306.9  307.4  308.9  311.2  314.9  320.4  325.1  327.7  328.5  328.5  328.4  328  328.1  328.3  328.3  328.3  
317  315.4  313.8  312.2  310.6  309  307.4  306  305.2  305.4  306.8  309  312.9  318.5  323.3  325.8  326.5  326.5  326.3  326  325.9  325.9  325.3  324.8  
