317.7  316.6  316.3  316.7  317.3  318  319.4  321.2  322.7  323.9  324.9  325.7  326.3  326.4  326.3  326  325.8  325.5  
317.6  316.4  316  316.2  316.6  317.2  318.5  320.2  321.6  322.7  323.6  324.3  324.7  324.7  324.5  324.3  324.3  324.5  
317.7  316.6  316.3  316.6  317.2  317.9  319.2  321  322.5  323.7  324.7  325.5  326  326.1  326  326  326  325.8  
317.6  316.5  316  316.3  316.7  317.3  318.6  320.4  321.8  322.9  323.8  324.6  325  325  324.8  324.7  324.6  324.5  
317.7  316.5  316.2  316.6  317.1  317.7  319.1  320.9  322.3  323.5  324.5  325.3  325.8  325.9  325.8  325.7  325.4  324.9  
317.6  316.5  316.1  316.3  316.8  317.4  318.7  320.5  321.9  323  324  324.7  325.2  325.2  325  324.9  324.7  324.3  
317.6  316.4  315.9  316.1  316.5  317.1  318.3  320  321.4  322.5  323.3  324.1  324.4  324.4  324.2  324  324.4  324.3  
317.6  316.4  316  316.3  316.7  317.3  318.6  320.3  321.7  322.8  323.7  324.5  324.9  324.9  324.7  324.5  324.3  323.8  
317.6  316.4  315.9  316.1  316.4  316.9  318.2  319.9  321.3  322.3  323.2  323.9  324.2  324.2  323.9  323.6  324.1  324.1  
317.6  316.3  315.8  316  316.3  316.8  318.1  319.8  321.1  322.2  323  323.7  324  324  323.7  323.3  323.8  324  
317.6  316.5  316.1  316.4  316.9  317.6  318.9  320.7  322.1  323.2  324.2  325  325.5  325.5  325.4  325.3  325  324.1  
317.6  316.3  315.8  315.9  316.2  316.7  317.9  319.6  320.9  322  322.8  323.4  323.7  323.7  323.3  322.9  323.5  323.6  
317.7  316.7  316.4  316.8  317.4  318.2  319.6  321.4  322.9  324.1  325.1  326  326.6  326.7  326.6  326.4  326.6  326.2  
317.7  316.7  316.5  316.9  317.6  318.3  319.8  321.6  323.1  324.4  325.5  326.3  326.9  327.1  327.1  326.9  327  326.8  
317.7  316.8  316.6  317.1  317.8  318.6  320.1  322  323.5  324.9  326  326.9  327.5  327.7  327.7  327.5  327.7  327.6  
317.8  316.9  316.8  317.3  318.1  318.9  320.4  322.3  323.9  325.3  326.5  327.4  328.1  328.3  328.3  328.1  328.2  328.2  
317.8  316.9  316.8  317.3  318.1  318.9  320.4  322.3  323.9  325.3  326.5  327.4  328.1  328.3  328.3  328.1  328.2  328.2  
317.7  316.8  316.6  317.1  317.8  318.6  320.1  321.9  323.5  324.8  325.9  326.8  327.4  327.6  327.6  327.4  327.5  327.3  
317.6  316.3  315.8  315.9  316.3  316.7  317.9  319.6  320.9  322  322.8  323.4  323.7  323.7  323.3  322.9  323.5  323.6  
317.7  316.7  316.5  316.9  317.6  318.3  319.8  321.6  323.1  324.4  325.5  326.3  326.9  327.1  327.1  326.8  327  326.8  
