317.3  317.5  319.2  322.1  325  327  327.9  327.9  327.5  326.9  326.8  326.5  325.9  325.8  325.3  324.5  
317.4  317.6  319.3  322.3  325.3  327.3  328.3  328.3  327.9  327.3  327.2  327.4  327.3  327.3  326.7  325.5  
317.4  317.8  319.7  322.8  325.9  327.9  329  329.2  328.9  328.2  328  327.6  327  326.8  326  325.1  
317.4  317.8  319.6  322.7  325.7  327.8  328.8  329  328.9  328.5  328.3  328  327.4  327.2  326.6  325.6  
317.3  317.5  319.2  322.2  325.2  327.1  328.1  328.1  327.7  327  326.9  327.3  327.3  327.2  326.4  325.2  
317.5  317.9  319.8  323  326.1  328.2  329.4  329.6  329.3  328.7  328.4  328  327.5  327.2  326.5  325.7  
317.5  317.9  319.9  323  326.2  328.3  329.5  329.7  329.5  329.5  329.7  329.4  329  328.8  328.2  327.4  
317.4  317.7  319.4  322.5  325.5  327.5  328.5  328.6  328.4  327.9  327.7  327.7  327.4  327.1  326.2  325.1  
317.3  317.4  319  321.9  324.8  326.7  327.5  327.5  326.9  326.3  326.1  326.3  326.6  326.2  325.1  324.5  
317.4  317.8  319.7  322.8  325.9  328  329.1  329.3  329.1  328.5  328.2  327.9  327.2  326.9  326.1  325.2  
317.2  317  318.4  321.1  323.8  325.4  326.1  326  325.5  325.2  325.2  325.3  325.6  325  323.5  322.9  
317.3  317.3  318.8  321.7  324.5  326.3  327.1  327.1  326.4  325.7  325.5  325.8  326.1  325.7  324.5  323.8  
317.2  317  318.5  321.2  323.9  325.6  326.3  326.2  325.4  324.7  324.5  324.6  325  324.4  322.8  322.1  
317.2  317.2  318.7  321.6  324.4  326.1  326.9  326.9  326.1  325.4  325.2  325.4  325.8  325.3  323.9  323.3  
317.2  317.1  318.5  321.3  324.1  325.8  326.5  326.4  325.6  324.8  324.5  324.7  325.2  324.5  322.7  321.9  
317.2  317  318.3  321  323.7  325.4  326  325.8  324.8  324  323.8  324  324.5  323.8  321.9  321.1  
317.3  317.4  319  321.9  324.7  326.6  327.4  327.4  326.8  326.1  325.9  326.1  326.4  326  324.8  324.2  
317.2  317.1  318.6  321.4  324.1  325.9  326.6  326.6  326.4  326.1  326  326.2  326.4  325.9  324.6  324.1  
317.5  318  319.9  323.1  326.2  328.4  329.6  329.8  329.7  329.7  329.8  329.4  329  328.7  328.3  327.5  
317.4  317.7  319.4  322.5  325.5  327.5  328.6  328.6  328.3  327.8  327.7  327.8  327.7  327.4  326.7  325.6  
