317.6  316.5  316.1  316.4  316.9  317.5  318.8  320.6  322  323.2  324.1  324.9  325.4  325.4  325.3  324.9  324.3  323.5  
317.7  316.6  316.4  316.8  317.3  318.1  319.5  321.3  322.8  324  325  325.8  326.4  326.5  326.4  326  325.5  324.8  
317.7  316.6  316.3  316.6  317.2  317.9  319.3  321  322.5  323.7  324.7  325.5  326  326.1  326  325.8  325.3  325.2  
317.7  316.6  316.2  316.6  317.1  317.9  319.2  321  322.5  323.6  324.6  325.4  325.9  326  325.9  325.7  325.1  325  
317.6  316.4  316  316.3  316.7  317.4  318.7  320.5  321.9  323  324  324.8  325.2  325.2  325.2  325.1  324.9  324.6  
317.6  316.5  316.1  316.4  317  317.7  319  320.8  322.3  323.4  324.4  325.2  325.7  325.7  325.7  325.5  325.2  324.6  
317.6  316.3  315.8  316  316.4  317.1  318.4  320.1  321.4  322.5  323.4  324.1  324.5  324.5  324.4  324.4  324.3  323.9  
317.6  316.4  315.9  316.1  316.6  317.2  318.5  320.2  321.6  322.7  323.6  324.4  324.8  324.8  324.7  324.7  324.6  324.2  
317.6  316.4  315.9  316.2  316.6  317.2  318.5  320.2  321.6  322.7  323.6  324.4  324.8  324.8  324.7  324.7  324.4  323.6  
317.6  316.3  315.8  316  316.4  317  318.2  319.9  321.3  322.4  323.2  323.9  324.3  324.3  324.2  324.2  323.8  323.1  
317.7  316.5  316.2  316.5  317  317.7  319  320.8  322.2  323.4  324.4  325.2  325.7  325.7  325.6  325.2  324.6  323.7  
317.8  316.9  316.7  317.3  317.9  318.8  320.3  322.2  323.8  325.2  326.3  327.3  327.9  328.2  328.2  328.1  327.9  327.7  
317.7  316.8  316.6  317.1  317.8  318.6  320.1  321.9  323.5  324.8  325.9  326.8  327.5  327.7  327.7  327.5  327.5  327.2  
317.7  316.7  316.5  316.9  317.6  318.4  319.8  321.6  323.2  324.5  325.5  326.4  327  327.2  327.2  327  326.9  326.6  
317.7  316.8  316.6  317.1  317.7  318.6  320  321.9  323.5  324.8  325.8  326.7  327.4  327.6  327.6  327.4  327.4  327.1  
317.7  316.7  316.4  316.8  317.4  318.2  319.6  321.4  323  324.2  325.2  326.1  326.7  326.8  326.8  326.6  326.5  326.4  
317.8  316.9  316.7  317.3  318  318.8  320.3  322.2  323.8  325.2  326.3  327.3  328  328.2  328.2  328.1  328  327.7  
317.7  316.8  316.5  317  317.6  318.4  319.8  321.7  323.2  324.5  325.5  326.4  327  327.2  327.2  327  326.9  326.6  
317.7  316.7  316.4  316.8  317.4  318.2  319.6  321.4  322.9  324.2  325.2  326.1  326.7  326.8  326.8  326.6  326.5  326.2  
317.7  316.6  316.3  316.7  317.3  318  319.4  321.2  322.7  323.9  324.9  325.7  326.3  326.4  326.3  326.1  325.6  325.3  
