317.3  317.6  319.3  322.3  325.3  327.2  328.2  328.2  327.7  327.4  327.5  327.9  327.5  326.4  325.1  324.1  
317.5  318  320  323.2  326.4  328.6  329.8  330  329.8  329.4  329.3  329.6  329.3  328.5  327.8  326.7  
317.4  317.7  319.6  322.6  325.7  327.7  328.7  328.8  328.6  328.3  328.3  328.6  328.6  328.1  327  326.2  
317.5  318.1  320.1  323.3  326.5  328.8  330  330.3  330  329.5  329.2  329.5  329.2  328.3  327.4  326.1  
317.4  317.8  319.6  322.7  325.7  327.8  328.9  329  328.6  328.2  328.1  328.5  328.1  327.1  326  324.8  
317.3  317.3  318.8  321.7  324.5  326.3  327.1  327  326.2  325.9  326.5  326.9  326.3  324.9  323.6  322.1  
317.3  317.3  318.9  321.8  324.6  326.4  327.2  327.2  326.3  325.8  326.1  326.6  326  325.6  325  323.4  
317.2  317.1  318.6  321.4  324.1  325.8  326.5  326.4  325.7  324.8  324.6  324.8  324  323.6  323.3  322.7  
317.5  318.1  320.1  323.4  326.6  328.9  330.1  330.4  330.2  329.7  329.4  329.6  329.3  328.5  327.5  326.3  
317.4  317.8  319.7  322.9  325.9  328  329.2  329.3  329  328.7  328.8  329.3  328.9  328.1  327.4  326.5  
317.3  317.5  319.2  322.2  325.1  327  327.9  327.9  327.5  327.2  327.4  327.9  327.8  326.9  325.6  324.2  
317.4  317.6  319.4  322.5  325.5  327.4  328.5  328.5  328.2  327.9  327.9  328.2  328.2  327.5  326.4  325.7  
317.2  317.2  318.7  321.6  324.3  326.1  326.8  326.7  325.9  325.5  325.6  325.7  325.1  324.5  324  322.5  
317.2  317.1  318.5  321.3  324.1  325.7  326.4  326.2  325.5  324.7  324.3  324.4  323.6  323.1  322.9  322.2  
317.3  317.4  319  322  324.8  326.7  327.5  327.5  326.9  326.3  326.4  326.9  326.5  325.3  323.9  322.5  
317.5  317.9  319.9  323  326.1  328.3  329.4  329.6  329.4  329.1  329  329.2  328.9  328.2  327.5  326.6  
317.3  317.4  319  322  324.8  326.7  327.5  327.5  326.9  326.3  326.4  326.9  326.5  325.3  323.9  322.5  
317.5  317.9  319.9  323  326.1  328.3  329.4  329.6  329.4  329.1  329  329.2  328.9  328.2  327.5  326.6  
317.4  317.8  319.7  322.8  325.9  328  329.1  329.2  329  328.9  328.9  329.2  329.2  328.7  327.9  327  
317.4  317.6  319.4  322.5  325.5  327.4  328.5  328.5  328.1  327.7  327.6  327.9  328.2  327.9  326.6  326  
