317.6  318.3  320.4  323.7  327  329.3  330.5  330.9  330.6  330  329.3  328.6  328  327.2  326.1  325.7  
317.6  318.3  320.5  323.8  327.1  329.4  330.7  331.1  330.8  330.2  329.6  329  328.4  327.5  326.4  326  
317.6  318.2  320.2  323.5  326.7  329  330.2  330.5  330.1  329.8  329.5  328.9  328.3  327.6  326.9  326.5  
317.5  318  319.9  323.1  326.3  328.4  329.6  329.8  329.4  329.1  329.2  328.9  328.7  328.4  328  327.8  
317.6  318.2  320.3  323.6  326.9  329.2  330.5  330.8  330.5  330  329.2  328.6  328  327  326  325.5  
317.6  318.2  320.3  323.5  326.8  329.1  330.3  330.6  330.3  329.8  329  328.2  327.5  327  326.2  325.6  
317.6  318.4  320.5  323.9  327.2  329.6  330.9  331.3  331  330.4  329.8  329.3  328.9  328  327  326.6  
317.5  317.9  319.8  322.9  326  328.1  329.2  329.4  329  328.5  328.3  327.9  327.4  327  325.8  324.9  
317.5  318  320  323.2  326.4  328.6  329.9  330.1  329.8  329.2  328.5  327.8  327.5  327.5  326.4  325.7  
317.5  318.1  320.1  323.4  326.6  328.8  330  330.3  330  329.5  329.1  328.4  328  327.5  326.7  326.2  
317.5  317.9  319.9  323  326.1  328.3  329.4  329.6  329.2  328.7  328.4  327.9  327.6  327.2  325.9  325.1  
317.4  317.8  319.6  322.6  325.6  327.7  328.7  328.9  328.5  327.8  327.5  327.2  326.7  326.1  324.9  324  
317.4  317.7  319.5  322.6  325.6  327.6  328.7  328.8  328.4  327.7  327.4  327.1  326.5  325.7  324.4  323.5  
317.4  317.8  319.7  322.8  325.9  328  329.1  329.2  328.8  328.2  327.9  327.5  327.1  326.3  325  323.9  
317.4  317.8  319.6  322.7  325.8  327.9  329  329.1  328.7  328.1  327.8  327.5  326.9  326.2  324.9  324  
317.5  318  319.9  323.1  326.3  328.4  329.6  329.8  329.4  329.2  329.4  329  328.9  328.6  328.1  327.5  
317.3  317.4  319.1  322  324.8  326.7  327.6  327.6  326.9  326.2  326  325.6  324.9  324.1  322.8  322.3  
317.3  317.5  319.1  322  324.9  326.8  327.7  327.7  327.4  327  326.7  326.4  326.1  325.4  324.6  323.9  
317.4  317.6  319.3  322.3  325.3  327.2  328.2  328.2  327.7  327  326.7  326.4  325.8  324.8  323.5  322.6  
317.4  317.6  319.4  322.4  325.3  327.3  328.3  328.3  327.8  327.1  326.8  326.5  325.9  325  323.7  322.8  
