318.5  320.9  324.4  329  333.2  336.2  337.141  337.953  338.367  338.624  338.823  338.972  339.087  339.188  339.268  339.334  
318.5  320.9  324.5  329.2  333.3  336.4  337.284  338.09  338.507  338.767  338.969  339.122  339.241  339.34  339.42  339.483  
318.5  321  324.5  329.2  333.4  336.5  337.335  338.138  338.555  338.817  339.018  339.171  339.29  339.387  339.465  339.527  
318.5  321  324.6  329.3  333.5  336.5  337.378  338.179  338.596  338.858  339.06  339.212  339.33  339.426  339.503  339.564  
318.6  321  324.6  329.3  333.5  336.6  337.404  338.203  338.62  338.883  339.085  339.236  339.353  339.448  339.524  339.584  
318.6  321  324.6  329.3  333.5  336.6  337.408  338.207  338.624  338.886  339.088  339.24  339.356  339.451  339.527  339.587  
318.6  321  324.6  329.3  333.5  336.6  337.411  338.21  338.627  338.889  339.091  339.242  339.359  339.454  339.529  339.589  
318.6  321  324.6  329.3  333.5  336.6  337.413  338.212  338.63  338.891  339.093  339.244  339.36  339.455  339.531  339.59  
318.6  321  324.6  329.3  333.5  336.6  337.416  338.215  338.632  338.893  339.094  339.246  339.362  339.457  339.532  339.591  
318.6  321  324.6  329.3  333.5  336.6  337.418  338.216  338.633  338.894  339.096  339.247  339.364  339.458  339.533  339.592  
318.6  321  324.6  329.3  333.5  336.6  337.419  338.218  338.634  338.896  339.097  339.248  339.365  339.459  339.534  339.593  
318.6  321  324.6  329.3  333.5  336.6  337.421  338.219  338.635  338.897  339.098  339.249  339.366  339.46  339.535  339.594  
318.6  321  324.6  329.3  333.5  336.6  337.422  338.22  338.636  338.898  339.099  339.25  339.367  339.461  339.536  339.594  
318.6  321  324.6  329.3  333.5  336.6  337.425  338.223  338.639  338.9  339.101  339.252  339.369  339.463  339.538  339.596  
318.6  321  324.6  329.3  333.5  336.6  337.428  338.226  338.642  338.903  339.104  339.255  339.372  339.466  339.54  339.599  
318.6  321  324.6  329.3  333.5  336.6  337.433  338.23  338.646  338.908  339.108  339.259  339.376  339.47  339.545  339.603  
318.6  321  324.6  329.3  333.5  336.6  337.403  338.202  338.619  338.882  339.084  339.236  339.353  339.448  339.524  339.584  
318.5  321  324.6  329.3  333.4  336.5  337.357  338.159  338.576  338.838  339.039  339.192  339.311  339.407  339.484  339.545  
318.5  321  324.6  329.3  333.4  336.5  337.359  338.161  338.578  338.84  339.041  339.194  339.312  339.409  339.487  339.548  
318.5  321  324.5  329.2  333.4  336.5  337.341  338.144  338.561  338.822  339.024  339.177  339.295  339.393  339.471  339.532  
