317.4  317.6  319.3  322.3  325.3  327.2  328.2  328.2  327.6  326.6  326.4  326.3  325.5  325.4  325.9  325.3  
317.4  317.7  319.5  322.6  325.6  327.6  328.7  328.8  328.3  327.3  326.7  326.2  325.7  325.8  326.1  325.6  
317.3  317.3  318.9  321.8  324.6  326.4  327.2  327.2  326.6  326.2  326.2  326.3  326.1  325.7  325.7  325.4  
317.3  317.5  319.3  322.2  325.2  327.1  328  328  327.5  326.7  326.4  326.2  325.5  325.4  325.8  325.3  
317.4  317.7  319.5  322.5  325.5  327.5  328.5  328.6  328.1  327.2  326.9  326.8  326.1  325.8  326  325.5  
317.3  317.4  319.1  322  324.9  326.8  327.6  327.6  326.9  326.2  326.3  326.3  325.4  325.1  325.5  325.2  
317.2  317  318.4  321.2  323.9  325.6  326.2  326  325.2  325.1  325.7  326.1  325.7  325  324.6  323.5  
317.2  317.2  318.7  321.5  324.3  326  326.7  326.7  325.9  325.6  326  326.3  326.1  325.7  325.6  324.9  
317.4  317.8  319.7  322.8  325.8  327.9  329  329.1  328.6  327.8  327.2  326.7  326.3  326.4  326.6  326  
317  316.5  317.6  320.1  322.6  324  324.4  324.3  323.7  323.2  322.7  322.7  322.7  321.4  320.2  319  
317  316.6  317.8  320.3  322.8  324.3  324.7  324.6  323.9  323.2  322.4  321.5  320.8  319.3  318  316.8  
317.1  316.9  318.2  320.8  323.5  325.1  325.6  325.3  324.5  323.8  323.6  323.8  323.5  323  322.8  321.9  
317.1  316.9  318.2  320.9  323.6  325.1  325.7  325.5  324.6  323.6  323  323.2  322.9  322.4  322.2  321.3  
317  316.4  317.5  319.9  322.4  323.7  324.1  323.6  322.6  321.8  320.8  320.4  320.4  320  319.8  318.7  
317.5  317.9  319.9  323  326.1  328.3  329.4  329.6  329.4  328.8  328.2  327.8  327.5  326.9  326.5  326  
317.1  316.7  317.9  320.5  323.1  324.6  325.1  324.8  323.9  323.1  322.3  322.2  322  321.5  321.4  320.6  
317  316.4  317.4  319.8  322.2  323.6  323.9  323.4  322.3  321.4  320.4  320.1  320.2  319.3  318.6  317.6  
317.5  317.9  319.9  323  326.1  328.3  329.4  329.6  329.4  328.8  328.2  327.8  327.5  326.9  326.5  326  
317.2  317  318.4  321.2  323.9  325.6  326.2  326.1  325.3  324.7  324.6  325  324.6  324  323.6  322.6  
317.2  317.2  318.7  321.5  324.3  326  326.7  326.7  325.9  325.6  326  326.4  326.2  325.9  325.8  325  
